0xf6
0x15e
0x1cb
0x1fb
0x278
0x28d
0x2ca
0x2df
0x32a
0x34b
0x40a
0x426
0x466
0x482
0x633
0x645
0x831
0x8b3
0x8f8
0x92f
0x97c
0x9c6
0x9e2
0xc15
0xc6b
0xc86
0xd16
0xd32
0xd71
0xd7e
0xd90
0xda4
0xdad
0xded
0xe2b
0xe74
0xec9
0xedc
0xf03
0xf0d
0xf1e
0xf2e
0xf53
0x1673
0x1697
0xd540x4c2
0xd540xd3e
