0x0	0x19
