0x0
0x2
0x5
0x7
0x8
0xc
0x12
0x14
0x15
0x1a
0x1c
0x1d
0x1f
0x21
0x26
0x27
0x2c
0x31
0x32
0x37
0x3c
0x3d
0x42
0x47
0x48
0x4d
0x52
0x58
0x5d
0x63
0x68
0x6e
0x73
0x78
0x7e
0x83
0x89
0x8e
0x94
0x99
0x9e
0xa4
0xa9
0xaf
0xb4
0xba
0xbf
0xc5
0xca
0xd0
0xd5
0xdb
0xe0
0xe5
0xeb
0xf0
0xf1
0xf6
0xfb
0x101
0x106
0x10c
0x111
0x117
0x11c
0x122
0x127
0x12d
0x132
0x137
0x13d
0x142
0x148
0x14d
0x153
0x158
0x15e
0x163
0x169
0x16e
0x174
0x179
0x17e
0x184
0x189
0x18a
0x18f
0x194
0x195
0x19a
0x19f
0x1a0
0x1a5
0x1aa
0x1b0
0x1b5
0x1bb
0x1c0
0x1c6
0x1cb
0x1d0
0x1d6
0x1db
0x1e1
0x1e6
0x1ec
0x1f1
0x1f6
0x1fc
0x201
0x207
0x20c
0x212
0x217
0x21d
0x222
0x228
0x22d
0x233
0x238
0x23d
0x243
0x248
0x249
0x24e
0x253
0x259
0x25e
0x264
0x269
0x26f
0x274
0x27a
0x27f
0x285
0x28a
0x28f
0x295
0x29a
0x2a0
0x2a5
0x2ab
0x2b0
0x2b6
0x2bb
0x2c1
0x2c6
0x2cc
0x2d1
0x2d7
0x2dc
0x2df
0x2e2
0x2e3
0x2e4
0x2e7
0x2e8
0x2e9
0x2ed
0x2f3
0x2f5
0x2f7
0x2f9
0x2fa
0x2fc
0x2fd
0x2ff
0x301
0x302
0x303
0x30a
0x30d
0x387
0x38a
0x38d
0x38e
0x38f
0x392
0x393
0x394
0x398
0x39e
0x3a0
0x3a2
0x3a4
0x3a5
0x3a7
0x3a8
0x3aa
0x3ac
0x3ad
0x3ae
0x3c7
0x3ca
0x3cd
0x3ce
0x3cf
0x3d2
0x3d3
0x3d4
0x3d8
0x3de
0x3df
0x3e1
0x3e3
0x3e5
0x3e6
0x3e7
0x3e8
0x3ed
0x3f0
0x407
0x40a
0x42b
0x42e
0x431
0x432
0x433
0x436
0x437
0x438
0x43c
0x442
0x444
0x446
0x448
0x449
0x44b
0x44d
0x44f
0x452
0x453
0x456
0x458
0x45a
0x45b
0x45c
0x461
0x464
0x467
0x468
0x469
0x46c
0x46d
0x46e
0x472
0x478
0x479
0x47b
0x47d
0x47f
0x480
0x481
0x482
0x487
0x48a
0x48d
0x48e
0x48f
0x492
0x493
0x494
0x498
0x49e
0x49f
0x4a4
0x4a7
0x4aa
0x4ab
0x4ac
0x4af
0x4b0
0x4b1
0x4b5
0x4bb
0x4bd
0x4bf
0x4c1
0x4c2
0x4c4
0x4c5
0x4c7
0x4c9
0x4ca
0x4cb
0x4d0
0x4d3
0x4d8
0x4db
0x4dc
0x4e0
0x4e3
0x4e7
0x4e8
0x4ea
0x4ee
0x4f1
0x4f4
0x4f5
0x4f6
0x4f9
0x4fa
0x4fb
0x4ff
0x505
0x509
0x50b
0x50e
0x50f
0x512
0x513
0x514
0x516
0x518
0x51a
0x51b
0x51c
0x520
0x526
0x528
0x52b
0x52c
0x52d
0x52e
0x532
0x538
0x53a
0x53c
0x53f
0x542
0x544
0x545
0x546
0x548
0x54a
0x54c
0x54d
0x54e
0x54f
0x553
0x55c
0x55e
0x55f
0x561
0x562
0x564
0x567
0x568
0x573
0x575
0x578
0x57a
0x57f
0x582
0x58b
0x596
0x599
0x59c
0x59d
0x59e
0x5a1
0x5a2
0x5a3
0x5a7
0x5ad
0x5af
0x5b1
0x5b3
0x5b4
0x5b6
0x5b7
0x5b9
0x5bb
0x5bc
0x5bd
0x5c2
0x5c5
0x5ca
0x5cd
0x5d2
0x5d5
0x5d8
0x5d9
0x5da
0x5dd
0x5de
0x5df
0x5e3
0x5e9
0x5ea
0x5ef
0x5f2
0x5f7
0x5fa
0x5ff
0x602
0x607
0x60a
0x60f
0x612
0x617
0x61a
0x61f
0x622
0x625
0x626
0x627
0x62b
0x62c
0x62d
0x631
0x636
0x638
0x63a
0x63c
0x63d
0x63f
0x641
0x643
0x646
0x647
0x649
0x64b
0x64e
0x64f
0x651
0x653
0x656
0x657
0x659
0x65b
0x65e
0x65f
0x662
0x664
0x667
0x668
0x669
0x66a
0x66e
0x670
0x673
0x674
0x677
0x678
0x679
0x67b
0x67d
0x67f
0x680
0x681
0x685
0x68b
0x68d
0x690
0x691
0x692
0x693
0x697
0x69d
0x69f
0x6a1
0x6a4
0x6a7
0x6a9
0x6aa
0x6ab
0x6ad
0x6af
0x6b1
0x6b2
0x6b3
0x6b4
0x6b8
0x6c1
0x6c3
0x6c4
0x6c8
0x6c9
0x6ca
0x6cc
0x6cd
0x6cf
0x6d2
0x6d3
0x6de
0x6e0
0x6e7
0x6ea
0x6f4
0x6f7
0x6fa
0x6fe
0x700
0x702
0x704
0x705
0x706
0x70a
0x710
0x712
0x715
0x716
0x717
0x718
0x71c
0x722
0x724
0x726
0x729
0x72c
0x72e
0x72f
0x730
0x732
0x734
0x736
0x737
0x738
0x739
0x73d
0x746
0x748
0x749
0x74d
0x74e
0x74f
0x751
0x752
0x754
0x757
0x758
0x763
0x765
0x76c
0x76f
0x778
0x783
0x786
0x78b
0x78e
0x791
0x792
0x793
0x796
0x797
0x798
0x79c
0x7a2
0x7a3
0x7a5
0x7a7
0x7a9
0x7aa
0x7ab
0x7ac
0x7b1
0x7b4
0x7b7
0x7b8
0x7b9
0x7bc
0x7bd
0x7be
0x7c2
0x7c8
0x7c9
0x7cb
0x7cd
0x7cf
0x7d0
0x7d1
0x7d2
0x7d7
0x7da
0x7dd
0x7de
0x7df
0x7e2
0x7e3
0x7e4
0x7e8
0x7ee
0x7ef
0x7f1
0x7f3
0x7f5
0x7f6
0x7f7
0x7f8
0x7fd
0x800
0x805
0x808
0x80b
0x80c
0x80d
0x810
0x811
0x812
0x816
0x81c
0x81d
0x81f
0x821
0x823
0x824
0x825
0x826
0x82b
0x82e
0x833
0x836
0x83b
0x83e
0x841
0x842
0x843
0x846
0x847
0x848
0x84c
0x852
0x853
0x855
0x857
0x859
0x85a
0x85b
0x85c
0x861
0x864
0x867
0x868
0x869
0x86c
0x86d
0x86e
0x872
0x878
0x879
0x87b
0x87d
0x87f
0x880
0x881
0x882
0x887
0x88a
0x88f
0x892
0x895
0x896
0x897
0x89a
0x89b
0x89c
0x8a0
0x8a6
0x8a8
0x8aa
0x8ac
0x8ad
0x8af
0x8b0
0x8b2
0x8b4
0x8b5
0x8b6
0x8bb
0x8be
0x8c1
0x8c2
0x8c3
0x8c6
0x8c7
0x8c8
0x8cc
0x8d2
0x8d4
0x8d6
0x8d8
0x8d9
0x8db
0x8dc
0x8de
0x8e0
0x8e1
0x8e2
0x8e7
0x8ea
0x8ed
0x8ee
0x8ef
0x8f2
0x8f3
0x8f4
0x8f8
0x8fe
0x8ff
0x901
0x903
0x905
0x906
0x907
0x908
0x90d
0x910
0x915
0x918
0x91d
0x920
0x923
0x924
0x925
0x928
0x929
0x92a
0x92e
0x934
0x935
0x93a
0x93d
0x940
0x941
0x942
0x945
0x946
0x947
0x94b
0x951
0x953
0x956
0x958
0x959
0x95b
0x95d
0x95f
0x960
0x961
0x965
0x96b
0x96d
0x970
0x971
0x972
0x973
0x977
0x97d
0x97f
0x981
0x984
0x987
0x989
0x98a
0x98b
0x98d
0x98f
0x991
0x992
0x993
0x994
0x998
0x9a1
0x9a3
0x9a4
0x9a6
0x9a7
0x9a9
0x9ac
0x9ad
0x9b8
0x9ba
0x9bd
0x9bf
0x9c4
0x9c7
0x9d0
0x9db
0x9de
0x9e1
0x9e2
0x9e3
0x9e6
0x9e7
0x9e8
0x9ec
0x9f2
0x9f3
0x9f5
0x9f7
0x9f9
0x9fa
0x9fb
0x9fc
0xa01
0xa04
0xa09
0xa0c
0xa0f
0xa10
0xa11
0xa14
0xa15
0xa16
0xa1a
0xa1f
0xa21
0xa23
0xa25
0xa26
0xa28
0xa29
0xa2b
0xa2e
0xa2f
0xa32
0xa34
0xa37
0xa38
0xa3b
0xa3c
0xa3d
0xa3f
0xa41
0xa43
0xa44
0xa45
0xa49
0xa4f
0xa51
0xa54
0xa55
0xa56
0xa57
0xa5b
0xa61
0xa63
0xa65
0xa68
0xa6b
0xa6d
0xa6e
0xa6f
0xa71
0xa73
0xa75
0xa76
0xa77
0xa78
0xa7c
0xa85
0xa87
0xa88
0xa8a
0xa8b
0xa8d
0xa90
0xa91
0xa9c
0xa9e
0xaa1
0xaa3
0xaa8
0xaab
0xab4
0xabf
0xac2
0xac5
0xac6
0xac7
0xaca
0xacb
0xacc
0xad0
0xad6
0xad7
0xad9
0xadb
0xadd
0xade
0xadf
0xae0
0xae5
0xae8
0xaeb
0xaec
0xaed
0xaf0
0xaf1
0xaf2
0xaf6
0xafc
0xafe
0xb00
0xb02
0xb03
0xb05
0xb07
0xb09
0xb0b
0xb0c
0xb0d
0xb0e
0xb13
0xb16
0xb1b
0xb1e
0xb23
0xb26
0xb2b
0xb2e
0xb33
0xb35
0xb36
0xb38
0xb39
0xb3a
0xb3e
0xb41
0xb42
0xb46
0xb48
0xb4b
0xb4d
0xb50
0xb52
0xb54
0xb57
0xb59
0xb5c
0xb5d
0xb5f
0xb68
0xb6b
0xb6e
0xb72
0xb73
0xb75
0xb79
0xb7c
0xb81
0xb83
0xb84
0xb86
0xb88
0xb8a
0xb8b
0xb8e
0xb90
0xb91
0xb92
0xb93
0xb97
0xb9a
0xb9b
0xb9f
0xba1
0xba4
0xba6
0xba9
0xbab
0xbad
0xbb0
0xbb2
0xbb8
0xbba
0xbbb
0xbbe
0xbc1
0xbc5
0xbc6
0xbc8
0xbcc
0xbcf
0xbd0
0xbd4
0xbd6
0xbd8
0xbda
0xbdb
0xbde
0xbe0
0xbe2
0xbeb
0xbee
0xbef
0xbf2
0xbf3
0xbf5
0xbf7
0xbf9
0xbfb
0xbfc
0xbff
0xc02
0xc03
0xc04
0xc05
0xc08
0xc0c
0xc0f
0xc12
0xc14
0xc16
0xc18
0xc1f
0xc27
0xc2b
0xc2c
0xc31
0xc33
0xc34
0xc38
0xc3d
0xc3e
0xc3f
0xc43
0xc45
0xc47
0xc82
0xc84
0xc87
0xc8a
0xc91
0xca0
0xca2
0xca3
0xca5
0xca6
0xca7
0xcab
0xcae
0xcaf
0xcb3
0xcb5
0xcb8
0xcba
0xcbd
0xcbf
0xcc1
0xcc4
0xcc6
0xcc9
0xcca
0xccc
0xcd5
0xcd8
0xcdb
0xcdf
0xce0
0xce2
0xce6
0xce9
0xcee
0xcf2
0xcf3
0xcf5
0xcf7
0xcf9
0xcfa
0xcfb
0xcfc
0xcfd
0xcff
0xd01
0xd03
0xd04
0xd08
0xd0c
0xd11
0xd13
0xd17
0xd19
0xd1a
0xd1c
0xd1e
0xd20
0xd21
0xd22
0xd26
0xd28
0xd29
0xd2c
0xd2e
0xd2f
0xd30
0xd34
0xd37
0xd38
0xd3c
0xd3e
0xd41
0xd43
0xd46
0xd48
0xd4a
0xd4d
0xd4f
0xd52
0xd53
0xd55
0xd5e
0xd61
0xd64
0xd68
0xd69
0xd6b
0xd6f
0xd72
0xd77
0xd7d
0xd8a
0xd8d
0xd90
0xd95
0xd98
0xd99
0xd9d
0xd9f
0xda0
0xda2
0xda3
0xda4
0xda8
0xdab
0xdac
0xdb0
0xdb2
0xdb5
0xdb7
0xdba
0xdbc
0xdbe
0xdc1
0xdc3
0xdc6
0xdc7
0xdc9
0xdd2
0xdd5
0xdd8
0xddc
0xddd
0xddf
0xde3
0xde6
0xdec
0xdef
0xdf4
0xdf7
0xdf8
0xdfd
0xe01
0xe09
0xe0b
0xe0c
0xe0e
0xe0f
0xe10
0xe14
0xe17
0xe18
0xe1c
0xe1e
0xe21
0xe23
0xe26
0xe28
0xe2a
0xe2d
0xe2f
0xe32
0xe33
0xe35
0xe3e
0xe41
0xe44
0xe48
0xe49
0xe4b
0xe4f
0xe52
0xe58
0xe5b
0xe60
0xe64
0xe69
0xe6c
0xe6d
0xe71
0xe74
0xe78
0xe80
0xe85
0xe87
0xe88
0xe8a
0xe8e
0xe90
0xe91
0xe93
0xe94
0xe95
0xe99
0xe9c
0xe9d
0xea1
0xea3
0xea6
0xea8
0xeab
0xead
0xeaf
0xeb2
0xeb4
0xeb7
0xeb8
0xeba
0xec3
0xec6
0xec9
0xecd
0xece
0xed0
0xed4
0xed7
0xedd
0xee0
0xee5
0xee8
0xee9
0xeee
0xef3
0xef8
0xefa
0xefd
0xf00
0xf06
0xf0a
0xf0c
0xf0e
0xf11
0xf16
0xf18
0xf1a
0xf1c
0xf1d
0xf20
0xf23
0xf27
0xf2c
0xf30
0xf31
0xf35
0xf38
0xf3e
0xf3f
0xf41
0xf4b
0xf4e
0xf53
0xf56
0xf5d
0xf60
0xf61
0xf63
0xf65
0xf67
0xf68
0xf69
0xf6d
0xf6f
0xf70
0xf72
0xf73
0xf74
0xf78
0xf7b
0xf7c
0xf80
0xf82
0xf85
0xf87
0xf8a
0xf8c
0xf8e
0xf91
0xf93
0xf96
0xf97
0xf99
0xfa2
0xfa5
0xfa8
0xfac
0xfad
0xfaf
0xfb3
0xfb6
0xfbb
0xfc1
0xfc4
0xfc5
0xfc7
0xfc9
0xfcb
0xfcc
0xfcd
0xfd1
0xfd4
0xfd5
0xfd7
0xfd8
0xfdb
0xfdc
0xfe1
0xfe3
0xfe6
0xfe7
0xfea
0xfed
0xfee
0xff1
0xff5
0xff9
0xffd
0xfff
0x1001
0x1003
0x1004
0x1007
0x1009
0x100f
0x1013
0x1015
0x101d
0x101e
0x1022
0x1023
0x1025
0x1026
0x102a
0x1030
0x1031
0x1032
0x1034
0x1035
0x1039
0x103a
0x103e
0x103f
0x1047
0x1049
0x104a
0x104b
0x104e
0x104f
0x1050
0x1054
0x105a
0x105c
0x106c
0x106e
0x106f
0x1071
0x1072
0x1073
0x1077
0x107a
0x107b
0x107f
0x1081
0x1084
0x1086
0x1089
0x108b
0x108d
0x1090
0x1092
0x1095
0x1096
0x1098
0x10a1
0x10a4
0x10a7
0x10ab
0x10ac
0x10ae
0x10b2
0x10b5
0x10ba
0x10bb
0x10bc
0x10dd
0x10e0
0x10e5
0x10e8
0x10ec
0x10f0
0x10f1
0x10f3
0x10f8
0x10fb
0x10fe
0x1102
0x1106
0x110a
0x110c
0x110d
0x1110
0x1115
0x1117
0x1118
0x111a
0x111c
0x111e
0x111f
0x1120
0x1124
0x1126
0x1127
0x1129
0x112d
0x112f
0x1130
0x1134
0x1135
0x1137
0x1139
0x113e
0x1141
0x1147
0x114c
0x114e
0x114f
0x1151
0x1152
0x1154
0x1158
0x115a
0x115b
0x115f
0x1161
0x1164
0x1166
0x1169
0x116b
0x116e
0x1171
0x1175
0x1177
0x1179
0x117c
0x1180
0x1182
0x1186
0x1188
0x118b
0x118f
0x1191
0x1192
0x1196
0x1197
0x1199
0x119a
0x119c
0x119d
0x11a1
0x11a4
0x11a5
0x11a7
0x11a8
0x11ab
0x11ae
0x11af
0x11b2
0x11b3
0x11b4
0x11b6
0x11ba
0x11bc
0x11bd
0x11bf
0x11c0
0x11c1
0x11c5
0x11c8
0x11c9
0x11cd
0x11cf
0x11d2
0x11d4
0x11d7
0x11d9
0x11db
0x11de
0x11e0
0x11e3
0x11e4
0x11e6
0x11ef
0x11f2
0x11f5
0x11f9
0x11fa
0x11fc
0x1200
0x1205
0x1208
0x120a
0x120c
0x120e
0x120f
0x1210
0x1211
0x1216
0x1218
0x121a
0x121f
0x1220
0x1222
0x1225
0x1227
0x1228
0x122a
0x122c
0x122f
0x1233
0x1234
0x1236
0x1237
0x123b
0x1241
0x1242
0x1243
0x1245
0x1246
0x124a
0x124b
0x124f
0x1250
0x1258
0x125a
0x125b
0x125c
0x1260
0x1262
0x1265
0x1266
0x1268
0x1269
0x126b
0x126c
0x126f
0x1272
0x1273
0x1274
0x1278
0x127e
0x1282
0x1283
0x1285
0x128b
0x128d
0x128f
0x1291
0x1292
0x1293
0x1297
0x129e
0x12a0
0x12a3
0x12a6
0x12a7
0x12a8
0x12ac
0x12b2
0x12b3
0x12b5
0x12b7
0x12b9
0x12bc
0x12be
0x12bf
0x12c0
0x12c1
0x12c5
0x12ce
0x12cf
0x12d3
0x12d7
0x12dc
0x12e1
0x12e2
0x12e3
0x12e9
0x12ea
0x12ed
0x12ef
0x12f1
0x12f2
0x12ff
0x1301
0x1303
0x1305
0x1306
0x130c
0x130e
0x130f
0x1312
0x1314
0x1315
0x1318
0x1319
0x131a
0x131b
0x131e
0x1320
0x1325
0x132d
0x1330
0x1332
0x1334
0x1336
0x1337
0x1338
0x1339
0x133e
0x1340
0x1342
0x1347
0x1348
0x134a
0x134d
0x134f
0x1350
0x1352
0x1354
0x1357
0x135b
0x135c
0x135e
0x135f
0x1363
0x1369
0x136a
0x136b
0x136d
0x136e
0x1372
0x1373
0x1377
0x1378
0x1380
0x1382
0x1383
0x1384
0x1388
0x138a
0x138d
0x138e
0x1390
0x1391
0x1393
0x1394
0x1397
0x139a
0x139b
0x139c
0x13a0
0x13a6
0x13aa
0x13ab
0x13ad
0x13b3
0x13b5
0x13b7
0x13b9
0x13ba
0x13bb
0x13bf
0x13c6
0x13c8
0x13cb
0x13ce
0x13cf
0x13d0
0x13d4
0x13da
0x13db
0x13dd
0x13df
0x13e1
0x13e4
0x13e6
0x13e7
0x13e8
0x13e9
0x13ed
0x13f6
0x13f7
0x13fb
0x13ff
0x1404
0x1409
0x140a
0x140b
0x1411
0x1412
0x1415
0x1417
0x1419
0x141a
0x1427
0x1429
0x142b
0x142d
0x142e
0x1434
0x1436
0x1437
0x143a
0x143c
0x143d
0x1440
0x1441
0x1442
0x1443
0x1446
0x1448
0x144d
0x1455
0x1459
0x145a
0x1460
0x1462
0x1463
0x1465
0x1469
0x146b
0x146d
0x1473
0x1476
0x1477
0x147c
0x147f
0x1481
0x1484
0x1486
0x148a
0x148c
0x148d
0x1492
0x1494
0x1495
0x1499
0x149a
0x149d
0x149e
0x14a0
0x14a1
0x14a3
0x14a6
0x14a8
0x14a9
0x14ad
0x14b1
0x14b4
0x14bb
0x14be
0x14bf
0x14c4
0x14c7
0x14c9
0x14cc
0x14ce
0x14d2
0x14d4
0x14d5
0x14da
0x14dd
0x14df
0x14e0
0x14e3
0x14e4
0x14e6
0x14e8
0x14e9
0x14ec
0x14ed
0x14f0
0x14fb
0x1500
0x1502
0x1503
0x1507
0x1508
0x150c
0x1513
0x1515
0x1516
0x1518
0x151c
0x151e
0x1520
0x1526
0x1529
0x152a
0x152f
0x1532
0x1534
0x1537
0x1539
0x153d
0x153f
0x1540
0x1545
0x1547
0x1548
0x154c
0x154d
0x1550
0x1551
0x1553
0x1554
0x1556
0x1559
0x155b
0x155c
0x1560
0x1564
0x1567
0x156e
0x1571
0x1572
0x1577
0x157a
0x157c
0x157f
0x1581
0x1585
0x1587
0x1588
0x158d
0x1590
0x1592
0x1593
0x1596
0x1597
0x1599
0x159b
0x159c
0x159f
0x15a0
0x15a3
0x15ae
0x15b3
0x15b5
0x15b6
0x15ba
0x15bb
0x15bf
0x15c4
0x15c9
0x15cb
0x15cd
0x15cf
0x15d0
0x15d4
0x15d8
0x15da
0x15db
0x15e8
0x15ea
0x15ef
0x15f1
0x15f2
0x15f4
0x15f8
0x15fa
0x15fc
0x1602
0x1605
0x1606
0x160b
0x160e
0x1610
0x1613
0x1615
0x1619
0x161b
0x161c
0x1621
0x1623
0x1624
0x1628
0x1629
0x162c
0x162d
0x162f
0x1630
0x1632
0x1635
0x1637
0x1638
0x163c
0x1640
0x1643
0x164a
0x164d
0x164e
0x1653
0x1656
0x1658
0x165b
0x165d
0x1661
0x1663
0x1664
0x1669
0x166b
0x166c
0x1670
0x1671
0x1674
0x1675
0x1677
0x1678
0x167a
0x167d
0x167f
0x1680
0x1683
0x1686
0x168a
0x168d
0x168e
0x1690
0x1691
0x1696
0x1699
0x169e
0x16a0
0x16a2
0x16a5
0x16aa
0x16b5
0x16c0
0x16c3
0x16c4
0x16c9
0x16cc
0x16ce
0x16d1
0x16d3
0x16d7
0x16d9
0x16da
0x16df
0x16e1
0x16e2
0x16e6
0x16e7
0x16ea
0x16eb
0x16ed
0x16ee
0x16f0
0x16f3
0x16f5
0x16f6
0x16fa
0x16fe
0x1701
0x1708
0x170b
0x170c
0x1711
0x1714
0x1716
0x1719
0x171b
0x171f
0x1721
0x1722
0x1727
0x172a
0x172c
0x172d
0x1730
0x1731
0x1733
0x1735
0x1736
0x1739
0x173a
0x173d
0x1748
0x174d
0x174f
0x1750
0x1754
0x1755
0x1759
0x175f
0x1764
0x176a
0x176c
0x176e
0x1771
0x1773
0x1775
0x1777
0x1779
0x177b
0x177c
0x177d
0x177e
0x177f
0x1782
0x1784
0x1786
0x1788
0x1789
0x178a
0x178b
0x178c
0x1791
0x1793
0x1795
0x1798
0x179a
0x179c
0x179e
0x17a0
0x17a2
0x17a3
0x17a4
0x17a5
0x17a6
0x17a9
0x17ab
0x17ad
0x17af
0x17b0
0x17b1
0x17b2
0x17b3
0x17b7
0x17b9
0x17bb
0x17bd
0x17c0
0x17c2
0x17c4
0x17c6
0x17c8
0x17ca
0x17cb
0x17cc
0x17cd
0x17ce
0x17d1
0x17d3
0x17d5
0x17d7
0x17d8
0x17d9
0x17da
0x17db
0x17e0
0x17e2
0x17e4
0x17e7
0x17e9
0x17eb
0x17ed
0x17ef
0x17f1
0x17f2
0x17f3
0x17f4
0x17f5
0x17f8
0x17fa
0x17fc
0x17fe
0x17ff
0x1800
0x1801
0x1802
0x1807
0x180a
0x180c
0x180f
0x1811
0x1813
0x1815
0x1817
0x1819
0x181a
0x181b
0x181c
0x181d
0x1820
0x1822
0x1824
0x1826
0x1827
0x1828
0x1829
0x182a
0x182f
0x1832
0x1834
0x1837
0x1839
0x183b
0x183d
0x183f
0x1841
0x1842
0x1843
0x1844
0x1845
0x1848
0x184a
0x184c
0x184e
0x184f
0x1850
0x1851
0x1852
0x1856
0x1859
0x1860
0x1861
0x1862
0x1883
0x1886
0x188b
0x188e
0x1892
0x1896
0x1897
0x1899
0x189c
0x189f
0x18aa
0x18ab
0x18af
0x18b2
0x18b3
0x18b6
0x18b7
0x18c6
0x18cc
0x18cf
0x18d4
0x18d6
0x18d8
0x18da
0x18db
0x18dc
0x18dd
0x18e2
0x18e4
0x18e7
0x18ea
0x18ec
0x18ed
0x18ef
0x18f0
0x18f1
0x18f3
0x1913
0x1916
0x191b
0x191e
0x191f
0x1921
0x1923
0x1925
0x1926
0x1927
0x1928
0x1929
0x192b
0x192d
0x192f
0x1930
0x1934
0x1938
0x193d
0x193f
0x1942
0x1947
0x194c
0x1955
0x195a
0x195d
0x1960
0x1965
0x1968
0x1971
0x1974
0x197f
0x1982
0x1987
0x1989
0x198b
0x198d
0x198e
0x198f
0x1990
0x1995
0x1997
0x199a
0x199d
0x199f
0x19a0
0x19a2
0x19a3
0x19a8
0x19ab
0x19b0
0x19b3
0x19b8
0x19ba
0x19bb
0x19bd
0x19be
0x19bf
0x19c3
0x19c6
0x19c7
0x19cb
0x19cd
0x19d0
0x19d2
0x19d5
0x19d7
0x19d9
0x19dc
0x19de
0x19e1
0x19e2
0x19e4
0x19ed
0x19f0
0x19f3
0x19f7
0x19f8
0x19fa
0x19fe
0x1a01
0x1a07
0x1a0a
0x1a0f
0x1a12
0x1a13
0x1a18
0x1a1b
0x1a1e
0x1a1f
0x1a24
0x1a29
0x1a2b
0x1a2c
0x1a2e
0x1a2f
0x1a30
0x1a34
0x1a37
0x1a38
0x1a3c
0x1a3e
0x1a41
0x1a43
0x1a46
0x1a48
0x1a4a
0x1a4d
0x1a4f
0x1a52
0x1a53
0x1a55
0x1a5e
0x1a61
0x1a64
0x1a68
0x1a69
0x1a6b
0x1a6f
0x1a72
0x1a77
0x1a7b
0x1a7c
0x1a7e
0x1a80
0x1a82
0x1a83
0x1a84
0x1a85
0x1a86
0x1a88
0x1a8a
0x1a8c
0x1a8d
0x1a91
0x1a95
0x1a9a
0x1a9c
0x1a9d
0x1a9f
0x1aa0
0x1aa1
0x1aa5
0x1aa8
0x1aa9
0x1aad
0x1aaf
0x1ab2
0x1ab4
0x1ab7
0x1ab9
0x1abb
0x1abe
0x1ac0
0x1ac3
0x1ac4
0x1ac6
0x1acf
0x1ad2
0x1ad5
0x1ad9
0x1ada
0x1adc
0x1ae0
0x1ae3
0x1ae8
0x1aec
0x1aed
0x1aef
0x1af1
0x1af3
0x1af4
0x1af5
0x1af6
0x1af7
0x1af9
0x1afb
0x1afd
0x1afe
0x1b02
0x1b06
0x1b0b
0x1b0e
0x1b0f
0x1b12
0x1b13
0x1b15
0x1b17
0x1b19
0x1b1b
0x1b1c
0x1b1f
0x1b22
0x1b23
0x1b24
0x1b25
0x1b28
0x1b2c
0x1b2f
0x1b32
0x1b34
0x1b36
0x1b38
0x1b3f
0x1b47
0x1b4b
0x1b4c
0x1b51
0x1b53
0x1b54
0x1b58
0x1b5d
0x1b5e
0x1b5f
0x1b63
0x1b65
0x1b67
0x1b6c
0x1b6e
0x1b71
0x1b74
0x1b7a
0x1b7e
0x1b80
0x1b82
0x1b84
0x1b85
0x1b89
0x1b8d
0x1b8f
0x1b90
0x1b93
0x1b97
0x1b99
0x1b9b
0x1b9e
0x1ba3
0x1ba5
0x1ba7
0x1ba9
0x1baa
0x1bad
0x1bb0
0x1bb4
0x1bb9
0x1bbd
0x1bbe
0x1bc2
0x1bc5
0x1bcb
0x1bcc
0x1bcf
0x1bd4
0x1bd6
0x1bd7
0x1bda
0x1bdc
0x1bdd
0x1bde
0x1be2
0x1be5
0x1be6
0x1bea
0x1bec
0x1bef
0x1bf1
0x1bf4
0x1bf6
0x1bf8
0x1bfb
0x1bfd
0x1c00
0x1c01
0x1c03
0x1c0c
0x1c0f
0x1c12
0x1c16
0x1c17
0x1c19
0x1c1d
0x1c20
0x1c25
0x1c2a
0x1c36
0x1c39
0x1c3e
0x1c41
0x1c42
0x1c44
0x1c46
0x1c48
0x1c49
0x1c4a
0x1c4b
0x1c4c
0x1c4e
0x1c50
0x1c52
0x1c53
0x1c57
0x1c5b
0x1c60
0x1c62
0x1c63
0x1c65
0x1c67
0x1c69
0x1c6a
0x1c6b
0x1c6f
0x1c72
0x1c73
0x1c75
0x1c76
0x1c79
0x1c7a
0x1c7f
0x1c81
0x1c84
0x1c86
0x1c88
0x1c8a
0x1c8b
0x1c8e
0x1c8f
0x1c92
0x1c95
0x1c96
0x1c99
0x1c9d
0x1c9f
0x1ca5
0x1ca9
0x1cab
0x1cb2
0x1cb3
0x1cb7
0x1cb8
0x1cba
0x1cbb
0x1cbf
0x1cc5
0x1cc6
0x1cc7
0x1cc9
0x1cca
0x1cce
0x1ccf
0x1cd3
0x1cd4
0x1cdc
0x1cde
0x1cdf
0x1ce0
0x1ce3
0x1ce4
0x1ce5
0x1ce9
0x1cef
0x1cf0
0x1cf2
0x1cf3
0x1cf6
0x1cf7
0x1cfc
0x1cfe
0x1d01
0x1d02
0x1d05
0x1d08
0x1d09
0x1d0b
0x1d0d
0x1d0f
0x1d10
0x1d13
0x1d15
0x1d1b
0x1d1f
0x1d21
0x1d29
0x1d2a
0x1d2e
0x1d2f
0x1d31
0x1d32
0x1d36
0x1d3c
0x1d3d
0x1d3e
0x1d40
0x1d41
0x1d45
0x1d46
0x1d4a
0x1d4b
0x1d53
0x1d55
0x1d56
0x1d57
0x1d5a
0x1d5b
0x1d5c
0x1d60
0x1d66
0x1d68
0x1d6d
0x1d6f
0x1d70
0x1d72
0x1d73
0x1d74
0x1d78
0x1d7b
0x1d7c
0x1d80
0x1d82
0x1d85
0x1d87
0x1d8a
0x1d8c
0x1d8e
0x1d91
0x1d93
0x1d96
0x1d97
0x1d99
0x1da2
0x1da5
0x1da8
0x1dac
0x1dad
0x1daf
0x1db3
0x1db6
0x1dbc
0x1dbf
0x1dc4
0x1dc7
0x1dc8
0x1dcd
0x1dd1
0x1e05
0x1e07
0x1e08
0x1e0a
0x1e0b
0x1e0c
0x1e10
0x1e13
0x1e14
0x1e18
0x1e1a
0x1e1d
0x1e1f
0x1e22
0x1e24
0x1e26
0x1e29
0x1e2b
0x1e2e
0x1e2f
0x1e31
0x1e3a
0x1e3d
0x1e40
0x1e44
0x1e45
0x1e47
0x1e4b
0x1e4e
0x1e54
0x1e57
0x1e5c
0x1e5f
0x1e60
0x1e65
0x1e67
0x1e68
0x1e6b
0x1e6c
0x1e71
0x1e73
0x1e76
0x1e77
0x1e7a
0x1e7d
0x1e7e
0x1e82
0x1e84
0x1e86
0x1e88
0x1e89
0x1e8a
0x1e8c
0x1e92
0x1e96
0x1e98
0x1e9f
0x1ea0
0x1ea4
0x1ea5
0x1ea7
0x1ea8
0x1eac
0x1eb2
0x1eb3
0x1eb4
0x1eb6
0x1eb7
0x1ebb
0x1ebc
0x1ec0
0x1ec1
0x1ec9
0x1ecb
0x1ecc
0x1ecd
0x1ed0
0x1ed1
0x1ed2
0x1ed6
0x1edc
0x1ede
0x1ee3
0x1ee6
0x1eeb
0x1eee
0x1eef
0x1ef1
0x1ef3
0x1ef5
0x1ef6
0x1ef7
0x1ef8
0x1ef9
0x1efb
0x1efd
0x1eff
0x1f00
0x1f04
0x1f08
0x1f0d
0x1f0f
0x1f10
0x1f12
0x1f13
0x1f14
0x1f18
0x1f1b
0x1f1c
0x1f20
0x1f22
0x1f25
0x1f27
0x1f2a
0x1f2c
0x1f2e
0x1f31
0x1f33
0x1f36
0x1f37
0x1f39
0x1f42
0x1f45
0x1f48
0x1f4c
0x1f4d
0x1f4f
0x1f53
0x1f56
0x1f5b
0x1f5d
0x1f60
0x1f65
0x1f68
0x1f69
0x1f6b
0x1f6f
0x1f73
0x1f75
0x1f77
0x1f79
0x1f7a
0x1f7d
0x1f7f
0x1f81
0x1f86
0x1f89
0x1f8a
0x1f8c
0x1f8d
0x1f90
0x1f91
0x1f96
0x1f98
0x1f9b
0x1f9d
0x1f9f
0x1fa1
0x1fa2
0x1fa5
0x1fa6
0x1fa9
0x1fab
0x1fae
0x1fb3
0x1fb7
0x1fb9
0x1fbf
0x1fc3
0x1fc5
0x1fcc
0x1fcd
0x1fd2
0x1fd3
0x1fd5
0x1fd6
0x1fda
0x1fe0
0x1fe1
0x1fe2
0x1fe4
0x1fe5
0x1fe9
0x1fea
0x1fee
0x1fef
0x1ffa
0x1ffc
0x1ffd
0x1fff
0x2000
0x2001
0x2005
0x2008
0x2009
0x200d
0x200f
0x2012
0x2014
0x2017
0x2019
0x201b
0x201e
0x2020
0x2023
0x2024
0x2026
0x202f
0x2032
0x2035
0x2039
0x203a
0x203c
0x2040
0x2043
0x2049
0x204c
0x2051
0x2055
0x205a
0x2060
0x206a
0x206c
0x206f
0x2074
0x2077
0x2078
0x2079
0x207b
0x207f
0x2081
0x2083
0x2085
0x2086
0x2089
0x208a
0x208f
0x2091
0x2096
0x209a
0x209e
0x20a5
0x20a6
0x20aa
0x20ac
0x20ad
0x20af
0x20b0
0x20b1
0x20b5
0x20b8
0x20b9
0x20bd
0x20bf
0x20c2
0x20c4
0x20c7
0x20c9
0x20cb
0x20ce
0x20d0
0x20d3
0x20d4
0x20d6
0x20df
0x20e2
0x20e5
0x20e9
0x20ea
0x20ec
0x20f0
0x20f3
0x20f9
0x20fc
0x2101
0x2104
0x2105
0x210a
0x210c
0x210d
0x2110
0x2111
0x2116
0x2118
0x211b
0x211c
0x211f
0x2122
0x2123
0x2127
0x2129
0x212b
0x212d
0x212e
0x212f
0x2131
0x2137
0x213b
0x213d
0x2144
0x2145
0x2149
0x214a
0x214c
0x214d
0x2151
0x2157
0x2158
0x2159
0x215b
0x215c
0x2160
0x2161
0x2165
0x2166
0x216e
0x2170
0x2171
0x2172
0x2175
0x2176
0x2177
0x217b
0x2181
0x2182
0x2185
0x218a
0x218d
0x218e
0x2190
0x2192
0x2194
0x2195
0x2196
0x219a
0x219d
0x21a1
0x21a3
0x21a4
0x21a6
0x21a8
0x21aa
0x21ab
0x21ac
0x21b0
0x21b3
0x21b4
0x21b6
0x21b8
0x21ba
0x21bb
0x21bc
0x21bd
0x21be
0x21bf
0x21c3
0x21c6
0x21c7
0x21cb
0x21cd
0x21d0
0x21d2
0x21d5
0x21d7
0x21d9
0x21dc
0x21de
0x21ed
0x21ef
0x21f0
0x21f3
0x21f6
0x21fa
0x21fb
0x21fd
0x2201
0x2204
0x2205
0x2207
0x2209
0x220b
0x220c
0x220e
0x220f
0x2212
0x2214
0x2218
0x221d
0x2220
0x2223
0x2226
0x222a
0x222e
0x2231
0x2233
0x2234
0x2236
0x2238
0x223a
0x223b
0x223c
0x223d
0x2242
0x2244
0x2245
0x2248
0x224e
0x2253
0x2257
0x2259
0x225b
0x225d
0x225e
0x2260
0x2261
0x2265
0x2267
0x2268
0x226c
0x226e
0x2271
0x2273
0x2276
0x2278
0x227b
0x227e
0x2282
0x2284
0x2286
0x2289
0x228d
0x228f
0x2293
0x2295
0x2298
0x229c
0x229e
0x22a0
0x22a2
0x22a3
0x22a5
0x22a6
0x22aa
0x22ac
0x22ad
0x22b1
0x22b3
0x22b6
0x22b8
0x22bb
0x22bd
0x22c0
0x22c3
0x22c7
0x22c9
0x22cb
0x22ce
0x22d2
0x22d4
0x22d8
0x22da
0x22dd
0x22e1
0x22e3
0x22e5
0x22e7
0x22e8
0x22eb
0x22ec
0x22f1
0x22f3
0x22f8
0x22fc
0x22ff
0x2309
0x230e
0x2313
0x2314
0x2338
0x233b
0x2343
0x2345
0x2346
0x2348
0x234a
0x234c
0x234d
0x234e
0x234f
0x2350
0x2351
0x2355
0x2358
0x2359
0x235d
0x235f
0x2362
0x2364
0x2367
0x2369
0x236b
0x236e
0x2370
0x237f
0x2381
0x2382
0x2385
0x2388
0x238c
0x238d
0x238f
0x2393
0x2394
0x2399
0x239c
0x239f
0x23a2
0x23a3
0x23a4
0x23a5
0x23a6
0x23aa
0x23ad
0x23ae
0x23b2
0x23b4
0x23b7
0x23b9
0x23bc
0x23be
0x23c0
0x23c3
0x23c5
0x23d1
0x23d3
0x23d4
0x23d7
0x23da
0x23de
0x23df
0x23e1
0x23e5
0x23e7
0x23ed
0x23f2
0x23f6
0x23f9
0x23fe
0x2402
0x2404
0x2406
0x2408
0x2409
0x240d
0x2411
0x2413
0x2414
0x2417
0x241b
0x241d
0x241f
0x2421
0x2422
0x2424
0x2425
0x242a
0x242c
0x242f
0x2432
0x2434
0x2437
0x243c
0x243e
0x2440
0x2442
0x2443
0x2444
0x2447
0x244a
0x244f
0x2451
0x2452
0x2454
0x2455
0x2458
0x245e
0x2467
0x2468
0x246d
0x246f
0x2472
0x2475
0x2476
0x2477
0x2479
0x247b
0x2480
0x2481
0x2482
0x2484
0x2488
0x248b
0x248c
0x2490
0x2492
0x2495
0x2497
0x249a
0x249c
0x249e
0x24a1
0x24a3
0x24c4
0x24c7
0x24ca
0x24ce
0x24cf
0x24d1
0x24d5
0x24d7
0x24d9
0x24db
0x24dc
0x24dd
0x24de
0x24e3
0x24e6
0x24e9
0x24ec
0x24ed
0x24f2
0x24f4
0x24f7
0x24fa
0x24ff
0x2503
0x2506
0x250d
0x2510
0x2512
0x2517
0x2519
0x251a
0x251d
0x251e
0x2523
0x2525
0x2528
0x2529
0x252c
0x252f
0x2530
0x2533
0x2535
0x2537
0x2539
0x253a
0x253b
0x253d
0x2543
0x2547
0x2549
0x2550
0x2551
0x2555
0x2556
0x2558
0x2559
0x255d
0x2563
0x2564
0x2565
0x2567
0x2568
0x256c
0x256d
0x2571
0x2572
0x257a
0x257c
0x257d
0x257e
0x2581
0x2582
0x2583
0x2587
0x258d
0x2592
0x2593
0x2594
0x2598
0x259a
0x259f
0x25a4
0x25a7
0x25a8
0x25aa
0x25ab
0x25ae
0x25af
0x25b4
0x25b6
0x25b9
0x25bb
0x25bd
0x25bf
0x25c0
0x25c3
0x25c4
0x25c7
0x25c9
0x25cc
0x25d1
0x25d6
0x25d8
0x25de
0x25e2
0x25e4
0x25ec
0x25ed
0x25f2
0x25f3
0x25f5
0x25f6
0x25fa
0x2600
0x2601
0x2602
0x2604
0x2605
0x2609
0x260a
0x260e
0x260f
0x2615
0x2617
0x2618
0x261b
0x261c
0x2621
0x2623
0x2626
0x2627
0x262a
0x262d
0x262e
0x2632
0x2634
0x2636
0x2638
0x2639
0x263c
0x263f
0x2645
0x2649
0x264b
0x2652
0x2653
0x2657
0x2658
0x265a
0x265b
0x265f
0x2665
0x2666
0x2667
0x2669
0x266a
0x266e
0x266f
0x2673
0x2674
0x267c
0x267e
0x267f
0x2680
0x2683
0x2684
0x2685
0x2689
0x268f
0x2692
0x2694
0x2699
0x26a2
0x26a3
0x26a4
0x26a8
0x26ad
0x26b9
0x26bb
0x26bc
0x26c0
0x26c2
0x26c4
0x26c6
0x26c7
0x26c8
0x26c9
0x26cb
0x26d0
0x26d3
0x26d4
0x26d6
0x26d8
0x26da
0x26db
0x26dc
0x26dd
0x26de
0x26e2
0x26e5
0x26e6
0x26e8
0x26e9
0x26ee
0x26f0
0x26f3
0x26f5
0x26f7
0x26f9
0x26fa
0x26fd
0x26fe
0x2701
0x2705
0x2708
0x270c
0x270e
0x2711
0x2716
0x2717
0x271a
0x271d
0x2721
0x2723
0x2733
0x2737
0x2739
0x273d
0x273f
0x2743
0x2748
0x2749
0x274a
0x2750
0x2751
0x2754
0x2756
0x2758
0x2759
0x2764
0x276b
0x276d
0x276f
0x2772
0x2776
0x2777
0x2779
0x277a
0x277e
0x2784
0x2785
0x2786
0x2788
0x2789
0x278d
0x278e
0x2792
0x2793
0x279b
0x279d
0x279e
0x279f
0x27a2
0x27a3
0x27a4
0x27a8
0x27ae
0x27af
0x27b3
0x27b6
0x27b7
0x27bb
0x27bd
0x27c0
0x27c2
0x27c5
0x27c7
0x27c9
0x27cc
0x27ce
0x27e7
0x27e9
0x27ea
0x27ed
0x27f0
0x27f4
0x27f5
0x27f7
0x27fb
0x2800
0x2805
0x2808
0x2809
0x280b
0x280d
0x280f
0x2810
0x2811
0x2812
0x2813
0x2932
0x2936
0x2939
0x293a
0x293b
0x298c
0x298e
0x298f
0x2991
0x2992
0x2996
0x2999
0x299a
0x299e
0x29a0
0x29a3
0x29a5
0x29a8
0x29aa
0x29ac
0x29af
0x29b1
0x29c6
0x29c8
0x29c9
0x29cc
0x29cf
0x29d3
0x29d4
0x29d6
0x29da
0x29dd
0x29de
0x29e0
0x29e1
0x29e4
0x2a05
0x2a08
0x2a2a
0x2a2d
0x2a83
0x2a85
0x2a8a
0x2a8c
0x2a8e
0x2a90
0x2a91
0x2a95
0x2a99
0x2a9b
0x2a9c
0x2ac0
0x2ac5
0x2ac7
0x2ac8
0x2aca
0x2acc
0x2ace
0x2acf
0x2ad0
0x2ad1
0x2ad2
0x2ad4
0x2ad9
0x2adb
0x2adc
0x2ade
0x2ae0
0x2ae2
0x2ae3
0x2ae4
0x2ae5
0x2ae6
0x2ae8
0x2aec
0x2aef
0x2af0
0x2af4
0x2af6
0x2af9
0x2afb
0x2afe
0x2b00
0x2b02
0x2b05
0x2b07
0x2b1c
0x2b1e
0x2b1f
0x2b22
0x2b25
0x2b29
0x2b2a
0x2b2c
0x2b30
0x2b31
0x2b32
0x2b36
0x2b38
0x2b39
0x2b3d
0x2b3e
0x2b40
0x2b42
0x2b47
0x2b4a
0x2b50
0x2b55
0x2b57
0x2b58
0x2b5a
0x2b5b
0x2b5d
0x2b61
0x2b63
0x2b64
0x2b68
0x2b6a
0x2b6d
0x2b6f
0x2b72
0x2b74
0x2b77
0x2b7a
0x2b7e
0x2b80
0x2b82
0x2b85
0x2b89
0x2b8b
0x2b8f
0x2b91
0x2b94
0x2b98
0x2b9a
0x2b9b
0x2b9f
0x2ba0
0x2ba2
0x2ba3
0x2ba5
0x2ba6
0x2baa
0x2bad
0x2bae
0x2bb0
0x2bb1
0x2bb4
0x2bb7
0x2bb8
0x2bbb
0x2bbc
0x2bbd
0x2bbf
0x2bc3
0x2bc6
0x2bcb
0x2bd0
0x2bd6
0x2bd7
0x2bdb
0x2bde
0x2bdf
0x2be2
0x2be3
0x2beb
0x2bed
0x2bee
0x2bf0
0x2bf1
0x2bf2
0x2bf6
0x2bf9
0x2bfa
0x2bfe
0x2c00
0x2c03
0x2c05
0x2c08
0x2c0a
0x2c0c
0x2c0f
0x2c11
0x2c14
0x2c15
0x2c17
0x2c20
0x2c23
0x2c26
0x2c2a
0x2c2b
0x2c2d
0x2c31
0x2c34
0x2c35
0x2c37
0x2c38
0x2c39
0x2c3b
0x2c3e
0x2c5f
0x2c62
0x2c67
0x2c6a
0x2c6b
0x2c6d
0x2c6f
0x2c71
0x2c72
0x2c73
0x2c74
0x2c75
0x2c77
0x2c7c
0x2c7e
0x2c7f
0x2c81
0x2c83
0x2c85
0x2c86
0x2c87
0x2c88
0x2c89
0x2c8b
0x2c8f
0x2c92
0x2c93
0x2c97
0x2c99
0x2c9c
0x2c9e
0x2ca1
0x2ca3
0x2ca5
0x2ca8
0x2caa
0x2cb6
0x2cb8
0x2cb9
0x2cbc
0x2cbf
0x2cc3
0x2cc4
0x2cc6
0x2cca
0x2ccf
0x2cd0
0x2cd1
0x2cd5
0x2cd7
0x2cd8
0x2cdc
0x2cde
0x2ce1
0x2ce3
0x2ce6
0x2ce8
0x2ceb
0x2cf1
0x2cf4
0x2cf6
0x2cfa
0x2cfc
0x2cfe
0x2d03
0x2d5d
0x2d61
0x2d63
0x2d66
0x2d69
0x2d70
0x2d75
0x2d77
0x2d7b
0x2d7d
0x2d7f
0x2d81
0x2d82
0x2d86
0x2d8a
0x2d8c
0x2d8d
0x2db2
0x2db4
0x2db6
0x2db8
0x2db9
0x2dba
0x2dbb
0x2dc2
0x2dc7
0x2dcb
0x2dcf
0x2dd0
0x2dd6
0x2dd8
0x2dda
0x2ddb
0x2dde
0x2ddf
0x2de0
0x2de4
0x2dea
0x2deb
0x2def
0x2df1
0x2df2
0x2df6
0x2df8
0x2dfb
0x2dfd
0x2e00
0x2e02
0x2e05
0x2e08
0x2e0c
0x2e0e
0x2e10
0x2e13
0x2e17
0x2e19
0x2e1d
0x2e1f
0x2e22
0x2e26
0x2e28
0x2e2a
0x2e2c
0x2e2d
0x2e2f
0x2e30
0x2e34
0x2e36
0x2e37
0x2e3b
0x2e3d
0x2e40
0x2e42
0x2e45
0x2e47
0x2e4a
0x2e4d
0x2e51
0x2e53
0x2e55
0x2e58
0x2e5c
0x2e5e
0x2e62
0x2e64
0x2e67
0x2e6b
0x2e6d
0x2e6f
0x2e71
0x2e72
0x2e74
0x2e75
0x2e79
0x2e7b
0x2e7c
0x2e80
0x2e82
0x2e85
0x2e87
0x2e8a
0x2e8c
0x2e8f
0x2e92
0x2e96
0x2e98
0x2e9a
0x2e9d
0x2ea1
0x2ea3
0x2ea7
0x2ea9
0x2eac
0x2eb0
0x2eb6
0x2ebb
0x2ebf
0x2ec1
0x2ec3
0x2ec5
0x2ec6
0x2eca
0x2ece
0x2ed0
0x2ed1
0x2ed4
0x2ed8
0x2eda
0x2edc
0x2ede
0x2edf
0x2ee1
0x2ee2
0x2ee7
0x2ee9
0x2eec
0x2eef
0x2ef0
0x2ef3
0x2ef8
0x2efa
0x2efc
0x2efe
0x2eff
0x2f02
0x2f03
0x2f08
0x2f0a
0x2f0d
0x2f11
0x2f18
0x2f1b
0x2f1c
0x2f1d
0x2f22
0x2f27
0x2f29
0x2f2b
0x2f2d
0x2f2e
0x2f31
0x2f32
0x2f37
0x2f39
0x2f3e
0x2f43
0x2f49
0x2f4e
0x2f53
0x2f55
0x2f7a
0x2f7b
0x2f83
0x2f85
0x2f87
0x2f89
0x2f8a
0x2f8c
0x2f8d
0x2f91
0x2f93
0x2f94
0x2f98
0x2f9a
0x2f9d
0x2f9f
0x2fa2
0x2fa4
0x2fa7
0x2faa
0x2fae
0x2fb0
0x2fb2
0x2fb5
0x2fb9
0x2fbb
0x2fbf
0x2fc1
0x2fc4
0x2fc8
0x2fcc
0x2fcf
0x2fd4
0x2fd8
0x2fda
0x2fdc
0x2fde
0x2fdf
0x2fe3
0x2fe7
0x2fe9
0x2fea
0x2fed
0x2ff1
0x2ff3
0x2ff5
0x2ff7
0x2ff8
0x2ffa
0x2ffb
0x3000
0x3002
0x3005
0x3008
0x3009
0x300c
0x3011
0x3013
0x3015
0x3017
0x3018
0x301a
0x301b
0x3020
0x3022
0x3025
0x3028
0x302a
0x302c
0x302d
0x3032
0x3037
0x303a
0x303d
0x3042
0x3043
0x3046
0x3048
0x304a
0x304c
0x304d
0x304f
0x3051
0x3075
0x3076
0x3078
0x307f
0x3081
0x3086
0x3088
0x308a
0x308c
0x308d
0x3091
0x3095
0x3097
0x3098
0x30bc
0x30c1
0x30c3
0x30c6
0x30cb
0x30cd
0x30ce
0x30d1
0x30d2
0x30d7
0x30d9
0x30dc
0x30dd
0x30e0
0x30e3
0x30e7
0x30ea
0x30ec
0x30ee
0x30f0
0x30f1
0x30f4
0x30f6
0x30fc
0x3100
0x3102
0x310a
0x310b
0x310f
0x3110
0x3112
0x3113
0x3117
0x311d
0x311e
0x311f
0x3121
0x3122
0x3126
0x3127
0x312b
0x312c
0x3134
0x3136
0x3137
0x3138
0x313b
0x313c
0x313d
0x3141
0x3147
0x3148
0x314a
0x314e
0x3152
0x3154
0x3156
0x3158
0x3159
0x315a
0x315b
0x315c
0x315e
0x3163
0x3165
0x3166
0x3169
0x316a
0x316f
0x3171
0x3174
0x3175
0x3178
0x317b
0x317c
0x317f
0x3181
0x3183
0x3185
0x3186
0x3187
0x3189
0x318f
0x3193
0x3195
0x319c
0x319d
0x31a1
0x31a2
0x31a4
0x31a5
0x31a9
0x31af
0x31b0
0x31b1
0x31b3
0x31b4
0x31b8
0x31b9
0x31bd
0x31be
0x31c6
0x31c8
0x31c9
0x31ca
0x31cd
0x31ce
0x31cf
0x31d3
0x31d9
0x31dc
0x31e1
0x31e8
0x31ea
0x31ed
0x31f2
0x31f8
0x31fd
0x3201
0x3204
0x3207
0x320e
0x3216
0x321b
0x3228
0x322b
0x322d
0x3297
0x3299
0x329a
0x329e
0x329f
0x32a1
0x32a3
0x32a8
0x32ab
0x32b1
0x32b6
0x32b8
0x32b9
0x32bb
0x32bc
0x32be
0x32c2
0x32c4
0x32c5
0x32c9
0x32cb
0x32ce
0x32d0
0x32d3
0x32d5
0x32d8
0x32db
0x32df
0x32e1
0x32e3
0x32e6
0x32ea
0x32ec
0x32f0
0x32f2
0x32f5
0x32f9
0x32fb
0x32fc
0x3300
0x3301
0x3303
0x3304
0x3306
0x3307
0x330b
0x330e
0x330f
0x3311
0x3312
0x3315
0x3318
0x3319
0x331c
0x331d
0x331e
0x3320
0x3325
0x3326
0x332a
0x332d
0x332e
0x3331
0x3332
0x3338
0x333a
0x333b
0x333f
0x3340
0x3342
0x3344
0x3349
0x334c
0x3352
0x3357
0x3359
0x335a
0x335c
0x335d
0x335f
0x3363
0x3365
0x3366
0x336a
0x336c
0x336f
0x3371
0x3374
0x3376
0x3379
0x337c
0x3380
0x3382
0x3384
0x3387
0x338b
0x338d
0x3391
0x3393
0x3396
0x339a
0x339c
0x339d
0x33a1
0x33a2
0x33a4
0x33a5
0x33a7
0x33a8
0x33ac
0x33af
0x33b0
0x33b2
0x33b3
0x33b6
0x33b9
0x33ba
0x33bd
0x33be
0x33bf
0x33c1
0x33c6
0x33c7
0x33cb
0x33ce
0x33d1
0x33d3
0x33da
0x33db
0x33df
0x33e2
0x33e5
0x33e7
0x33ed
0x33f0
0x33f1
0x33f3
0x33f4
0x33f5
0x33f7
0x33fb
0x33fc
0x3400
0x3403
0x3404
0x3407
0x3408
0x3410
0x3412
0x3417
0x341a
0x341f
0x3422
0x3423
0x3425
0x3427
0x3429
0x342a
0x342d
0x342e
0x3431
0x3434
0x3435
0x3438
0x343a
0x343e
0x3443
0x3446
0x3449
0x344c
0x3450
0x3454
0x3457
0x3459
0x345a
0x345c
0x345e
0x3460
0x3461
0x3462
0x3463
0x3468
0x346a
0x346b
0x346e
0x3474
0x347f
0x3481
0x3483
0x3485
0x3486
0x3488
0x3489
0x348d
0x3490
0x3491
0x3495
0x3497
0x349a
0x349c
0x349f
0x34a1
0x34a3
0x34a6
0x34a8
0x34c9
0x34cc
0x34cf
0x34d3
0x34d4
0x34d6
0x34da
0x34dd
0x34e1
0x34e6
0x34e8
0x34e9
0x34ee
0x34f3
0x34f6
0x34f8
0x34fa
0x34fc
0x34fd
0x34ff
0x3500
0x3505
0x3507
0x350a
0x350d
0x350e
0x350f
0x3514
0x3519
0x351b
0x351d
0x351f
0x3520
0x3522
0x3523
0x3528
0x352a
0x352f
0x3533
0x3539
0x353e
0x3543
0x3567
0x356a
0x3571
0x3573
0x3577
0x357c
0x3580
0x3583
0x3584
0x3588
0x358a
0x358d
0x358f
0x3592
0x3594
0x3596
0x3599
0x359b
0x35bc
0x35bf
0x35c2
0x35c6
0x35c7
0x35c9
0x35cd
0x35cf
0x35d2
0x35d4
0x35d6
0x35d8
0x35d9
0x35da
0x35dd
0x35df
0x35e3
0x35e5
0x35e7
0x35ed
0x35f0
0x35f1
0x35f6
0x35f9
0x35fb
0x35fe
0x3600
0x3604
0x3606
0x3607
0x360c
0x360f
0x3611
0x3612
0x3615
0x3616
0x3618
0x361a
0x361b
0x361e
0x361f
0x3622
0x362d
0x3631
0x3633
0x3635
0x3638
0x363c
0x363d
0x3642
0x3644
0x3647
0x3648
0x364c
0x364e
0x3651
0x3653
0x3654
0x3656
0x3657
0x3658
0x365a
0x365b
0x365e
0x3661
0x3662
0x3664
0x3667
0x3669
0x366e
0x3679
0x367a
0x3680
0x3688
0x3689
0x368a
0x368f
0x3692
0x3694
0x3697
0x3699
0x369a
0x369e
0x36a0
0x36a3
0x36a5
0x36a8
0x36ad
0x36ae
0x36b1
0x36b4
0x36bb
0x36bd
0x36c1
0x36c6
0x36c9
0x36ca
0x36d0
0x36d1
0x36d4
0x36d6
0x36d8
0x36d9
0x36de
0x36df
0x36e0
0x36e6
0x36e7
0x36ea
0x36ec
0x36ed
0x36ee
0x36f1
0x36f2
0x36f3
0x36f4
0x36f7
0x36f9
0x36fc
0x36fe
0x3700
0x3702
0x3704
0x3705
0x3708
0x370a
0x370d
0x370f
0x3710
0x3715
0x3716
0x3718
0x3719
0x371c
0x371d
0x3720
0x3727
0x3728
0x372a
0x372e
0x372f
0x3735
0x3739
0x373a
0x373b
0x3740
0x3744
0x3746
0x3749
0x374b
0x374d
0x3753
0x3759
0x3765
0x3766
0x3767
0x376b
0x376f
0x3771
0x3772
0x39a9
0x39cd
0x39f1
0x3a15
0x3a39
0x3a5d
0x3a81
0x3aa5
0x3ac9
0x3aed
0x3b32
0x3b35
0x3b37
0x3b38
0x3b3b
0x3b3f
0x3b40
0x3b42
0x3b86
0x3b89
0x3b8d
0x3b91
0x3b92
0x3b94
0x3bb7
0x3bba
0x3bbb
0x3bbd
0x3bbf
0x3bc1
0x3bc2
0x3bc5
0x3bc8
0x3bcc
0x3bcd
0x3bcf
0x3bf2
0x3bf5
0x3bf7
0x3bf8
0x3bfb
0x3bff
0x3c00
0x3c02
0x3c25
0x3c28
0x3c2c
0x3c30
0x3c31
0x3c33
0x3cb9
0x3cbc
0x3cbe
0x3cbf
0x3cc2
0x3cc6
0x3cc7
0x3cc9
0x3d0d
0x3d10
0x3d11
0x3d13
0x3d15
0x3d17
0x3d18
0x3d1b
0x3d1e
0x3d22
0x3d23
0x3d25
0x3d69
0x3d6c
0x3d6d
0x3d6f
0x3d71
0x3d73
0x3d74
0x3d77
0x3d7a
0x3d7e
0x3d7f
0x3d81
0x3da4
0x3da7
0x3dab
0x3daf
0x3db0
0x3db2
0x3df6
0x3df9
0x3dfa
0x3dfc
0x3dfe
0x3e00
0x3e01
0x3e04
0x3e07
0x3e0b
0x3e0c
0x3e0e
0x3e31
0x3e34
0x3e36
0x3e37
0x3e3a
0x3e3e
0x3e3f
0x3e41
0x3e85
0x3e88
0x3e8c
0x3e90
0x3e91
0x3e93
0x3ed7
0x3eda
0x3ede
0x3ee2
0x3ee3
0x3ee5
0x3f29
0x3f2c
0x3f30
0x3f34
0x3f35
0x3f37
0x3fff
0x4002
0x4004
0x4005
0x4008
0x400c
0x400d
0x400f
0x4032
0x4035
0x4037
0x4038
0x403b
0x403f
0x4040
0x4042
0x4086
0x4089
0x408a
0x408c
0x408e
0x4090
0x4091
0x4094
0x4097
0x409b
0x409c
0x409e
0x40c1
0x40c4
0x40c8
0x40cc
0x40cd
0x40cf
0x4197
0x419a
0x419c
0x419d
0x41a0
0x41a4
0x41a5
0x41a7
0x41ca
0x41cd
0x41d1
0x41d5
0x41d6
0x41d8
0x421c
0x421f
0x4220
0x4222
0x4224
0x4226
0x4227
0x422a
0x422d
0x4231
0x4232
0x4234
0x4257
0x425a
0x425e
0x4262
0x4263
0x4265
0x4288
0x428b
0x428c
0x428e
0x4290
0x4292
0x4293
0x4296
0x4299
0x429d
0x429e
0x42a0
0x4375
0x43df
0x444a
0x446f
0x44d5
0x4653
0x469a
0x46bf
0x4774
0x4777
0x4778
0x477a
0x477c
0x477e
0x477f
0x4782
0x4785
0x4789
0x478a
0x478c
0x4841
0x4844
0x4845
0x4847
0x4849
0x484b
0x484c
0x484f
0x4852
0x4856
0x4857
0x4859
0x4955
0x4a79
0x4a7b
0x4a7d
0x4a7f
0x4a81
0x4a83
0x4a85
0x4a87
0x4a89
0x4a8b
0x4a8d
0x4a8f
0x4a91
0x4a93
0x4a95
0x4a97
0x4a99
0x4a9b
0x4a9d
0x4a9f
0x4aa1
0x4aa3
0x4aa5
0x4aa7
0x4aa9
0x4aab
0x4aad
0x4aaf
0x4ab1
0x4ab3
0x4ab5
0x4ab7
0x4ab9
0x4abb
0x4abd
0x4abf
0x4ac1
0x4ac3
0x4ac5
0x4ac7
0x4ac9
0x4acb
0x4acd
0x4acf
0x4ad1
0x4ad3
0x4ad5
0x4ad7
0x4ad9
0x4adb
0x4add
0x4ae0
0x4ae3
0x4ae6
0x4ae9
0x4aec
0x4aef
0x4af2
0x4af5
0x4af8
0x4afb
0x4afe
0x4b01
0x4b04
0x4b07
0x4b0a
0x4b0d
0x4b10
0x4b13
0x4b16
0x4b19
0x4b1c
0x4b1f
0x4b22
0x4b25
0x4b28
0x4b2b
0x4b2e
0x4b31
0x4b34
0x4b37
0x4b3a
0x4b3d
0x4b40
0x4b43
0x4b46
0x4b49
0x4b4c
0x4b4f
0x4b52
0x4b55
0x4b58
0x4b5b
0x4b5e
0x4b61
0x4b64
0x4b67
0x4b6a
0x4b6d
0x4b70
0x4b73
0x4b79
0x4b7e
0x4b83
0x4b88
0x4b8d
0x4b92
0x4b97
0x4b9c
0x4ba1
0x4ba6
0x4bab
0x4bb0
0x4bb5
0x4bba
0x4bbf
0x4bc4
0x4bc9
0x4bce
0x4bd3
0x4bd5
0x310_0x0
0x3f3_0x0
0x1945_0x0
0x1963_0x0
0x24fd_0x0
0x31f0_0x0
0x320a_0x0
0x5fd_0x0
0x1f63_0x0
0x803_0x0
0x10e3_0x0
0x1889_0x0
0x88d_0x0
0x91b_0x0
0x1977_0x0
0x2509_0x0
0x30c9_0x0
0xc8d_0x0
0xf03_0x0
0xf14_0x0
0x1b77_0x0
0x1ba1_0x0
0x23fc_0x0
0x243a_0x0
0x2a0b_0x0
0x2c65_0x0
0x2d6c_0x0
0xde9_0x0
0xe55_0x0
0xeda_0x0
0x1a04_0x0
0x1db9_0x0
0x1e51_0x0
0x2046_0x0
0x20f6_0x0
0xf44_0x0
0x26b0_0x0
0x2f25_0x0
0x34f1_0x0
0x3517_0x0
0x3211_0x0
0x4472_0x0
0x46c2_0x0
0x444d_0x0
0x469d_0x0
0x4958_0x0
0x1144_0x0
0x2b4d_0x0
0x32ae_0x0
0x334f_0x0
0x1bd2_0x0
0x245b_0x0
0x2ef6_0x0
0x300f_0x0
0x30bf_0x0
0x1c2d_0x0
0x25a2_0x0
0x269c_0x0
0x3035_0x0
0x31e4_0x0
0x2dc8_0x0
0x341d_0x0
0x33d6_0x0
0x33ea_0x0
0x375c_0x0
0xfd00x3287
0x2a820x3287
0xfd00x327c
0x2a820x327c
0xfd00x326d
0x2a820x326d
0xfd00x3236
0x2a820x3236
0xfd00x2d2d
0x2a820x2d2d
0x2cc90x2d2d
0x35700x2d2d
0xfd00x2d19
0x2a820x2d19
0x2cc90x2d19
0x35700x2d19
0xfd00x2d0a
0x2a820x2d0a
0x2cc90x2d0a
0x35700x2d0a
0xfd00x2ac0
0xfd00x2a85
0xfd00x2a48
0x2a290x2a48
0xfd00x2a40
0x2a290x2a40
0xfd00x2a34
0x2a290x2a34
0xfd00x2a2d
0x1c6e0x293b
0x91c0x2929
0x9390x2929
0x20a90x2929
0x28040x2929
0x91c0x28dd
0x9390x28dd
0x20a90x28dd
0x28040x28dd
0x91c0x28d2
0x9390x28d2
0x20a90x28d2
0x28040x28d2
0x91c0x28b7
0x9390x28b7
0x20a90x28b7
0x28040x28b7
0x91c0x28a8
0x9390x28a8
0x20a90x28a8
0x28040x28a8
0x91c0x2887
0x9390x2887
0x20a90x2887
0x28040x2887
0x91c0x2878
0x9390x2878
0x20a90x2878
0x28040x2878
0x91c0x2813
0x9390x2813
0x20a90x2813
0x91c0x1e00
0x20a90x1e00
0x91c0x1deb
0x20a90x1deb
0xbea0xc69
0x1b0a0xc69
0x3090x35b
0x6060x35b
0x8860x35b
0x3090x347
0x6060x347
0x8860x347
0x3090x338
0x6060x338
0x8860x338
0x1145_0x0
0x1153_0x0
0x12de_0x0
0x12e7_0x0
0x1323_0x1
0x1406_0x0
0x140f_0x0
0x144b_0x1
0x1472_0x2
0x147b_0x0
0x147b_0x1
0x147b_0x2
0x1491_0x0
0x1491_0x1
0x1491_0x2
0x14ba_0x2
0x14c3_0x0
0x14c3_0x1
0x14c3_0x2
0x14d9_0x0
0x14d9_0x1
0x14d9_0x2
0x1525_0x2
0x152e_0x0
0x152e_0x1
0x152e_0x2
0x1544_0x0
0x1544_0x1
0x1544_0x2
0x156d_0x2
0x1576_0x0
0x1576_0x1
0x1576_0x2
0x158c_0x0
0x158c_0x1
0x158c_0x2
0x1601_0x2
0x160a_0x0
0x160a_0x1
0x160a_0x2
0x1620_0x0
0x1620_0x1
0x1620_0x2
0x1649_0x2
0x1652_0x0
0x1652_0x1
0x1652_0x2
0x1668_0x0
0x1668_0x1
0x1668_0x2
0x16bf_0x2
0x16c8_0x0
0x16c8_0x1
0x16c8_0x2
0x16de_0x0
0x16de_0x1
0x16de_0x2
0x1707_0x2
0x1710_0x0
0x1710_0x1
0x1710_0x2
0x1726_0x0
0x1726_0x1
0x1726_0x2
0x175e_0x0
0x175e_0x1
0x2483_0x0
0x26b8_0x1
0x2745_0x0
0x274e_0x0
0x2ae7_0x0
0x2b4e_0x0
0x2b5c_0x0
0x2c8a_0x0
0x32af_0x0
0x32bd_0x0
0x3350_0x0
0x335e_0x0
0x34d9_0x0
0x34e5_0x0
0x34f2_0x1
0x3518_0x1
0x35ec_0x2
0x35f5_0x0
0x35f5_0x1
0x35f5_0x2
0x360b_0x0
0x360b_0x1
0x360b_0x2
0x3686_0x0
0x368e_0x0
0x3736_0x2
0x373f_0x1
0x373f_0x2
0x3751_0x1
0x3762_0x0
0x376b_0x0
0x4a2b_0x0
0x3330x309_0x0
0x3330x606_0x0
0x3330x886_0x0
0x33c0x309_0x0
0x33c0x606_0x0
0x33c0x886_0x0
0x3780x309_0x1
0x3780x606_0x1
0x3780x886_0x1
0xc590xbea_0x0
0xc590xbea_0x1
0xc590x1b0a_0x0
0xc590x1b0a_0x1
0x28730x91c_0x0
0x28730x939_0x0
0x28730x20a9_0x0
0x28730x2804_0x0
0x287c0x91c_0x0
0x287c0x939_0x0
0x287c0x20a9_0x0
0x287c0x2804_0x0
0x2d050xfd0_0x0
0x2d050x2a82_0x0
0x2d050x2cc9_0x0
0x2d050x3570_0x0
0x2d0e0xfd0_0x0
0x2d0e0x2a82_0x0
0x2d0e0x2cc9_0x0
0x2d0e0x3570_0x0
0x2d4a0xfd0_0x1
0x2d4a0x2a82_0x1
0x2d4a0x2cc9_0x1
0x2d4a0x3570_0x1
0x328c0xfd0_0x0
0xfd00x328d
0x2a820x328d
0xfd00x3282
0x2a820x3282
0xfd00x327b
0x2a820x327b
0xfd00x3279
0x2a820x3279
0xfd00x3277
0x2a820x3277
0xfd00x3274
0x2a820x3274
0xfd00x3273
0x2a820x3273
0xfd00x326c
0x2a820x326c
0xfd00x3269
0x2a820x3269
0xfd00x3264
0x2a820x3264
0xfd00x3260
0x2a820x3260
0xfd00x325c
0x2a820x325c
0xfd00x3257
0x2a820x3257
0xfd00x3254
0x2a820x3254
0xfd00x3251
0x2a820x3251
0xfd00x3250
0x2a820x3250
0xfd00x324b
0x2a820x324b
0xfd00x3248
0x2a820x3248
0xfd00x3246
0x2a820x3246
0xfd00x3243
0x2a820x3243
0xfd00x3241
0x2a820x3241
0xfd00x323d
0x2a820x323d
0xfd00x323c
0x2a820x323c
0xfd00x323a
0x2a820x323a
0xfd00x3232
0x2a820x3232
0xfd00x2d55
0x2a820x2d55
0x2cc90x2d55
0x35700x2d55
0xfd00x2d52
0x2a820x2d52
0x2cc90x2d52
0x35700x2d52
0xfd00x2d50
0x2a820x2d50
0x2cc90x2d50
0x35700x2d50
0xfd00x2d47
0x2a820x2d47
0x2cc90x2d47
0x35700x2d47
0xfd00x2d45
0x2a820x2d45
0x2cc90x2d45
0x35700x2d45
0xfd00x2d42
0x2a820x2d42
0x2cc90x2d42
0x35700x2d42
0xfd00x2d41
0x2a820x2d41
0x2cc90x2d41
0x35700x2d41
0xfd00x2d40
0x2a820x2d40
0x2cc90x2d40
0x35700x2d40
0xfd00x2d3f
0x2a820x2d3f
0x2cc90x2d3f
0x35700x2d3f
0xfd00x2d3c
0x2a820x2d3c
0x2cc90x2d3c
0x35700x2d3c
0xfd00x2d3b
0x2a820x2d3b
0x2cc90x2d3b
0x35700x2d3b
0xfd00x2d39
0x2a820x2d39
0x2cc90x2d39
0x35700x2d39
0xfd00x2d36
0x2a820x2d36
0x2cc90x2d36
0x35700x2d36
0xfd00x2d35
0x2a820x2d35
0x2cc90x2d35
0x35700x2d35
0xfd00x2d33
0x2a820x2d33
0x2cc90x2d33
0x35700x2d33
0xfd00x2d2c
0x2a820x2d2c
0x2cc90x2d2c
0x35700x2d2c
0xfd00x2d2a
0x2a820x2d2a
0x2cc90x2d2a
0x35700x2d2a
0xfd00x2d28
0x2a820x2d28
0x2cc90x2d28
0x35700x2d28
0xfd00x2d26
0x2a820x2d26
0x2cc90x2d26
0x35700x2d26
0xfd00x2d18
0x2a820x2d18
0x2cc90x2d18
0x35700x2d18
0xfd00x2d16
0x2a820x2d16
0x2cc90x2d16
0x35700x2d16
0xfd00x2d14
0x2a820x2d14
0x2cc90x2d14
0x35700x2d14
0xfd00x2d11
0x2a820x2d11
0x2cc90x2d11
0x35700x2d11
0xfd00x2d10
0x2a820x2d10
0x2cc90x2d10
0x35700x2d10
0xfd00x2d09
0x2a820x2d09
0x2cc90x2d09
0x35700x2d09
0xfd00x2d08
0x2a820x2d08
0x2cc90x2d08
0x35700x2d08
0xfd00x2a9c
0xfd00x2a9b
0xfd00x2a99
0xfd00x2a95
0xfd00x2a91
0xfd00x2a90
0xfd00x2a8e
0xfd00x2a8c
0xfd00x2a8a
0xfd00x2a83
0xfd00x2a7f
0x2a290x2a7f
0xfd00x2a7c
0x2a290x2a7c
0xfd00x2a7a
0x2a290x2a7a
0xfd00x2a76
0x2a290x2a76
0xfd00x2a74
0x2a290x2a74
0xfd00x2a70
0x2a290x2a70
0xfd00x2a6d
0x2a290x2a6d
0xfd00x2a6b
0x2a290x2a6b
0xfd00x2a69
0x2a290x2a69
0xfd00x2a65
0x2a290x2a65
0xfd00x2a62
0x2a290x2a62
0xfd00x2a5f
0x2a290x2a5f
0xfd00x2a5d
0x2a290x2a5d
0xfd00x2a5a
0x2a290x2a5a
0xfd00x2a58
0x2a290x2a58
0xfd00x2a55
0x2a290x2a55
0xfd00x2a53
0x2a290x2a53
0xfd00x2a4f
0x2a290x2a4f
0xfd00x2a4e
0x2a290x2a4e
0xfd00x2a4c
0x2a290x2a4c
0xfd00x2a47
0x2a290x2a47
0xfd00x2a46
0x2a290x2a46
0xfd00x2a3b
0x2a290x2a3b
0xfd00x2a32
0x2a290x2a32
0xfd00x2a2a
0x1c6e0x2988
0x29310x2988
0x1c6e0x2986
0x29310x2986
0x1c6e0x2985
0x29310x2985
0x1c6e0x2981
0x29310x2981
0x1c6e0x297e
0x29310x297e
0x1c6e0x297b
0x29310x297b
0x1c6e0x295a
0x29310x295a
0x1c6e0x2958
0x29310x2958
0x1c6e0x2955
0x29310x2955
0x1c6e0x2953
0x29310x2953
0x1c6e0x2951
0x29310x2951
0x1c6e0x294e
0x29310x294e
0x1c6e0x294c
0x29310x294c
0x1c6e0x2949
0x29310x2949
0x1c6e0x2947
0x29310x2947
0x1c6e0x2943
0x29310x2943
0x1c6e0x2942
0x29310x2942
0x1c6e0x293f
0x29310x293f
0x1c6e0x293a
0x1c6e0x2939
0x1c6e0x2936
0x1c6e0x2932
0x91c0x292d
0x9390x292d
0x20a90x292d
0x28040x292d
0x91c0x2925
0x9390x2925
0x20a90x2925
0x28040x2925
0x91c0x2923
0x9390x2923
0x20a90x2923
0x28040x2923
0x91c0x2922
0x9390x2922
0x20a90x2922
0x28040x2922
0x91c0x291e
0x9390x291e
0x20a90x291e
0x28040x291e
0x91c0x291b
0x9390x291b
0x20a90x291b
0x28040x291b
0x91c0x2918
0x9390x2918
0x20a90x2918
0x28040x2918
0x91c0x2917
0x9390x2917
0x20a90x2917
0x28040x2917
0x91c0x2915
0x9390x2915
0x20a90x2915
0x28040x2915
0x91c0x28fc
0x9390x28fc
0x20a90x28fc
0x28040x28fc
0x91c0x28fa
0x9390x28fa
0x20a90x28fa
0x28040x28fa
0x91c0x28f7
0x9390x28f7
0x20a90x28f7
0x28040x28f7
0x91c0x28f5
0x9390x28f5
0x20a90x28f5
0x28040x28f5
0x91c0x28f3
0x9390x28f3
0x20a90x28f3
0x28040x28f3
0x91c0x28f0
0x9390x28f0
0x20a90x28f0
0x28040x28f0
0x91c0x28ee
0x9390x28ee
0x20a90x28ee
0x28040x28ee
0x91c0x28eb
0x9390x28eb
0x20a90x28eb
0x28040x28eb
0x91c0x28e9
0x9390x28e9
0x20a90x28e9
0x28040x28e9
0x91c0x28e5
0x9390x28e5
0x20a90x28e5
0x28040x28e5
0x91c0x28e4
0x9390x28e4
0x20a90x28e4
0x28040x28e4
0x91c0x28e1
0x9390x28e1
0x20a90x28e1
0x28040x28e1
0x91c0x28dc
0x9390x28dc
0x20a90x28dc
0x28040x28dc
0x91c0x28d6
0x9390x28d6
0x20a90x28d6
0x28040x28d6
0x91c0x28d1
0x9390x28d1
0x20a90x28d1
0x28040x28d1
0x91c0x28d0
0x9390x28d0
0x20a90x28d0
0x28040x28d0
0x91c0x28cd
0x9390x28cd
0x20a90x28cd
0x28040x28cd
0x91c0x28cc
0x9390x28cc
0x20a90x28cc
0x28040x28cc
0x91c0x28cb
0x9390x28cb
0x20a90x28cb
0x28040x28cb
0x91c0x28c9
0x9390x28c9
0x20a90x28c9
0x28040x28c9
0x91c0x28c1
0x9390x28c1
0x20a90x28c1
0x28040x28c1
0x91c0x28c0
0x9390x28c0
0x20a90x28c0
0x28040x28c0
0x91c0x28bc
0x9390x28bc
0x20a90x28bc
0x28040x28bc
0x91c0x28bb
0x9390x28bb
0x20a90x28bb
0x28040x28bb
0x91c0x28b6
0x9390x28b6
0x20a90x28b6
0x28040x28b6
0x91c0x28b4
0x9390x28b4
0x20a90x28b4
0x28040x28b4
0x91c0x28b3
0x9390x28b3
0x20a90x28b3
0x28040x28b3
0x91c0x28b2
0x9390x28b2
0x20a90x28b2
0x28040x28b2
0x91c0x28ac
0x9390x28ac
0x20a90x28ac
0x28040x28ac
0x91c0x28a7
0x9390x28a7
0x20a90x28a7
0x28040x28a7
0x91c0x28a5
0x9390x28a5
0x20a90x28a5
0x28040x28a5
0x91c0x28a4
0x9390x28a4
0x20a90x28a4
0x28040x28a4
0x91c0x28a0
0x9390x28a0
0x20a90x28a0
0x28040x28a0
0x91c0x289d
0x9390x289d
0x20a90x289d
0x28040x289d
0x91c0x289b
0x9390x289b
0x20a90x289b
0x28040x289b
0x91c0x2899
0x9390x2899
0x20a90x2899
0x28040x2899
0x91c0x2892
0x9390x2892
0x20a90x2892
0x28040x2892
0x91c0x2886
0x9390x2886
0x20a90x2886
0x28040x2886
0x91c0x2884
0x9390x2884
0x20a90x2884
0x28040x2884
0x91c0x2882
0x9390x2882
0x20a90x2882
0x28040x2882
0x91c0x287f
0x9390x287f
0x20a90x287f
0x28040x287f
0x91c0x287e
0x9390x287e
0x20a90x287e
0x28040x287e
0x91c0x2877
0x9390x2877
0x20a90x2877
0x28040x2877
0x91c0x2876
0x9390x2876
0x20a90x2876
0x28040x2876
0x91c0x2871
0x9390x2871
0x20a90x2871
0x28040x2871
0x91c0x286d
0x9390x286d
0x20a90x286d
0x28040x286d
0x91c0x286b
0x9390x286b
0x20a90x286b
0x28040x286b
0x91c0x2867
0x9390x2867
0x20a90x2867
0x28040x2867
0x91c0x2865
0x9390x2865
0x20a90x2865
0x28040x2865
0x91c0x2863
0x9390x2863
0x20a90x2863
0x28040x2863
0x91c0x2855
0x9390x2855
0x20a90x2855
0x28040x2855
0x91c0x2853
0x9390x2853
0x20a90x2853
0x28040x2853
0x91c0x2850
0x9390x2850
0x20a90x2850
0x28040x2850
0x91c0x284f
0x9390x284f
0x20a90x284f
0x28040x284f
0x91c0x284d
0x9390x284d
0x20a90x284d
0x28040x284d
0x91c0x284b
0x9390x284b
0x20a90x284b
0x28040x284b
0x91c0x2849
0x9390x2849
0x20a90x2849
0x28040x2849
0x91c0x2848
0x9390x2848
0x20a90x2848
0x28040x2848
0x91c0x2845
0x9390x2845
0x20a90x2845
0x28040x2845
0x91c0x2842
0x9390x2842
0x20a90x2842
0x28040x2842
0x91c0x2841
0x9390x2841
0x20a90x2841
0x28040x2841
0x91c0x283c
0x9390x283c
0x20a90x283c
0x28040x283c
0x91c0x2839
0x9390x2839
0x20a90x2839
0x28040x2839
0x91c0x2837
0x9390x2837
0x20a90x2837
0x28040x2837
0x91c0x2833
0x9390x2833
0x20a90x2833
0x28040x2833
0x91c0x2830
0x9390x2830
0x20a90x2830
0x28040x2830
0x91c0x282c
0x9390x282c
0x20a90x282c
0x28040x282c
0x91c0x2829
0x9390x2829
0x20a90x2829
0x28040x2829
0x91c0x2828
0x9390x2828
0x20a90x2828
0x28040x2828
0x91c0x2825
0x9390x2825
0x20a90x2825
0x28040x2825
0x91c0x2823
0x9390x2823
0x20a90x2823
0x28040x2823
0x91c0x281e
0x9390x281e
0x20a90x281e
0x28040x281e
0x91c0x281d
0x9390x281d
0x20a90x281d
0x28040x281d
0x91c0x281b
0x9390x281b
0x20a90x281b
0x28040x281b
0x91c0x281a
0x9390x281a
0x20a90x281a
0x28040x281a
0x91c0x2817
0x9390x2817
0x20a90x2817
0x28040x2817
0x91c0x2812
0x9390x2812
0x20a90x2812
0x91c0x2811
0x9390x2811
0x20a90x2811
0x91c0x2810
0x9390x2810
0x20a90x2810
0x91c0x280f
0x9390x280f
0x20a90x280f
0x91c0x280d
0x9390x280d
0x20a90x280d
0x91c0x280b
0x9390x280b
0x20a90x280b
0x91c0x2809
0x9390x2809
0x20a90x2809
0x91c0x2808
0x9390x2808
0x20a90x2808
0x91c0x2805
0x9390x2805
0x20a90x2805
0x91c0x1dfb
0x20a90x1dfb
0x91c0x1df8
0x20a90x1df8
0x91c0x1df6
0x20a90x1df6
0x91c0x1df3
0x20a90x1df3
0x91c0x1df2
0x20a90x1df2
0x91c0x1df0
0x20a90x1df0
0x91c0x1dea
0x20a90x1dea
0x91c0x1de6
0x20a90x1de6
0x91c0x1de5
0x20a90x1de5
0x91c0x1de3
0x20a90x1de3
0x91c0x1de1
0x20a90x1de1
0x91c0x1de0
0x20a90x1de0
0x91c0x1dde
0x20a90x1dde
0x91c0x1dd8
0x20a90x1dd8
0x91c0x1dd6
0x20a90x1dd6
0x7b00x190f
0x19b70x190f
0x7b00x190e
0x19b70x190e
0x7b00x190b
0x19b70x190b
0x7b00x1908
0x19b70x1908
0x7b00x1906
0x19b70x1906
0x7b00x1901
0x19b70x1901
0x7b00x1900
0x19b70x1900
0x7b00x18ff
0x19b70x18ff
0x7b00x18fe
0x19b70x18fe
0x7b00x18fc
0x19b70x18fc
0x7b00x18fa
0x19b70x18fa
0x7b00x18f8
0x19b70x18f8
0x3860xc97
0x5950xc97
0x88e0xc97
0x2d600xc97
0xbea0xc74
0x1b0a0xc74
0xbea0xc72
0x1b0a0xc72
0xbea0xc70
0x1b0a0xc70
0xbea0xc6f
0x1b0a0xc6f
0xbea0xc68
0x1b0a0xc68
0xbea0xc65
0x1b0a0xc65
0xbea0xc63
0x1b0a0xc63
0xbea0xc61
0x1b0a0xc61
0xbea0xc5f
0x1b0a0xc5f
0xbea0xc5b
0x1b0a0xc5b
0xbea0xc57
0x1b0a0xc57
0xbea0xc55
0x1b0a0xc55
0xbea0xc53
0x1b0a0xc53
0xbea0xc50
0x1b0a0xc50
0xbea0xc4d
0x1b0a0xc4d
0x3090x383
0x6060x383
0x8860x383
0x3090x380
0x6060x380
0x8860x380
0x3090x37e
0x6060x37e
0x8860x37e
0x3090x375
0x6060x375
0x8860x375
0x3090x373
0x6060x373
0x8860x373
0x3090x370
0x6060x370
0x8860x370
0x3090x36f
0x6060x36f
0x8860x36f
0x3090x36e
0x6060x36e
0x8860x36e
0x3090x36d
0x6060x36d
0x8860x36d
0x3090x36a
0x6060x36a
0x8860x36a
0x3090x369
0x6060x369
0x8860x369
0x3090x367
0x6060x367
0x8860x367
0x3090x364
0x6060x364
0x8860x364
0x3090x363
0x6060x363
0x8860x363
0x3090x361
0x6060x361
0x8860x361
0x3090x35a
0x6060x35a
0x8860x35a
0x3090x358
0x6060x358
0x8860x358
0x3090x356
0x6060x356
0x8860x356
0x3090x354
0x6060x354
0x8860x354
0x3090x346
0x6060x346
0x8860x346
0x3090x344
0x6060x344
0x8860x344
0x3090x342
0x6060x342
0x8860x342
0x3090x33f
0x6060x33f
0x8860x33f
0x3090x33e
0x6060x33e
0x8860x33e
0x3090x337
0x6060x337
0x8860x337
0x3090x336
0x6060x336
0x8860x336
0x3090x331
0x6060x331
0x8860x331
0x3090x32c
0x6060x32c
0x8860x32c
0x3090x329
0x6060x329
0x8860x329
0x3090x322
0x6060x322
0x8860x322
0x3090x31f
0x6060x31f
0x8860x31f
0x3090x31c
0x6060x31c
0x8860x31c
0x3090x316
0x6060x316
0x8860x316
0x3090x315
0x6060x315
0x8860x315
0x3090x312
0x6060x312
0x8860x312
