0x40	CONST
0x0	CONST
0x1f	CONST
0x4	MSTORE
0xf	CALLDATALOAD
0x2	CONST
0x5	CONST
0x7	CALLDATASIZE
0x8	LT
0x9	CONST
0xd	CONST
0x10	CONST
0x12	SHR
0x14	CONST
0x19	EQ
0x24	EQ
0x2a	CONST
0x2f	EQ
0x35	CONST
0x3a	EQ
0x45	EQ
0x4b	CONST
0x50	EQ
0x55	CONST
0x5a	CALLDATASIZE
0x5b	CONST
0x5f	CONST
0x62	CONST
0x69	CONST
0x6c	CONST
0x73	CALLVALUE
0x75	ISZERO
0x76	CONST
0x7a	CONST
0x80	CONST
0x83	CONST
0x8a	CALLVALUE
0x8c	ISZERO
0x8d	CONST
0x91	CONST
0x97	CONST
0x9a	CONST
0xa1	CONST
0xa4	CONST
0xa7	CALLDATASIZE
0xa8	SUB
0xaa	ADD
0xac	CONST
0xb1	CONST
0xb6	CONST
0xbd	CALLVALUE
0xbf	ISZERO
0xc0	CONST
0xc4	CONST
0xca	CONST
0xcd	CONST
0xd0	CALLDATASIZE
0xd1	SUB
0xd3	ADD
0xd5	CONST
0xda	CONST
0xdf	CONST
0xe6	CALLVALUE
0xe8	ISZERO
0xe9	CONST
0xed	CONST
0xf3	CONST
0xf6	CONST
0xfd	CALLVALUE
0xff	ISZERO
0x100	CONST
0x104	CONST
0x10a	CONST
0x10d	CONST
0x110	CALLDATASIZE
0x111	SUB
0x113	ADD
0x115	CONST
0x11a	CONST
0x11f	CONST
0xa45	CONST
0xa47	CONST
0xa4b	CONST
0xa52	CONST
0xa56	CONST
0xa5e	CONST
0xa7f	SUB
0xa81	GT
0xa82	ISZERO
0xa83	CONST
0xa87	CONST
0xa8a	CONST
0xa92	ADD
0xae6	CONST
0xb07	CONST
0xb0a	CONST
0xb0c	CONST
0xb0f	CONST
0xb11	CONST
0xb69	CONST
0xb6b	CONST
0xb6d	CONST
0xb6f	CONST
0xb71	CONST
0xb73	CONST
0xb75	CONST
0xb79	CONST
0xb7c	CONST
0xb7f	CONST
0xb82	CONST
0xb85	CONST
0xb88	CONST
0x7380x0	CONST
0x7330x0	CONST
0x72e0x0	CONST
0x72e0xb77	CONST
0x72a0x0	CONST
0x7250x0	CONST
0x71f0x0	CONST
0x71b0x0	CONST
0x7170x0	CONST
0x1710x0	CONST
0x1710xb77	CONST
0x1690x0	CONST
0x1690xb77	CONST
0x1610x0	CONST
0x15d0x0	CONST
0x15d0xb77	CONST
0x1260x0	CONST
0x1260xb77	CONST
0x7380xb77	CONST
0x7370x0	RETURNDATASIZE
0x7370xb77	RETURNDATASIZE
0x7330xb77	CONST
0x7320x0	RETURNDATASIZE
0x7320xb77	RETURNDATASIZE
0x72d0x0	EQ
0x72d0xb77	EQ
0x72a0xb77	CONST
0x7250xb77	CONST
0x7240x0	RETURNDATASIZE
0x7240xb77	RETURNDATASIZE
0x7230x0	DELEGATECALL
0x7230xb77	DELEGATECALL
0x7220x0	GAS
0x7220xb77	GAS
0x71f0xb77	CONST
0x71e0x0	CALLDATASIZE
0x71e0xb77	CALLDATASIZE
0x71b0xb77	CONST
0x7170xb77	CONST
0x7160x0	CALLDATASIZE
0x7160xb77	CALLDATASIZE
0x16c0x0	CONST
0x16c0xb77	CONST
0x1660x0	CONST
0x1660xb77	CONST
0x1610xb77	CONST
0x15c0x0	ISZERO
0x15c0xb77	ISZERO
0x15b0x0	EQ
0x15b0xb77	EQ
0x15a0x0	AND
0x15a0xb77	AND
0x1450x0	CONST
0x1450xb77	CONST
0x1440x0	CALLER
0x1440xb77	CALLER
0x1430x0	AND
0x1430xb77	AND
0x12e0x0	CONST
0x12e0xb77	CONST
0x1290x0	CONST
0x1290xb77	CONST
0xacdS0xa44	CONST
0xacdS0xa4f	CONST
0x6c4S0x1250x0	CONST
0x6c6S0x1250x0	CONST
0x6e7S0x1250x0	SLOAD
0x6c4S0x1250xb77	CONST
0x6c6S0x1250xb77	CONST
0x6e7S0x1250xb77	SLOAD
0x6edS0x1650x0	CONST
0x6efS0x1650x0	CONST
0x710S0x1650x0	SLOAD
0x6edS0x1650xb77	CONST
0x6efS0x1650xb77	CONST
0x710S0x1650xb77	SLOAD
0x1b3S0x7e	CONST
0x1b5S0x7e	CONST
0x1d7S0x7e	CONST
0x1f8S0x7e	CONST
0x1faS0x7e	MLOAD
0x1fbS0x7e	CONST
0x1fdS0x7e	MLOAD
0x200S0x7e	SUB
0x203S0x7e	CONST
0x7330x177S0x7e	CONST
0x7320x177S0x7e	RETURNDATASIZE
0x1610x177S0x7e	CONST
0x178S0x7e	CONST
0x17bS0x7e	CONST
0x180S0x7e	CONST
0x195S0x7e	AND
0x196S0x7e	CALLER
0x197S0x7e	CONST
0x1acS0x7e	AND
0x1adS0x7e	EQ
0x1aeS0x7e	ISZERO
0x1afS0x7e	CONST
0x208S0x7e	CONST
0x20bS0x7e	CONST
0x1260x177S0x7e	CONST
0x1290x177S0x7e	CONST
0x1690x177S0x7e	CONST
0x16c0x177S0x7e	CONST
0x1660x177S0x7e	CONST
0x72e0x177S0x7e	CONST
0x72d0x177S0x7e	EQ
0x72a0x177S0x7e	CONST
0x7250x177S0x7e	CONST
0x7240x177S0x7e	RETURNDATASIZE
0x7230x177S0x7e	DELEGATECALL
0x7220x177S0x7e	GAS
0x71f0x177S0x7e	CONST
0x71e0x177S0x7e	CALLDATASIZE
0x71b0x177S0x7e	CONST
0x7170x177S0x7e	CONST
0x7160x177S0x7e	CALLDATASIZE
0x1710x177S0x7e	CONST
0x15d0x177S0x7e	CONST
0x15c0x177S0x7e	ISZERO
0x15b0x177S0x7e	EQ
0x15a0x177S0x7e	AND
0x1450x177S0x7e	CONST
0x1440x177S0x7e	CALLER
0x1430x177S0x7e	AND
0x12e0x177S0x7e	CONST
0x7380x177S0x7e	CONST
0x7370x177S0x7e	RETURNDATASIZE
0x6c4S0x177S0x7e	CONST
0x6c6S0x177S0x7e	CONST
0x6e7S0x177S0x7e	SLOAD
0x6c4S0x1250x177S0x7e	CONST
0x6c6S0x1250x177S0x7e	CONST
0x6e7S0x1250x177S0x7e	SLOAD
0x6edS0x1650x177S0x7e	CONST
0x6efS0x1650x177S0x7e	CONST
0x710S0x1650x177S0x7e	SLOAD
0x24eS0x95	CONST
0x250S0x95	CONST
0x271S0x95	SLOAD
0x275S0x95	CONST
0x297S0x95	CONST
0x2b8S0x95	CONST
0x2baS0x95	MLOAD
0x2bbS0x95	CONST
0x2bdS0x95	MLOAD
0x2c0S0x95	SUB
0x2c4S0x95	CONST
0x7330x212S0x95	CONST
0x7320x212S0x95	RETURNDATASIZE
0x1610x212S0x95	CONST
0x213S0x95	CONST
0x216S0x95	CONST
0x21bS0x95	CONST
0x230S0x95	AND
0x231S0x95	CALLER
0x232S0x95	CONST
0x247S0x95	AND
0x248S0x95	EQ
0x249S0x95	ISZERO
0x24aS0x95	CONST
0x2c9S0x95	CONST
0x2ccS0x95	CONST
0x1260x212S0x95	CONST
0x1290x212S0x95	CONST
0x1690x212S0x95	CONST
0x16c0x212S0x95	CONST
0x1660x212S0x95	CONST
0x72e0x212S0x95	CONST
0x72d0x212S0x95	EQ
0x72a0x212S0x95	CONST
0x7250x212S0x95	CONST
0x7240x212S0x95	RETURNDATASIZE
0x7230x212S0x95	DELEGATECALL
0x7220x212S0x95	GAS
0x71f0x212S0x95	CONST
0x71e0x212S0x95	CALLDATASIZE
0x71b0x212S0x95	CONST
0x7170x212S0x95	CONST
0x7160x212S0x95	CALLDATASIZE
0x1710x212S0x95	CONST
0x15d0x212S0x95	CONST
0x15c0x212S0x95	ISZERO
0x15b0x212S0x95	EQ
0x15a0x212S0x95	AND
0x1450x212S0x95	CONST
0x1440x212S0x95	CALLER
0x1430x212S0x95	AND
0x12e0x212S0x95	CONST
0x7380x212S0x95	CONST
0x7370x212S0x95	RETURNDATASIZE
0x6c4S0x212S0x95	CONST
0x6c6S0x212S0x95	CONST
0x6e7S0x212S0x95	SLOAD
0x6c4S0x1250x212S0x95	CONST
0x6c6S0x1250x212S0x95	CONST
0x6e7S0x1250x212S0x95	SLOAD
0x6edS0x1650x212S0x95	CONST
0x6efS0x1650x212S0x95	CONST
0x710S0x1650x212S0x95	SLOAD
0x7330x468S0xde	CONST
0x7320x468S0xde	RETURNDATASIZE
0x1610x468S0xde	CONST
0x469S0xde	CONST
0x46cS0xde	CONST
0x471S0xde	CONST
0x486S0xde	AND
0x487S0xde	CALLER
0x488S0xde	CONST
0x49dS0xde	AND
0x49eS0xde	EQ
0x49fS0xde	ISZERO
0x4a0S0xde	CONST
0x513S0xde	CONST
0x516S0xde	CONST
0x4c3S0xde	CONST
0x4d8S0xde	AND
0x4d9S0xde	CONST
0x4faS0xde	CONST
0x4fcS0xde	MLOAD
0x4fdS0xde	CONST
0x4ffS0xde	MLOAD
0x502S0xde	SUB
0x505S0xde	CONST
0x509S0xde	CONST
0x50eS0xde	CONST
0x83dS0xde	CONST
0x4a5S0xde	CONST
0x4baS0xde	AND
0x4bbS0xde	CONST
0x4beS0xde	CONST
0x1260x468S0xde	CONST
0x1290x468S0xde	CONST
0x1690x468S0xde	CONST
0x16c0x468S0xde	CONST
0x1660x468S0xde	CONST
0x72e0x468S0xde	CONST
0x72d0x468S0xde	EQ
0x72a0x468S0xde	CONST
0x7250x468S0xde	CONST
0x7240x468S0xde	RETURNDATASIZE
0x7230x468S0xde	DELEGATECALL
0x7220x468S0xde	GAS
0x71f0x468S0xde	CONST
0x71e0x468S0xde	CALLDATASIZE
0x71b0x468S0xde	CONST
0x7170x468S0xde	CONST
0x7160x468S0xde	CALLDATASIZE
0x1710x468S0xde	CONST
0x15d0x468S0xde	CONST
0x15c0x468S0xde	ISZERO
0x15b0x468S0xde	EQ
0x15a0x468S0xde	AND
0x1450x468S0xde	CONST
0x1440x468S0xde	CALLER
0x1430x468S0xde	AND
0x12e0x468S0xde	CONST
0x7380x468S0xde	CONST
0x7370x468S0xde	RETURNDATASIZE
0x6c4S0x468S0xde	CONST
0x6c6S0x468S0xde	CONST
0x6e7S0x468S0xde	SLOAD
0x6c4S0x4a4S0xde	CONST
0x6c6S0x4a4S0xde	CONST
0x6e7S0x4a4S0xde	SLOAD
0x6c4S0x1250x468S0xde	CONST
0x6c6S0x1250x468S0xde	CONST
0x6e7S0x1250x468S0xde	SLOAD
0x6edS0x1650x468S0xde	CONST
0x6efS0x1650x468S0xde	CONST
0x710S0x1650x468S0xde	SLOAD
0x55aS0xf1	CONST
0x55dS0xf1	CONST
0x569S0xf1	CONST
0x7330x51eS0xf1	CONST
0x7320x51eS0xf1	RETURNDATASIZE
0x1610x51eS0xf1	CONST
0x51fS0xf1	CONST
0x522S0xf1	CONST
0x527S0xf1	CONST
0x53cS0xf1	AND
0x53dS0xf1	CALLER
0x53eS0xf1	CONST
0x553S0xf1	AND
0x554S0xf1	EQ
0x555S0xf1	ISZERO
0x556S0xf1	CONST
0x600S0xf1	CONST
0x603S0xf1	CONST
0x562S0xf1	NUMBER
0x563S0xf1	LT
0x564S0xf1	ISZERO
0x565S0xf1	CONST
0x862S0xf1	CONST
0x864S0xf1	CONST
0x885S0xf1	SLOAD
0x56eS0xf1	CONST
0x570S0xf1	CONST
0x591S0xf1	SLOAD
0x595S0xf1	CONST
0x5b8S0xf1	CONST
0x5cdS0xf1	AND
0x5ceS0xf1	CONST
0x5efS0xf1	CONST
0x5f1S0xf1	MLOAD
0x5f2S0xf1	CONST
0x5f4S0xf1	MLOAD
0x5f7S0xf1	SUB
0x5fbS0xf1	CONST
0x1260x51eS0xf1	CONST
0x1290x51eS0xf1	CONST
0x1690x51eS0xf1	CONST
0x16c0x51eS0xf1	CONST
0x1660x51eS0xf1	CONST
0x72e0x51eS0xf1	CONST
0x72d0x51eS0xf1	EQ
0x72a0x51eS0xf1	CONST
0x7250x51eS0xf1	CONST
0x7240x51eS0xf1	RETURNDATASIZE
0x7230x51eS0xf1	DELEGATECALL
0x7220x51eS0xf1	GAS
0x71f0x51eS0xf1	CONST
0x71e0x51eS0xf1	CALLDATASIZE
0x71b0x51eS0xf1	CONST
0x7170x51eS0xf1	CONST
0x7160x51eS0xf1	CALLDATASIZE
0x1710x51eS0xf1	CONST
0x15d0x51eS0xf1	CONST
0x15c0x51eS0xf1	ISZERO
0x15b0x51eS0xf1	EQ
0x15a0x51eS0xf1	AND
0x1450x51eS0xf1	CONST
0x1440x51eS0xf1	CALLER
0x1430x51eS0xf1	AND
0x12e0x51eS0xf1	CONST
0x7380x51eS0xf1	CONST
0x7370x51eS0xf1	RETURNDATASIZE
0x6c4S0x51eS0xf1	CONST
0x6c6S0x51eS0xf1	CONST
0x6e7S0x51eS0xf1	SLOAD
0x6c4S0x1250x51eS0xf1	CONST
0x6c6S0x1250x51eS0xf1	CONST
0x6e7S0x1250x51eS0xf1	SLOAD
0x6edS0x1650x51eS0xf1	CONST
0x6efS0x1650x51eS0xf1	CONST
0x710S0x1650x51eS0xf1	SLOAD
0x30fS0xb5	CONST
0x311S0xb5	CONST
0x326S0xb5	AND
0x327S0xb5	CONST
0x32aS0xb5	CONST
0x361S0xb5	CONST
0x364S0xb5	CONST
0x420S0xb5	CONST
0x422S0xb5	MLOAD
0x425S0xb5	CONST
0x427S0xb5	NOT
0x428S0xb5	CONST
0x42aS0xb5	RETURNDATASIZE
0x42bS0xb5	ADD
0x42cS0xb5	AND
0x42eS0xb5	ADD
0x42fS0xb5	CONST
0x432S0xb5	RETURNDATASIZE
0x435S0xb5	RETURNDATASIZE
0x436S0xb5	CONST
0x438S0xb5	CONST
0x43bS0xb5	ADD
0x43dS0xb5	CONST
0x450S0xb5	CONST
0x7adS0xb5	CONST
0x7330x2d3S0xb5	CONST
0x7320x2d3S0xb5	RETURNDATASIZE
0x1610x2d3S0xb5	CONST
0x2d4S0xb5	CONST
0x2d7S0xb5	CONST
0x2dcS0xb5	CONST
0x2f1S0xb5	AND
0x2f2S0xb5	CALLER
0x2f3S0xb5	CONST
0x308S0xb5	AND
0x309S0xb5	EQ
0x30aS0xb5	ISZERO
0x30bS0xb5	CONST
0x45bS0xb5	CONST
0x45eS0xb5	CONST
0x32fS0xb5	CONST
0x344S0xb5	AND
0x345S0xb5	EQ
0x347S0xb5	CONST
0x35cS0xb5	ISZERO
0x35dS0xb5	CONST
0x35b_0x0S0xb5	PHI
0x358S0xb5	ISZERO
0x359S0xb5	ISZERO
0x35aS0xb5	EQ
0x73cS0xb5	CONST
0x73eS0xb5	CONST
0x75fS0xb5	SLOAD
0x3d4S0xb5	CONST
0x3d8S0xb5	CONST
0x36aS0xb5	CONST
0x38dS0xb5	CONST
0x3a2S0xb5	AND
0x3a3S0xb5	CONST
0x3c4S0xb5	CONST
0x3c6S0xb5	MLOAD
0x3c7S0xb5	CONST
0x3c9S0xb5	MLOAD
0x3ccS0xb5	SUB
0x3cfS0xb5	CONST
0x3deS0xb5	CONST
0x3e1S0xb5	CONST
0x3f6S0xb5	AND
0x3f9S0xb5	CONST
0x3fbS0xb5	MLOAD
0x3fcS0xb5	CONST
0x402S0xb5	CONST
0x79eS0xb5	CONST
0x7a1S0xb5	CONST
0x407S0xb5	CONST
0x409S0xb5	CONST
0x40bS0xb5	MLOAD
0x40eS0xb5	SUB
0x411S0xb5	GAS
0x412S0xb5	DELEGATECALL
0x416S0xb5	RETURNDATASIZE
0x418S0xb5	CONST
0x41bS0xb5	EQ
0x41cS0xb5	CONST
0x442S0xb5	CONST
0x44cS0xb5	CONST
0x456S0xb5	CONST
0x7a6S0xb5	NUMBER
0x7a7S0xb5	LT
0x7a8S0xb5	ISZERO
0x7a9S0xb5	CONST
0x7b2S0xb5	CONST
0x7b5S0xb5	CONST
0x7bbS0xb5	CONST
0x7deS0xb5	CONST
0x7f3S0xb5	AND
0x7f4S0xb5	CONST
0x815S0xb5	CONST
0x819S0xb5	NUMBER
0x81aS0xb5	CONST
0x81fS0xb5	CONST
0x822S0xb5	CALLPRIVATE
0x824S0xb5	CONST
0x826S0xb5	MLOAD
0x827S0xb5	CONST
0x82cS0xb5	CONST
0x831S0xb5	CONST
0x833S0xb5	MLOAD
0x836S0xb5	SUB
0x34cS0xb5	CONST
0x34eS0xb5	ISZERO
0x34fS0xb5	ISZERO
0x350S0xb5	CONST
0x353S0xb5	CONST
0x72e0x2d3S0xb5	CONST
0x72d0x2d3S0xb5	EQ
0x72a0x2d3S0xb5	CONST
0x7250x2d3S0xb5	CONST
0x7240x2d3S0xb5	RETURNDATASIZE
0x7230x2d3S0xb5	DELEGATECALL
0x7220x2d3S0xb5	GAS
0x71f0x2d3S0xb5	CONST
0x71e0x2d3S0xb5	CALLDATASIZE
0x71b0x2d3S0xb5	CONST
0x7170x2d3S0xb5	CONST
0x7160x2d3S0xb5	CALLDATASIZE
0x1710x2d3S0xb5	CONST
0x1690x2d3S0xb5	CONST
0x16c0x2d3S0xb5	CONST
0x1660x2d3S0xb5	CONST
0x15d0x2d3S0xb5	CONST
0x15c0x2d3S0xb5	ISZERO
0x15b0x2d3S0xb5	EQ
0x15a0x2d3S0xb5	AND
0x1450x2d3S0xb5	CONST
0x1440x2d3S0xb5	CALLER
0x1430x2d3S0xb5	AND
0x12e0x2d3S0xb5	CONST
0x1260x2d3S0xb5	CONST
0x1290x2d3S0xb5	CONST
0x7380x2d3S0xb5	CONST
0x7370x2d3S0xb5	RETURNDATASIZE
0x6edS0x30fS0xb5	CONST
0x6efS0x30fS0xb5	CONST
0x710S0x30fS0xb5	SLOAD
0x765S0x361S0xb5	CONST
0x767S0x361S0xb5	CONST
0x76bS0x361S0xb5	NUMBER
0x76cS0x361S0xb5	CONST
0x771S0x361S0xb5	CONST
0x774S0x361S0xb5	CALLPRIVATE
0x779S0x361S0xb5	CONST
0x6c4S0x2d3S0xb5	CONST
0x6c6S0x2d3S0xb5	CONST
0x6e7S0x2d3S0xb5	SLOAD
0xa06S0x3ddS0xb5	CONST
0xa08S0x3ddS0xb5	CONST
0xa0eS0x3ddS0xb5	CONST
0x9e0S0x3ddS0xb5	CONST
0x9e6S0x3ddS0xb5	CONST
0xa3aS0x3ddS0xb5	CONST
0x9edS0x3ddS0xb5	ADD
0xadbS0x3ddS0xb5	CONST
0xadfS0x3ddS0xb5	ADD
0x9d2S0x3ddS0xb5	CONST
0x9d4S0x3ddS0xb5	CONST
0x9d9S0x3ddS0xb5	CONST
0x88bS0x79dS0xb5	CONST
0x88dS0x79dS0xb5	CONST
0x8aeS0x79dS0xb5	SLOAD
0x765S0x7b1S0xb5	CONST
0x767S0x7b1S0xb5	CONST
0x76bS0x7b1S0xb5	NUMBER
0x76cS0x7b1S0xb5	CONST
0x771S0x7b1S0xb5	CONST
0x774S0x7b1S0xb5	CALLPRIVATE
0x779S0x7b1S0xb5	CONST
0x6c4S0x1250x2d3S0xb5	CONST
0x6c6S0x1250x2d3S0xb5	CONST
0x6e7S0x1250x2d3S0xb5	SLOAD
0x6edS0x1650x2d3S0xb5	CONST
0x6efS0x1650x2d3S0xb5	CONST
0x710S0x1650x2d3S0xb5	SLOAD
0xa1fS0x823S0xb5	CONST
0xa21S0x823S0xb5	CONST
0xa24S0x823S0xb5	ADD
0xa27S0x823S0xb5	CONST
0xa2aS0x823S0xb5	CONST
0xa2dS0x823S0xb5	ADD
0xa2fS0x823S0xb5	CONST
0x9f7S0x823S0xb5	CONST
0x9fbS0x823S0xb5	CONST
0xacdS0x9f6S0x823S0xb5	CONST
0x646S0x11e	CONST
0x649S0x11e	CONST
0x654S0x11e	CONST
0x7330x60aS0x11e	CONST
0x7320x60aS0x11e	RETURNDATASIZE
0x1610x60aS0x11e	CONST
0x60bS0x11e	CONST
0x60eS0x11e	CONST
0x613S0x11e	CONST
0x628S0x11e	AND
0x629S0x11e	CALLER
0x62aS0x11e	CONST
0x63fS0x11e	AND
0x640S0x11e	EQ
0x641S0x11e	ISZERO
0x642S0x11e	CONST
0x6b8S0x11e	CONST
0x6bbS0x11e	CONST
0x64fS0x11e	GT
0x650S0x11e	CONST
0x65aS0x11e	CONST
0x67cS0x11e	CONST
0x69eS0x11e	CONST
0x6a0S0x11e	MLOAD
0x6a1S0x11e	CONST
0x6a6S0x11e	CONST
0x6abS0x11e	CONST
0x6adS0x11e	MLOAD
0x6b0S0x11e	SUB
0x6b3S0x11e	CONST
0x72e0x60aS0x11e	CONST
0x72d0x60aS0x11e	EQ
0x72a0x60aS0x11e	CONST
0x7250x60aS0x11e	CONST
0x7240x60aS0x11e	RETURNDATASIZE
0x7230x60aS0x11e	DELEGATECALL
0x7220x60aS0x11e	GAS
0x71f0x60aS0x11e	CONST
0x71e0x60aS0x11e	CALLDATASIZE
0x71b0x60aS0x11e	CONST
0x7170x60aS0x11e	CONST
0x7160x60aS0x11e	CALLDATASIZE
0x1710x60aS0x11e	CONST
0x1690x60aS0x11e	CONST
0x16c0x60aS0x11e	CONST
0x1660x60aS0x11e	CONST
0x15d0x60aS0x11e	CONST
0x15c0x60aS0x11e	ISZERO
0x15b0x60aS0x11e	EQ
0x15a0x60aS0x11e	AND
0x1450x60aS0x11e	CONST
0x1440x60aS0x11e	CALLER
0x1430x60aS0x11e	AND
0x12e0x60aS0x11e	CONST
0x1260x60aS0x11e	CONST
0x1290x60aS0x11e	CONST
0x7380x60aS0x11e	CONST
0x7370x60aS0x11e	RETURNDATASIZE
0x88bS0x646S0x11e	CONST
0x88dS0x646S0x11e	CONST
0x8aeS0x646S0x11e	SLOAD
0x6c4S0x60aS0x11e	CONST
0x6c6S0x60aS0x11e	CONST
0x6e7S0x60aS0x11e	SLOAD
0x6c4S0x1250x60aS0x11e	CONST
0x6c6S0x1250x60aS0x11e	CONST
0x6e7S0x1250x60aS0x11e	SLOAD
0x6edS0x1650x60aS0x11e	CONST
0x6efS0x1650x60aS0x11e	CONST
0x710S0x1650x60aS0x11e	SLOAD
0xa1fS0x658S0x11e	CONST
0xa21S0x658S0x11e	CONST
0xa24S0x658S0x11e	ADD
0xa27S0x658S0x11e	CONST
0xa2aS0x658S0x11e	CONST
0xa2dS0x658S0x11e	ADD
0xa2fS0x658S0x11e	CONST
0x9f7S0x658S0x11e	CONST
0x9fbS0x658S0x11e	CONST
0xacdS0x9f6S0x658S0x11e	CONST
0x935S0xc8	CONST
0x928S0xc8	CONST
0x92aS0xc8	CONST
0x92eS0xc8	SUB
0x92fS0xc8	SLT
0x930S0xc8	ISZERO
0x931S0xc8	CONST
0x93aS0xc8	CONST
0x93cS0xc8	CONST
0x942S0xc8	ADD
0x943S0xc8	CONST
0x8b4S0x939S0xc8	CONST
0x8b7S0x939S0xc8	CALLDATALOAD
0x8baS0x939S0xc8	CONST
0x8beS0x939S0xc8	CONST
0xb24S0x8b3S0x939S0xc8	CONST
0xb15S0x8b3S0x939S0xc8	CONST
0xb19S0x8b3S0x939S0xc8	CONST
0xb1fS0x8b3S0x939S0xc8	EQ
0xb20S0x8b3S0x939S0xc8	CONST
0xaadS0xb14S0x8b3S0x939S0xc8	CONST
0xaafS0xb14S0x8b3S0x939S0xc8	CONST
0xac5S0xb14S0x8b3S0x939S0xc8	AND
0xa9bS0xb14S0x8b3S0x939S0xc8	CONST
0xa9dS0xb14S0x8b3S0x939S0xc8	CONST
0xaa1S0xb14S0x8b3S0x939S0xc8	CONST
0x9b6S0x108	CONST
0x9a9S0x108	CONST
0x9abS0x108	CONST
0x9afS0x108	SUB
0x9b0S0x108	SLT
0x9b1S0x108	ISZERO
0x9b2S0x108	CONST
0x9bbS0x108	CONST
0x9bdS0x108	CONST
0x9c3S0x108	ADD
0x9c4S0x108	CONST
0x913S0x9baS0x108	CONST
0x916S0x9baS0x108	CALLDATALOAD
0x919S0x9baS0x108	CONST
0x91dS0x9baS0x108	CONST
0xb3bS0x912S0x9baS0x108	CONST
0xb2cS0x912S0x9baS0x108	CONST
0xb30S0x912S0x9baS0x108	CONST
0xb36S0x912S0x9baS0x108	EQ
0xb37S0x912S0x9baS0x108	CONST
0xacdS0xb2bS0x912S0x9baS0x108	CONST
0x961S0xa0	CONST
0x98cS0xa0	CONST
0x951S0xa0	CONST
0x954S0xa0	CONST
0x956S0xa0	CONST
0x95aS0xa0	SUB
0x95bS0xa0	SLT
0x95cS0xa0	ISZERO
0x95dS0xa0	CONST
0x966S0xa0	CONST
0x968S0xa0	CONST
0x96eS0xa0	ADD
0x96fS0xa0	CONST
0x977S0xa0	CONST
0x97aS0xa0	ADD
0x97bS0xa0	CALLDATALOAD
0x97cS0xa0	CONST
0x986S0xa0	GT
0x987S0xa0	ISZERO
0x988S0xa0	CONST
0x991S0xa0	CONST
0x997S0xa0	ADD
0x998S0xa0	CONST
0x8d6S0x990S0xa0	CONST
0x8efS0x990S0xa0	CONST
0x907S0x990S0xa0	CONST
0x8dcS0x990S0xa0	CALLDATALOAD
0x8dfS0x990S0xa0	CONST
0x8e9S0x990S0xa0	GT
0x8eaS0x990S0xa0	ISZERO
0x8ebS0x990S0xa0	CONST
0x8f4S0x990S0xa0	CONST
0x8f7S0x990S0xa0	ADD
0x8fbS0x990S0xa0	CONST
0x8feS0x990S0xa0	MUL
0x900S0x990S0xa0	ADD
0x901S0x990S0xa0	GT
0x902S0x990S0xa0	ISZERO
0x903S0x990S0xa0	CONST
0x8c9S0x990S0xa0	CONST
0x8cdS0x990S0xa0	CONST
0x8d0S0x990S0xa0	ADD
0x8d1S0x990S0xa0	SLT
0x8d2S0x990S0xa0	CONST
0x8b4S0x965S0xa0	CONST
0x8b7S0x965S0xa0	CALLDATALOAD
0x8baS0x965S0xa0	CONST
0x8beS0x965S0xa0	CONST
0xb24S0x8b3S0x965S0xa0	CONST
0xb15S0x8b3S0x965S0xa0	CONST
0xb19S0x8b3S0x965S0xa0	CONST
0xb1fS0x8b3S0x965S0xa0	EQ
0xb20S0x8b3S0x965S0xa0	CONST
0xaadS0xb14S0x8b3S0x965S0xa0	CONST
0xaafS0xb14S0x8b3S0x965S0xa0	CONST
0xac5S0xb14S0x8b3S0x965S0xa0	AND
0xa9bS0xb14S0x8b3S0x965S0xa0	CONST
0xa9dS0xb14S0x8b3S0x965S0xa0	CONST
0xaa1S0xb14S0x8b3S0x965S0xa0	CONST
0xdd	JUMP
0xb4	JUMP
0x11d	JUMP
0xa4e	JUMP
0xa59	JUMP
0x12c0x0	JUMP
0x12c0xb77	JUMP
0x16f0x0	JUMP
0x16f0xb77	JUMP
0x58	JUMP
0x65	JUMP
0x6f	JUMP
0xa8d	JUMP
0x1740x0	JUMP
0x1740xb77	JUMP
0x88	STOP
0x9f	STOP
0xbb	STOP
0xe4	STOP
0xfb	STOP
0x124	STOP
0xc	JUMPI
0x5e	JUMPI
0x79	JUMPI
0x90	JUMPI
0xc3	JUMPI
0xec	JUMPI
0x103	JUMPI
0xa86	JUMPI
0xb6a	JUMPI
0xb6c	JUMPI
0xb6e	JUMPI
0xb70	JUMPI
0xb72	JUMPI
0xb74	JUMPI
0x1600x0	JUMPI
0x1600xb77	JUMPI
0x7310x0	JUMPI
0x7310xb77	JUMPI
0x7350x0	RETURN
0x7350xb77	RETURN
0x7d	REVERT
0x94	REVERT
0xc7	REVERT
0xf0	REVERT
0x107	REVERT
0xb13	REVERT
0x1640x0	REVERT
0x1640xb77	REVERT
0x73a0x0	REVERT
0x73a0xb77	REVERT
0x71a0x0	CALLDATACOPY
0x71a0xb77	CALLDATACOPY
0xb09	MSTORE
0xb0e	MSTORE
0x7280x0	RETURNDATACOPY
0x7280xb77	RETURNDATACOPY
0x86	JUMP
0x9d	JUMP
0xb9	JUMP
0xe2	JUMP
0xf9	JUMP
0x122	JUMP
0xb76	CALLPRIVATE
0xb7a	CALLPRIVATE
0xb7d	CALLPRIVATE
0xb80	CALLPRIVATE
0xb83	CALLPRIVATE
0xb86	CALLPRIVATE
0xb89	CALLPRIVATE
0xa99	RETURNPRIVATE
0xad5S0xa44	JUMP
0xad5S0xa4f	JUMP
0x6ebS0x1250x0	JUMP
0x6ebS0x1250xb77	JUMP
0x714S0x1650x0	JUMP
0x714S0x1650xb77	JUMP
0x206S0x7e	JUMP
0x1d6S0x7e	SSTORE
0x202S0x7e	LOG1
0x7350x177S0x7e	RETURN
0x1640x177S0x7e	REVERT
0x17eS0x7e	JUMP
0x1b2S0x7e	JUMPI
0x20eS0x7e	JUMP
0x211S0x7e	JUMP
0x12c0x177S0x7e	JUMP
0x16f0x177S0x7e	JUMP
0x7310x177S0x7e	JUMPI
0x71a0x177S0x7e	CALLDATACOPY
0x7280x177S0x7e	RETURNDATACOPY
0x1740x177S0x7e	JUMP
0x1600x177S0x7e	JUMPI
0x73a0x177S0x7e	REVERT
0x6ebS0x177S0x7e	JUMP
0x6ebS0x1250x177S0x7e	JUMP
0x714S0x1650x177S0x7e	JUMP
0x2c7S0x95	JUMP
0x296S0x95	SSTORE
0x2c2S0x95	LOG1
0x7350x212S0x95	RETURN
0x1640x212S0x95	REVERT
0x219S0x95	JUMP
0x24dS0x95	JUMPI
0x2cfS0x95	JUMP
0x2d2S0x95	JUMP
0x12c0x212S0x95	JUMP
0x16f0x212S0x95	JUMP
0x7310x212S0x95	JUMPI
0x71a0x212S0x95	CALLDATACOPY
0x7280x212S0x95	RETURNDATACOPY
0x1740x212S0x95	JUMP
0x1600x212S0x95	JUMPI
0x73a0x212S0x95	REVERT
0x6ebS0x212S0x95	JUMP
0x6ebS0x1250x212S0x95	JUMP
0x714S0x1650x212S0x95	JUMP
0x7350x468S0xde	RETURN
0x1640x468S0xde	REVERT
0x46fS0xde	JUMP
0x4a3S0xde	JUMPI
0x519S0xde	JUMP
0x50cS0xde	JUMP
0x504S0xde	LOG3
0x511S0xde	JUMP
0x860S0xde	JUMP
0x85eS0xde	SSTORE
0x51dS0xde	JUMP
0x4c1S0xde	JUMP
0x12c0x468S0xde	JUMP
0x16f0x468S0xde	JUMP
0x7310x468S0xde	JUMPI
0x71a0x468S0xde	CALLDATACOPY
0x7280x468S0xde	RETURNDATACOPY
0x1740x468S0xde	JUMP
0x1600x468S0xde	JUMPI
0x73a0x468S0xde	REVERT
0x6ebS0x468S0xde	JUMP
0x6ebS0x4a4S0xde	JUMP
0x6ebS0x1250x468S0xde	JUMP
0x714S0x1650x468S0xde	JUMP
0x560S0xf1	JUMP
0x56cS0xf1	REVERT
0x7350x51eS0xf1	RETURN
0x1640x51eS0xf1	REVERT
0x525S0xf1	JUMP
0x559S0xf1	JUMPI
0x606S0xf1	JUMP
0x568S0xf1	JUMPI
0x889S0xf1	JUMP
0x5feS0xf1	JUMP
0x5b6S0xf1	SSTORE
0x5f9S0xf1	LOG2
0x609S0xf1	JUMP
0x12c0x51eS0xf1	JUMP
0x16f0x51eS0xf1	JUMP
0x7310x51eS0xf1	JUMPI
0x71a0x51eS0xf1	CALLDATACOPY
0x7280x51eS0xf1	RETURNDATACOPY
0x1740x51eS0xf1	JUMP
0x1600x51eS0xf1	JUMPI
0x73a0x51eS0xf1	REVERT
0x6ebS0x51eS0xf1	JUMP
0x6ebS0x1250x51eS0xf1	JUMP
0x714S0x1650x51eS0xf1	JUMP
0x32dS0xb5	JUMP
0x367S0xb5	JUMP
0x440S0xb5	JUMP
0x431S0xb5	MSTORE
0x434S0xb5	MSTORE
0x43cS0xb5	RETURNDATACOPY
0x453S0xb5	REVERT
0x7b0S0xb5	REVERT
0x7350x2d3S0xb5	RETURN
0x1640x2d3S0xb5	REVERT
0x2daS0xb5	JUMP
0x30eS0xb5	JUMPI
0x461S0xb5	JUMP
0x34aS0xb5	JUMPI
0x360S0xb5	JUMPI
0x763S0xb5	JUMP
0x3dbS0xb5	JUMP
0x3d2S0xb5	JUMP
0x38bS0xb5	SSTORE
0x3ceS0xb5	LOG2
0x405S0xb5	JUMP
0x7a4S0xb5	JUMP
0x41fS0xb5	JUMPI
0x44fS0xb5	JUMPI
0x459S0xb5	JUMP
0x467S0xb5	JUMP
0x7acS0xb5	JUMPI
0x7b8S0xb5	JUMP
0x7dcS0xb5	SSTORE
0x82fS0xb5	JUMP
0x83aS0xb5	JUMP
0x838S0xb5	LOG2
0x356S0xb5	JUMP
0x7310x2d3S0xb5	JUMPI
0x71a0x2d3S0xb5	CALLDATACOPY
0x7280x2d3S0xb5	RETURNDATACOPY
0x1740x2d3S0xb5	JUMP
0x16f0x2d3S0xb5	JUMP
0x1600x2d3S0xb5	JUMPI
0x12c0x2d3S0xb5	JUMP
0x73a0x2d3S0xb5	REVERT
0x714S0x30fS0xb5	JUMP
0x79aS0x361S0xb5	SSTORE
0x79cS0x361S0xb5	JUMP
0x6ebS0x2d3S0xb5	JUMP
0xa11S0x3ddS0xb5	JUMP
0x9e9S0x3ddS0xb5	JUMP
0xa43S0x3ddS0xb5	JUMP
0x9f5S0x3ddS0xb5	JUMP
0xae4S0x3ddS0xb5	JUMP
0xadaS0x3ddS0xb5	CALLDATACOPY
0xae0S0x3ddS0xb5	MSTORE
0x9dcS0x3ddS0xb5	JUMP
0x8b2S0x79dS0xb5	JUMP
0x79aS0x7b1S0xb5	SSTORE
0x79cS0x7b1S0xb5	JUMP
0x6ebS0x1250x2d3S0xb5	JUMP
0x714S0x1650x2d3S0xb5	JUMP
0xa1dS0x3ddS0xb5	JUMP
0xa32S0x823S0xb5	JUMP
0xa04S0x823S0xb5	JUMP
0xa01S0x823S0xb5	MSTORE
0xa38S0x823S0xb5	JUMP
0x9feS0x823S0xb5	JUMP
0xad5S0x9f6S0x823S0xb5	JUMP
0x64cS0x11e	JUMP
0x657S0x11e	REVERT
0x7350x60aS0x11e	RETURN
0x1640x60aS0x11e	REVERT
0x611S0x11e	JUMP
0x645S0x11e	JUMPI
0x6beS0x11e	JUMP
0x653S0x11e	JUMPI
0x6a9S0x11e	JUMP
0x67bS0x11e	SSTORE
0x6b6S0x11e	JUMP
0x6b2S0x11e	LOG1
0x6c2S0x11e	JUMP
0x7310x60aS0x11e	JUMPI
0x71a0x60aS0x11e	CALLDATACOPY
0x7280x60aS0x11e	RETURNDATACOPY
0x1740x60aS0x11e	JUMP
0x16f0x60aS0x11e	JUMP
0x1600x60aS0x11e	JUMPI
0x12c0x60aS0x11e	JUMP
0x73a0x60aS0x11e	REVERT
0x8b2S0x646S0x11e	JUMP
0x6ebS0x60aS0x11e	JUMP
0x6ebS0x1250x60aS0x11e	JUMP
0x714S0x1650x60aS0x11e	JUMP
0xa32S0x658S0x11e	JUMP
0xa04S0x658S0x11e	JUMP
0xa01S0x658S0x11e	MSTORE
0xa38S0x658S0x11e	JUMP
0x9feS0x658S0x11e	JUMP
0xad5S0x9f6S0x658S0x11e	JUMP
0x938S0xc8	REVERT
0x934S0xc8	JUMPI
0x946S0xc8	JUMP
0x94fS0xc8	JUMP
0x8c7S0x939S0xc8	JUMP
0x8c1S0x939S0xc8	JUMP
0xb27S0x8b3S0x939S0xc8	REVERT
0xb1cS0x8b3S0x939S0xc8	JUMP
0xb23S0x8b3S0x939S0xc8	JUMPI
0xb2aS0x8b3S0x939S0xc8	JUMP
0xaabS0xb14S0x8b3S0x939S0xc8	JUMP
0xacbS0xb14S0x8b3S0x939S0xc8	JUMP
0xaa4S0xb14S0x8b3S0x939S0xc8	JUMP
0x9b9S0x108	REVERT
0x9b5S0x108	JUMPI
0x9c7S0x108	JUMP
0x9d0S0x108	JUMP
0x926S0x9baS0x108	JUMP
0x920S0x9baS0x108	JUMP
0xb3eS0x912S0x9baS0x108	REVERT
0xb33S0x912S0x9baS0x108	JUMP
0xb3aS0x912S0x9baS0x108	JUMPI
0xb41S0x912S0x9baS0x108	JUMP
0xad5S0xb2bS0x912S0x9baS0x108	JUMP
0x964S0xa0	REVERT
0x98fS0xa0	REVERT
0x960S0xa0	JUMPI
0x972S0xa0	JUMP
0x98bS0xa0	JUMPI
0x99bS0xa0	JUMP
0x9a7S0xa0	JUMP
0x8d9S0x990S0xa0	REVERT
0x8f2S0x990S0xa0	REVERT
0x90aS0x990S0xa0	REVERT
0x8eeS0x990S0xa0	JUMPI
0x906S0x990S0xa0	JUMPI
0x8d5S0x990S0xa0	JUMPI
0x911S0x990S0xa0	JUMP
0x8c7S0x965S0xa0	JUMP
0x8c1S0x965S0xa0	JUMP
0xb27S0x8b3S0x965S0xa0	REVERT
0xb1cS0x8b3S0x965S0xa0	JUMP
0xb23S0x8b3S0x965S0xa0	JUMPI
0xb2aS0x8b3S0x965S0xa0	JUMP
0xaabS0xb14S0x8b3S0x965S0xa0	JUMP
0xacbS0xb14S0x8b3S0x965S0xa0	JUMP
0xaa4S0xb14S0x8b3S0x965S0xa0	JUMP
