0x0
0x3ad
0xc55
0x11cf
0x3f5
0x47f
0x530
0x57d
0x5b9
0x605
0x631
0x646
0x679
0x68e
0x6a3
0x6b8
0x6fb
0x71e
0x74f
0x77a
0x78f
0x840
0x855
0x86a
0x932
0x947
0x95c
0x971
0x986
0x9b9
0x9ce
0x9e3
0x9f8
0xa0d
0xa22
0xa45
0xa9e
0xab3
0xaee
0xb03
0xb18
0xb5b
0xb70
0xba3
0xbb8
0x12ab
