0x40	0x3c	1
0x40	0x3d	0
0x1f	0x1c	1
0x1f	0x1d	0
0x4	0x0	1
0x4	0x2	0
0xf	0xc	0
0xf	0xc	1
0x7	0x5	0
0x15	0x12	1
0x15	0x14	0
0x1c	0x1a	0
0x26	0x1f	1
0x26	0x21	0
0x31	0x1f	1
0x31	0x2c	0
0x3c	0x1f	1
0x3c	0x37	0
0x47	0x1f	1
0x47	0x42	0
0x52	0x1f	1
0x52	0x4d	0
0x5d	0x1f	1
0x5d	0x58	0
0x68	0x1f	1
0x68	0x63	0
0x73	0x1f	1
0x73	0x6e	0
0x83	0x1f	1
0x83	0x7e	0
0x8e	0x1f	1
0x8e	0x89	0
0x99	0x1f	1
0x99	0x94	0
0xa4	0x1f	1
0xa4	0x9f	0
0xb4	0x1f	1
0xb4	0xaf	0
0xbf	0x1f	1
0xbf	0xba	0
0xca	0x1f	1
0xca	0xc5	0
0xd5	0x1f	1
0xd5	0xd0	0
0xe0	0x1f	1
0xe0	0xdb	0
0xeb	0x1f	1
0xeb	0xe6	0
0xfb	0x1f	1
0xfb	0xf6	0
0x106	0x1f	1
0x106	0x101	0
0x111	0x1f	1
0x111	0x10c	0
0x11c	0x1f	1
0x11c	0x117	0
0x12c	0x1f	1
0x12c	0x127	0
0x137	0x1f	1
0x137	0x132	0
0x142	0x1f	1
0x142	0x13d	0
0x14d	0x1f	1
0x14d	0x148	0
0x158	0x1f	1
0x158	0x153	0
0x163	0x1f	1
0x163	0x15e	0
0x16e	0x1f	1
0x16e	0x169	0
0x17e	0x1f	1
0x17e	0x179	0
0x189	0x1f	1
0x189	0x184	0
0x194	0x1f	1
0x194	0x18f	0
0x19f	0x1f	1
0x19f	0x19a	0
0x1af	0x1f	1
0x1af	0x1aa	0
0x1ba	0x1f	1
0x1ba	0x1b5	0
0x1c5	0x1f	1
0x1c5	0x1c0	0
0x1d0	0x1f	1
0x1d0	0x1cb	0
0x1db	0x1f	1
0x1db	0x1d6	0
0x1e6	0x1f	1
0x1e6	0x1e1	0
0x1f5	0x1f	1
0x1f5	0x1f1	0
0x200	0x1f	1
0x200	0x1fb	0
0x20b	0x1f	1
0x20b	0x206	0
0x216	0x1f	1
0x216	0x211	0
0x228	0x224	1
0x228	0x227	0
0x22c	0x228	0
0x22c	0x229	1
0x22d	0x22c	0
0x238	0x224	0
0x238	0x228	1
0x23c	0x224	0
0x252	0x23c	1
0x252	0x23d	0
0x256	0x224	1
0x256	0x254	0
0x265	0x263	0
0x26c	0x265	1
0x26c	0x26a	0
0x272	0x270	0
0x275	0x26c	0
0x275	0x272	1
0x283	0x281	0
0x288	0x283	1
0x288	0x286	0
0x28b	0x283	1
0x28b	0x288	0
0x291	0x27f_0x0	0
0x296	0x288	1
0x296	0x294	0
0x29a	0x27f_0x0	0
0x29e	0x29c	0
0x29e	0x27f_0x0	1
0x2a8	0x29a	1
0x2a8	0x2a5_0x0	0
0x2a9	0x2a8	0
0x2b0	0x29e	0
0x2b0	0x2ae_0x0	1
0x2b1	0x2b0	0
0x2b4	0x296	0
0x2b4	0x2ae_0x0	1
0x2b9	0x2b6	1
0x2b9	0x2ae_0x0	0
0x2c9	0x296	1
0x2c9	0x29a	0
0x2cd	0x29a	1
0x2cd	0x2cb	0
0x2cf	0x2cd	0
0x2d6	0x2c9	0
0x2d6	0x2cd	1
0x2d8	0x2d6	0
0x2de	0x2cd	1
0x2de	0x2dc	0
0x2e2	0x2de	1
0x2e2	0x2df	0
0x2e3	0x2d9	1
0x2e3	0x2e2	0
0x2e4	0x2e3	0
0x2e5	0x2d8	1
0x2e5	0x2e4	0
0x2ea	0x2d6	1
0x2ea	0x2e8	0
0x2f5	0x2f3	0
0x2f8	0x2f5	1
0x2f8	0x2ed_0x1	0
0x303	0x2ff	1
0x303	0x302	0
0x307	0x303	0
0x307	0x304	1
0x308	0x307	0
0x313	0x2ff	0
0x313	0x303	1
0x317	0x2ff	0
0x32d	0x317	1
0x32d	0x318	0
0x331	0x2ff	1
0x331	0x32f	0
0x340	0x33e	0
0x347	0x340	1
0x347	0x345	0
0x34d	0x34b	0
0x350	0x347	0
0x350	0x34d	1
0x35b	0x357	1
0x35b	0x35a	0
0x35f	0x35b	0
0x35f	0x35c	1
0x360	0x35f	0
0x36b	0x357	0
0x36b	0x35b	1
0x36f	0x357	0
0x385	0x36f	1
0x385	0x370	0
0x389	0x357	1
0x389	0x387	0
0x39f	0x39b	1
0x39f	0x39e	0
0x3a3	0x39f	0
0x3a3	0x3a0	1
0x3a4	0x3a3	0
0x3af	0x39b	0
0x3af	0x39f	1
0x3b3	0x39b	0
0x3b7	0x39b	1
0x3b7	0x3b5	0
0x3d0	0x3ce	0
0x3e8	0x3d3	0
0x3e8	0xf69	1
0x3fe	0x3e8	1
0x3fe	0x3e9	0
0x403	0x3d0	1
0x403	0x401	0
0x409	0x407	0
0x40c	0x403	0
0x40c	0x409	1
0x41a	0x418	0
0x421	0x41a	1
0x421	0x41f	0
0x427	0x425	0
0x42a	0x421	0
0x42a	0x427	1
0x438	0x436	0
0x43f	0x438	1
0x43f	0x43d	0
0x445	0x443	0
0x448	0x43f	0
0x448	0x445	1
0x453	0x44f	1
0x453	0x452	0
0x457	0x453	0
0x457	0x454	1
0x458	0x457	0
0x463	0x44f	0
0x463	0x453	1
0x467	0x44f	0
0x46b	0x44f	1
0x46b	0x469	0
0x484	0x482	0
0x489	0x487	0
0x489	0x1199	1
0x48c	0x489	1
0x48c	0x48a	0
0x491	0x484	1
0x491	0x48f	0
0x497	0x495	0
0x49a	0x491	0
0x49a	0x497	1
0x4a5	0x4a1	1
0x4a5	0x4a4	0
0x4a9	0x4a5	0
0x4a9	0x4a6	1
0x4aa	0x4a9	0
0x4b5	0x4a1	0
0x4b5	0x4a5	1
0x4b9	0x4a1	0
0x4bd	0x4a1	1
0x4bd	0x4bb	0
0x4e0	0x4de	0
0x4e7	0x4e0	1
0x4e7	0x4e5	0
0x4ed	0x4eb	0
0x4f0	0x4e7	0
0x4f0	0x4ed	1
0x4fb	0x4f7	1
0x4fb	0x4fa	0
0x4ff	0x4fb	0
0x4ff	0x4fc	1
0x500	0x4ff	0
0x50b	0x4f7	0
0x50b	0x4fb	1
0x50f	0x4f7	0
0x525	0x50f	1
0x525	0x510	0
0x529	0x4f7	1
0x529	0x527	0
0x538	0x536	0
0x53f	0x538	1
0x53f	0x53d	0
0x545	0x543	0
0x548	0x53f	0
0x548	0x545	1
0x55d	0x559	1
0x55d	0x55c	0
0x561	0x55d	0
0x561	0x55e	1
0x562	0x561	0
0x56d	0x559	0
0x56d	0x55d	1
0x571	0x559	0
0x575	0x559	1
0x575	0x573	0
0x57b	0x575	0
0x591	0x57b	1
0x591	0x57c	0
0x595	0x575	1
0x595	0x593	0
0x5ae	0x5ac	0
0x5b5	0x5ae	1
0x5b5	0x5b3	0
0x5bb	0x5b9	0
0x5be	0x5b5	0
0x5be	0x5bb	1
0x5cc	0x5ca	0
0x5d3	0x5cc	1
0x5d3	0x5d1	0
0x5d9	0x5d7	0
0x5dc	0x5d3	0
0x5dc	0x5d9	1
0x5e7	0x5e3	1
0x5e7	0x5e6	0
0x5eb	0x5e7	0
0x5eb	0x5e8	1
0x5ec	0x5eb	0
0x5f7	0x5e3	0
0x5f7	0x5e7	1
0x5fb	0x5e3	0
0x611	0x5fb	1
0x611	0x5fc	0
0x615	0x5e3	1
0x615	0x613	0
0x61b	0x615	0
0x631	0x61b	1
0x631	0x61c	0
0x635	0x615	1
0x635	0x633	0
0x63b	0x635	0
0x651	0x63b	1
0x651	0x63c	0
0x655	0x635	1
0x655	0x653	0
0x65b	0x655	0
0x65f	0x655	1
0x65f	0x65d	0
0x668	0x65b	0
0x668	0x661	1
0x669	0x668	0
0x674	0x5e3	0
0x674	0x65b	1
0x679	0x674	0
0x679	0x676	1
0x67a	0x5f7	1
0x67a	0x679	0
0x67b	0x67a	0
0x686	0x674	0
0x68a	0x674	1
0x68a	0x688	0
0x690	0x686	0
0x690	0x68d	1
0x692	0x68a	0
0x692	0x690	1
0x693	0x5f7	1
0x693	0x692	0
0x69b	0x686	0
0x69b	0x694	1
0x69c	0x693	1
0x69c	0x69b	0
0x69d	0x69c	0
0x6ad	0x686	1
0x6ad	0x6ab	0
0x6b2	0x6ad	0
0x6b2	0x6ae	1
0x6b3	0x6ae	1
0x6b3	0x6b2	0
0x6b6	0x6b3	1
0x6b6	0x6b4	0
0x6b9	0x6b7	0
0x6bc	0x6b6	1
0x6bc	0x6b9	0
0x6ca	0x6b9	1
0x6ca	0x6c8	0
0x6d5	0x686	1
0x6d5	0x6ca	0
0x6d9	0x6d7	0
0x6dd	0x686	0
0x6dd	0x6da	1
0x6de	0x6d9	1
0x6de	0x6dd	0
0x6e3	0x6ca	0
0x6e3	0x6de	1
0x6f2	0x65f	0
0x6f6	0x65f	1
0x6f6	0x6f4	0
0x6ff	0x6f2	0
0x6ff	0x6f8	1
0x700	0x6ff	0
0x70b	0x5e3	0
0x70b	0x6f2	1
0x710	0x70b	0
0x710	0x70d	1
0x711	0x5f7	1
0x711	0x710	0
0x712	0x711	0
0x71d	0x70b	0
0x721	0x70b	1
0x721	0x71f	0
0x727	0x71d	0
0x727	0x724	1
0x729	0x721	0
0x729	0x727	1
0x72a	0x5f7	1
0x72a	0x729	0
0x732	0x71d	0
0x732	0x72b	1
0x733	0x72a	1
0x733	0x732	0
0x734	0x733	0
0x744	0x71d	1
0x744	0x742	0
0x749	0x744	0
0x749	0x745	1
0x74a	0x745	1
0x74a	0x749	0
0x74d	0x74a	1
0x74d	0x74b	0
0x750	0x74e	0
0x753	0x74d	1
0x753	0x750	0
0x761	0x750	1
0x761	0x75f	0
0x76c	0x71d	1
0x76c	0x761	0
0x770	0x76e	0
0x774	0x71d	0
0x774	0x771	1
0x775	0x770	1
0x775	0x774	0
0x77a	0x761	0
0x77a	0x775	1
0x799	0x795	1
0x799	0x798	0
0x79d	0x799	0
0x79d	0x79a	1
0x79e	0x79d	0
0x7a9	0x795	0
0x7a9	0x799	1
0x7ad	0x795	0
0x7c3	0x7ad	1
0x7c3	0x7ae	0
0x7c7	0x795	1
0x7c7	0x7c5	0
0x7d6	0x7d4	0
0x7dd	0x7d6	1
0x7dd	0x7db	0
0x7e3	0x7e1	0
0x7e6	0x7dd	0
0x7e6	0x7e3	1
0x7f4	0x7f2	0
0x80c	0x7f7	0
0x80c	0x1f8c	1
0x822	0x80c	1
0x822	0x80d	0
0x827	0x7f4	1
0x827	0x825	0
0x82d	0x82b	0
0x830	0x827	0
0x830	0x82d	1
0x83e	0x83c	0
0x841	0x1febV0x833	0
0x842	0x841	0
0x843	0x842	0
0x844	0x843	0
0x849	0x83e	1
0x849	0x847	0
0x84f	0x84d	0
0x852	0x849	0
0x852	0x84f	1
0x860	0x85e	0
0x865	0x860	1
0x865	0x863	0
0x868	0x860	1
0x868	0x865	0
0x86e	0x85c_0x0	0
0x873	0x865	1
0x873	0x871	0
0x877	0x85c_0x0	0
0x87b	0x879	0
0x87b	0x85c_0x0	1
0x885	0x877	1
0x885	0x882_0x0	0
0x886	0x885	0
0x88d	0x87b	0
0x88d	0x88b_0x0	1
0x88e	0x88d	0
0x891	0x873	0
0x891	0x88b_0x0	1
0x896	0x893	1
0x896	0x88b_0x0	0
0x8a6	0x873	1
0x8a6	0x877	0
0x8aa	0x877	1
0x8aa	0x8a8	0
0x8ac	0x8aa	0
0x8b3	0x8a6	0
0x8b3	0x8aa	1
0x8b5	0x8b3	0
0x8bb	0x8aa	1
0x8bb	0x8b9	0
0x8bf	0x8bb	1
0x8bf	0x8bc	0
0x8c0	0x8b6	1
0x8c0	0x8bf	0
0x8c1	0x8c0	0
0x8c2	0x8b5	1
0x8c2	0x8c1	0
0x8c7	0x8b3	1
0x8c7	0x8c5	0
0x8d2	0x8d0	0
0x8d5	0x8d2	1
0x8d5	0x8ca_0x1	0
0x8e3	0x8e1	0
0x8fb	0x8e6	0
0x8fb	0x20b1	1
0x911	0x8fb	1
0x911	0x8fc	0
0x916	0x8e3	1
0x916	0x914	0
0x91c	0x91a	0
0x91f	0x916	0
0x91f	0x91c	1
0x92a	0x926	1
0x92a	0x929	0
0x92e	0x92a	0
0x92e	0x92b	1
0x92f	0x92e	0
0x93a	0x926	0
0x93a	0x92a	1
0x93e	0x926	0
0x942	0x926	1
0x942	0x940	0
0x95b	0x959	0
0x973	0x95e	0
0x973	0x22f2	1
0x989	0x973	1
0x989	0x974	0
0x98e	0x95b	1
0x98e	0x98c	0
0x994	0x992	0
0x997	0x98e	0
0x997	0x994	1
0x9a2	0x99e	1
0x9a2	0x9a1	0
0x9a6	0x9a2	0
0x9a6	0x9a3	1
0x9a7	0x9a6	0
0x9b2	0x99e	0
0x9b2	0x9a2	1
0x9b6	0x99e	0
0x9cc	0x9b6	1
0x9cc	0x9b7	0
0x9d0	0x99e	1
0x9d0	0x9ce	0
0x9e9	0x9e7	0
0x9f0	0x9e9	1
0x9f0	0x9ee	0
0x9f6	0x9f4	0
0x9f9	0x9f0	0
0x9f9	0x9f6	1
0xa07	0xa05	0
0xa0e	0xa07	1
0xa0e	0xa0c	0
0xa14	0xa12	0
0xa17	0xa0e	0
0xa17	0xa14	1
0xa22	0xa1e	1
0xa22	0xa21	0
0xa26	0xa22	0
0xa26	0xa23	1
0xa27	0xa26	0
0xa32	0xa1e	0
0xa32	0xa22	1
0xa36	0xa1e	0
0xa4c	0xa36	1
0xa4c	0xa37	0
0xa50	0xa1e	1
0xa50	0xa4e	0
0xa5f	0xa5d	0
0xa77	0xa62	0
0xa77	0x2585	1
0xa8d	0xa77	1
0xa8d	0xa78	0
0xa92	0xa5f	1
0xa92	0xa90	0
0xa98	0xa96	0
0xa9b	0xa92	0
0xa9b	0xa98	1
0xaa9	0xaa7	0
0xab0	0xaa9	1
0xab0	0xaae	0
0xab6	0xab4	0
0xab9	0xab0	0
0xab9	0xab6	1
0xac4	0xac0	1
0xac4	0xac3	0
0xac8	0xac4	0
0xac8	0xac5	1
0xac9	0xac8	0
0xad4	0xac0	0
0xad4	0xac4	1
0xad8	0xac0	0
0xaee	0xad8	1
0xaee	0xad9	0
0xaf2	0xac0	1
0xaf2	0xaf0	0
0xb15	0xb13	0
0xb1c	0xb15	1
0xb1c	0xb1a	0
0xb22	0xb20	0
0xb25	0xb1c	0
0xb25	0xb22	1
0xb33	0xb31	0
0xb4b	0xb36	0
0xb4b	0x2885	1
0xb61	0xb4b	1
0xb61	0xb4c	0
0xb66	0xb33	1
0xb66	0xb64	0
0xb6c	0xb6a	0
0xb6f	0xb66	0
0xb6f	0xb6c	1
0xb7a	0xb76	1
0xb7a	0xb79	0
0xb7e	0xb7a	0
0xb7e	0xb7b	1
0xb7f	0xb7e	0
0xb8a	0xb76	0
0xb8a	0xb7a	1
0xb8e	0xb76	0
0xba4	0xb8e	1
0xba4	0xb8f	0
0xba8	0xb76	1
0xba8	0xba6	0
0xbd6	0xbc1	0
0xbd6	0xbb6arg0x0	1
0xbec	0xbd6	1
0xbec	0xbd7	0
0xbf1	0xbbe	1
0xbf1	0xbef	0
0xbf7	0xbf1	1
0xbf7	0xbf5	0
0xbfa	0xbf7	1
0xbfa	0xbf8	0
0xbfb	0xbfa	0
0xc28	0xc13	0
0xc28	0xbb6arg0x0	1
0xc3e	0xc28	1
0xc3e	0xc29	0
0xc43	0xc10	1
0xc43	0xc41	0
0xc49	0xc43	1
0xc49	0xc47	0
0xc4c	0xc49	1
0xc4c	0xc4a	0
0xc4d	0xc4c	0
0xca1	0xc9e	0
0xca7	0xca1	1
0xca7	0xca5	0
0xca8	0xca7	0
0xcac	0xca8	1
0xcac	0xca9	0
0xcad	0xca2	1
0xcad	0xcac	0
0xcae	0xca1	1
0xcae	0xcad	0
0xcb2	0xcae	0
0xcb2	0xcaf	1
0xcb6	0xcb2	1
0xcb6	0xcb4	0
0xcbb	0xcb6	0
0xcbb	0xcb7	1
0xcbc	0xcb7	1
0xcbc	0xcbb	0
0xcbf	0xcbc	1
0xcbf	0xcbd	0
0xcc2	0xcc0	0
0xcc5	0xcbf	1
0xcc5	0xcc2	0
0xcd2	0xcc2	1
0xcd2	0xcd0	0
0xcd5	0xc9e	0
0xcdb	0xcd5	1
0xcdb	0xcd9	0
0xcdc	0xcdb	0
0xce0	0xcdc	1
0xce0	0xcdd	0
0xce1	0xcd6	1
0xce1	0xce0	0
0xce2	0xcd5	1
0xce2	0xce1	0
0xce6	0xce2	0
0xce6	0xce3	1
0xce8	0xce6	0
0xcf0	0xce6	1
0xcf0	0xcee	0
0xcfa	0xc9e	0
0xcfb	0xcf5	1
0xcfb	0xcfa	0
0xcfc	0xcf5	1
0xcfc	0xcfb	0
0xd02	0xcd2	1
0xd02	0xd00	0
0xd0a	0xcd2	0
0xd0a	0xce6	1
0xd14	0xd10	1
0xd14	0xd12	0
0xd18	0xd16_0x1	0
0xd1e	0xd1c	0
0xd1e	0xd16_0x1	1
0xd22	0xd20	0
0xd22	0xd16_0x0	1
0xd25	0xd0a	0
0xd25	0xd22	1
0xd2c	0xd0a	1
0xd2c	0xd22	0
0xd2f	0xd2c	1
0xd2f	0xd2d	0
0xd31	0xd0a	0
0xd31	0xd2f	1
0xd49	0xd45	1
0xd49	0xd47	0
0xd50	0xd49	0
0xd62	0xd60	0
0xd88	0xd62	1
0xd88	0xd86	0
0xd8d	0xd88	1
0xd8d	0xd8b	0
0xd90	0xd88	1
0xd90	0xd8d	0
0xd99	0xd8d	1
0xd99	0xd97	0
0xdc1	0xd99	1
0xdc1	0xdbf	0
0xdc7	0xdc5	0
0xdca	0xdc1	0
0xdca	0xdc7	1
0xdd6	0xdd1	1
0xdd6	0xdd3	0
0xdd8	0xdcf	0
0xdef	0xdd6	1
0xdef	0xdda	0
0xdf0	0xdef	0
0xdf1	0xdd8	1
0xdf1	0xdf0	0
0xe09	0x385	1
0xe09	0xdf4	0
0xe0a	0xdd6	1
0xe0a	0xe09	0
0xe0b	0xdf1	1
0xe0b	0xe0a	0
0xe17	0xe12	0
0xe1c	0xe14	1
0xe1c	0xe19	0
0xe1e	0xe17	0
0xe1e	0xe1c	1
0xe34	0xe1e	1
0xe34	0xe1f	0
0xe4a	0xe34	1
0xe4a	0xe35	0
0xe68	0xe53	0
0xe68	0x2ab3V0xe11	1
0xe69	0xe4a	1
0xe69	0xe68	0
0xe70	0xe6e	0
0xe96	0xe70	1
0xe96	0xe94	0
0xe9b	0xe96	1
0xe9b	0xe99	0
0xe9e	0xe96	1
0xe9e	0xe9b	0
0xea7	0xe9b	1
0xea7	0xea5	0
0xeb2	0xea7	1
0xeb2	0xeb0	0
0xeb8	0xeb6	0
0xebb	0xeb2	0
0xebb	0xeb8	1
0xec9	0x3b3	0
0xec9	0xebf	1
0xeca	0xec9	0
0xed1	0xecf	0
0xef7	0xed1	1
0xef7	0xef5	0
0xefc	0xef7	1
0xefc	0xefa	0
0xeff	0xef7	1
0xeff	0xefc	0
0xf08	0xefc	1
0xf08	0xf06	0
0xf30	0xf08	1
0xf30	0xf2e	0
0xf36	0xf34	0
0xf39	0xf30	0
0xf39	0xf36	1
0xf4c	0xf47	0
0xf51	0xf49	1
0xf51	0xf4e	0
0xf53	0xf4c	0
0xf53	0xf51	1
0xf69	0xf53	1
0xf69	0xf54	0
0x11a3	0x119e	0
0x11a8	0x11a0	1
0x11a8	0x11a5	0
0x11aa	0x11a3	0
0x11aa	0x11a8	1
0x11c0	0x11aa	1
0x11c0	0x11ab	0
0x11d6	0x11c0	1
0x11d6	0x11c1	0
0x11f4	0x11df	0
0x11f4	0x2ab3V0x119d	1
0x11f5	0x11d6	1
0x11f5	0x11f4	0
0x11fc	0x11fa	0
0x1222	0x11fc	1
0x1222	0x1220	0
0x1227	0x1222	1
0x1227	0x1225	0
0x122a	0x1222	1
0x122a	0x1227	0
0x1233	0x1227	1
0x1233	0x1231	0
0x123e	0x1233	1
0x123e	0x123c	0
0x1244	0x1242	0
0x1247	0x123e	0
0x1247	0x1244	1
0x1280	0x1269	1
0x1280	0x126b	0
0x1297	0x124b	1
0x1297	0x1282	0
0x1298	0x1280	1
0x1298	0x1297	0
0x12c0	0x124b	1
0x12c0	0x12ab	0
0x12d6	0x12c0	1
0x12d6	0x12c1	0
0x12db	0x12a8	1
0x12db	0x12d9	0
0x12e1	0x12db	1
0x12e1	0x12df	0
0x12e4	0x12e1	1
0x12e4	0x12e2	0
0x12eb	0x12e9	0
0x1306	0x124b	1
0x1306	0x12f1	0
0x131c	0x1306	1
0x131c	0x1307	0
0x1321	0x12ee	1
0x1321	0x131f	0
0x1327	0x1321	1
0x1327	0x1325	0
0x132a	0x1327	1
0x132a	0x1328	0
0x1332	0x1330	0
0x1334	0x1332	1
0x1334	0x1333	0
0x134c	0x1341	1
0x134c	0x1347	0
0x1362	0x1360	0
0x136e	0x1363	1
0x136e	0x1369	0
0x137a	0x1378	0
0x1387	0x137c	1
0x1387	0x1382	0
0x13a3	0x1398	1
0x13a3	0x139e	0
0x13b1	0x13a6	1
0x13b1	0x13ac	0
0x13d7	0x13cc	1
0x13d7	0x13d2	0
0x1404	0x1402	0
0x140b	0x1404	1
0x140b	0x1409	0
0x1411	0x140f	0
0x1414	0x140b	0
0x1414	0x1411	1
0x144f	0x1438	1
0x144f	0x143a	0
0x1466	0x141b	1
0x1466	0x1451	0
0x1467	0x144f	1
0x1467	0x1466	0
0x148f	0x141b	1
0x148f	0x147a	0
0x14a5	0x148f	1
0x14a5	0x1490	0
0x14aa	0x1477	1
0x14aa	0x14a8	0
0x14b0	0x14aa	1
0x14b0	0x14ae	0
0x14b3	0x14b0	1
0x14b3	0x14b1	0
0x14ba	0x14b8	0
0x14d5	0x141b	1
0x14d5	0x14c0	0
0x14eb	0x14d5	1
0x14eb	0x14d6	0
0x14f0	0x14bd	1
0x14f0	0x14ee	0
0x14f6	0x14f0	1
0x14f6	0x14f4	0
0x14f9	0x14f6	1
0x14f9	0x14f7	0
0x150f	0x150c	1
0x150f	0x1508_0x0	0
0x1510	0x150f	0
0x1531	0x151b	1
0x1531	0x151c	0
0x1547	0x1531	1
0x1547	0x1532	0
0x154c	0x1519	1
0x154c	0x154a	0
0x1552	0x154c	1
0x1552	0x1550	0
0x1555	0x1552	1
0x1555	0x1553	0
0x156d	0x156b	0
0x157a	0x156f	1
0x157a	0x1575	0
0x1588	0x157d	1
0x1588	0x1583	0
0x1590	0x158d	1
0x1590	0x1589_0x0	0
0x159d	0x1598	0
0x15a2	0x159a	1
0x15a2	0x159f	0
0x15a4	0x159d	0
0x15a4	0x15a2	1
0x15ba	0x15a4	1
0x15ba	0x15a5	0
0x15c1	0x15bc	0
0x15c6	0x15be	1
0x15c6	0x15c3	0
0x15c8	0x15c1	0
0x15c8	0x15c6	1
0x15de	0x15c8	1
0x15de	0x15c9	0
0x15f4	0x15de	1
0x15f4	0x15df	0
0x1601	0x15f5	1
0x1601	0x15fc	0
0x1609	0x1604	0
0x160e	0x1606	1
0x160e	0x160b	0
0x1610	0x1609	0
0x1610	0x160e	1
0x1626	0x1610	1
0x1626	0x1611	0
0x163c	0x1626	1
0x163c	0x1627	0
0x1646	0x1644	0
0x164d	0x163d	1
0x164d	0x1648	0
0x1650	0x164d	1
0x1650	0x164e	0
0x1655	0x1646	1
0x1655	0x1653	0
0x166d	0x1642	1
0x166d	0x1658	0
0x1683	0x166d	1
0x1683	0x166e	0
0x1688	0x1655	1
0x1688	0x1686	0
0x168e	0x1688	1
0x168e	0x168c	0
0x1697	0x1695	0
0x169a	0x168e	0
0x169a	0x1697	1
0x16a0	0x163c	0
0x16a1	0x16a0	0
0x16a3	0x16a1	0
0x16af	0x163c	1
0x16af	0x1693	6
0x16af	0x1697	3
0x16af	0x1697	5
0x16af	0x169a	4
0x16af	0x169c	2
0x16af	0x16ae	0
0x16b0	0x16af	0
0x16b2	0x16b0	0
0x16d8	0x16cd	1
0x16d8	0x16d3	0
0x16e0	0x16dd	1
0x16e0	0x16d9_0x0	0
0x16f9	0x16ee	1
0x16f9	0x16f4	0
0x1701	0x16fc	0
0x1706	0x16fe	1
0x1706	0x1703	0
0x1708	0x1701	0
0x1708	0x1706	1
0x171e	0x1708	1
0x171e	0x1709	0
0x1734	0x171e	1
0x1734	0x171f	0
0x1741	0x1735	1
0x1741	0x173c	0
0x175b	0x1745	1
0x175b	0x1746	0
0x1780	0x177e	0
0x1787	0x1780	1
0x1787	0x1785	0
0x178d	0x178b	0
0x1790	0x1787	0
0x1790	0x178d	1
0x17ad	0x1796	1
0x17ad	0x1798	0
0x17c8	0x17b2	1
0x17c8	0x17b3	0
0x17de	0x17c8	1
0x17de	0x17c9	0
0x17e3	0x17b0	1
0x17e3	0x17e1	0
0x17e9	0x17e3	1
0x17e9	0x17e7	0
0x17ec	0x17e9	1
0x17ec	0x17ea	0
0x17f0	0x17ec	0
0x17f5	0x17ed	1
0x17f5	0x17f2	0
0x17f7	0x17f0	0
0x17f7	0x17f5	1
0x180d	0x17f7	1
0x180d	0x17f8	0
0x1823	0x180d	1
0x1823	0x180e	0
0x1824	0x17ad	1
0x1824	0x1823	0
0x1845	0x182f	1
0x1845	0x1830	0
0x185b	0x1845	1
0x185b	0x1846	0
0x1860	0x182d	1
0x1860	0x185e	0
0x1866	0x1860	1
0x1866	0x1864	0
0x1869	0x1866	1
0x1869	0x1867	0
0x186d	0x1869	0
0x1872	0x186a	1
0x1872	0x186f	0
0x1874	0x186d	0
0x1874	0x1872	1
0x188a	0x1874	1
0x188a	0x1875	0
0x18a0	0x189e	0
0x18ad	0x18a2	1
0x18ad	0x18a8	0
0x18bb	0x18b0	1
0x18bb	0x18b6	0
0x18de	0x188a	1
0x18de	0x18c9	0
0x18f4	0x18de	1
0x18f4	0x18df	0
0x18f9	0x18c6	1
0x18f9	0x18f7	0
0x18ff	0x18f9	1
0x18ff	0x18fd	0
0x1902	0x18ff	1
0x1902	0x1900	0
0x1903	0x1902	0
0x190f	0x1904	1
0x190f	0x190a	0
0x192c	0x188a	1
0x192c	0x1917	0
0x1942	0x192c	1
0x1942	0x192d	0
0x1947	0x1914	1
0x1947	0x1945	0
0x194d	0x1947	1
0x194d	0x194b	0
0x1950	0x194d	1
0x1950	0x194e	0
0x196b	0x188a	1
0x196b	0x1956	0
0x1982	0x196c	1
0x1982	0x196d	0
0x19a7	0x19a5	0
0x19ae	0x19a7	1
0x19ae	0x19ac	0
0x19b4	0x19b2	0
0x19b7	0x19ae	0
0x19b7	0x19b4	1
0x19c3	0x19c1	0
0x1a1e	0x1a1c	0
0x1a44	0x1a1e	1
0x1a44	0x1a42	0
0x1a49	0x1a44	1
0x1a49	0x1a47	0
0x1a4c	0x1a44	1
0x1a4c	0x1a49	0
0x1a55	0x1a49	1
0x1a55	0x1a53	0
0x1a7d	0x1a55	1
0x1a7d	0x1a7b	0
0x1a83	0x1a81	0
0x1a86	0x1a7d	0
0x1a86	0x1a83	1
0x1aa1	0x1a8a	1
0x1aa1	0x1a8c	0
0x1aa7	0x1aa2	0
0x1aac	0x1aa4	1
0x1aac	0x1aa9	0
0x1aae	0x1aa7	0
0x1aae	0x1aac	1
0x1ac4	0x1aae	1
0x1ac4	0x1aaf	0
0x1ada	0x1ac4	1
0x1ada	0x1ac5	0
0x1afe	0x1afc	0
0x1b01	0x1aff	0
0x1b04	0x1afe	0
0x1b04	0x1b01	1
0x1b10	0x1b0b	1
0x1b10	0x1b0d	0
0x1b12	0x1b09	0
0x1b29	0x1b10	1
0x1b29	0x1b14	0
0x1b2a	0x1b29	0
0x1b2b	0x1b12	1
0x1b2b	0x1b2a	0
0x1b43	0x1b07	1
0x1b43	0x1b2e	0
0x1b44	0x1b10	1
0x1b44	0x1b43	0
0x1b45	0x1b2b	1
0x1b45	0x1b44	0
0x1b6b	0x1b54	1
0x1b6b	0x1b56	0
0x1b86	0x1b70	1
0x1b86	0x1b71	0
0x1b9c	0x1b86	1
0x1b9c	0x1b87	0
0x1ba1	0x1b6e	1
0x1ba1	0x1b9f	0
0x1ba7	0x1ba1	1
0x1ba7	0x1ba5	0
0x1baa	0x1ba7	1
0x1baa	0x1ba8	0
0x1bae	0x1baa	0
0x1bb3	0x1bab	1
0x1bb3	0x1bb0	0
0x1bb5	0x1bae	0
0x1bb5	0x1bb3	1
0x1bcb	0x1bb5	1
0x1bcb	0x1bb6	0
0x1be1	0x1bcb	1
0x1be1	0x1bcc	0
0x1be2	0x1b6b	1
0x1be2	0x1be1	0
0x1be4	0x1be2	0
0x1c00	0x1bea	1
0x1c00	0x1beb	0
0x1c17	0x591	1
0x1c17	0x1c02	0
0x1c18	0x1c00	1
0x1c18	0x1c17	0
0x1c19	0x1c18	0
0x1c1c	0x1c1a_0x0	0
0x1c39	0x1c22	1
0x1c39	0x1c24	0
0x1c50	0x591	1
0x1c50	0x1c3b	0
0x1c51	0x1c39	1
0x1c51	0x1c50	0
0x1c52	0x1c51	0
0x1c54	0x1c53_0x0	0
0x1c74	0x1c5e	1
0x1c74	0x1c5f	0
0x1c8a	0x1c74	1
0x1c8a	0x1c75	0
0x1c8f	0x1c5c	1
0x1c8f	0x1c8d	0
0x1c95	0x1c8f	1
0x1c95	0x1c93	0
0x1c98	0x1c95	1
0x1c98	0x1c96	0
0x1c9e	0x1c99	1
0x1c9e	0x1c9b	0
0x1ca0	0x1c98	0
0x1cb7	0x1c9e	1
0x1cb7	0x1ca2	0
0x1cb8	0x1cb7	0
0x1cb9	0x1ca0	1
0x1cb9	0x1cb8	0
0x1cd1	0x591	1
0x1cd1	0x1cbc	0
0x1cd2	0x1c9e	1
0x1cd2	0x1cd1	0
0x1cd3	0x1cb9	1
0x1cd3	0x1cd2	0
0x1ced	0x591	1
0x1ced	0x1cd8	0
0x1d04	0x1cee	1
0x1d04	0x1cef	0
0x1d28	0x1d26	0
0x1d2b	0x1d29	0
0x1d2e	0x1d28	0
0x1d2e	0x1d2b	1
0x1d38	0x1d36	0
0x1d44	0x1d42	0
0x1d54	0x1d4f	0
0x1d59	0x1d51	1
0x1d59	0x1d56	0
0x1d5b	0x1d54	0
0x1d5b	0x1d59	1
0x1d5e	0x1d5b	1
0x1d5e	0x1d5c	0
0x1d79	0x1d74	0
0x1d7e	0x1d76	1
0x1d7e	0x1d7b	0
0x1d80	0x1d79	0
0x1d80	0x1d7e	1
0x1d83	0x1d80	1
0x1d83	0x1d81	0
0x1d84	0x1d83	0
0x1d8c	0x1d8a	0
0x1db2	0x1d8c	1
0x1db2	0x1db0	0
0x1db7	0x1db2	1
0x1db7	0x1db5	0
0x1dba	0x1db2	1
0x1dba	0x1db7	0
0x1dc3	0x1db7	1
0x1dc3	0x1dc1	0
0x1dce	0x1dc3	1
0x1dce	0x1dcc	0
0x1dd4	0x1dd2	0
0x1dd7	0x1dce	0
0x1dd7	0x1dd4	1
0x1de2	0x1ddd	0
0x1de7	0x1ddf	1
0x1de7	0x1de4	0
0x1de9	0x1de2	0
0x1de9	0x1de7	1
0x1dec	0x1de9	1
0x1dec	0x1dea	0
0x1ded	0x1dec	0
0x1df1	0x1ded	0
0x1dff	0x1dfa	1
0x1dff	0x1dfc	0
0x1e01	0x1df8	0
0x1e05	0x1dff	1
0x1e05	0x1e03	0
0x1e06	0x1e05	0
0x1e07	0x1e01	1
0x1e07	0x1e06	0
0x1e0a	0x1df6	0
0x1e0b	0x1e0a	0
0x1e0c	0x1dff	1
0x1e0c	0x1e0b	0
0x1e0d	0x1e07	1
0x1e0d	0x1e0c	0
0x1e1a	0x1e15	1
0x1e1a	0x1e17	0
0x1e1c	0x1e13	0
0x1e20	0x1e1a	1
0x1e20	0x1e1e	0
0x1e21	0x1e20	0
0x1e22	0x1e1c	1
0x1e22	0x1e21	0
0x1e25	0x1e11	0
0x1e26	0x1e25	0
0x1e27	0x1e1a	1
0x1e27	0x1e26	0
0x1e28	0x1e22	1
0x1e28	0x1e27	0
0x1e3e	0x1e39	1
0x1e3e	0x1e3b	0
0x1e40	0x1e37	0
0x1e57	0x1e3e	1
0x1e57	0x1e42	0
0x1e58	0x1e57	0
0x1e59	0x1e40	1
0x1e59	0x1e58	0
0x1e71	0x611	1
0x1e71	0x1e5c	0
0x1e72	0x1e3e	1
0x1e72	0x1e71	0
0x1e73	0x1e59	1
0x1e73	0x1e72	0
0x1e7e	0x1e78	1
0x1e7e	0x1e7b	0
0x1e80	0x1e78	0
0x1e97	0x1e7e	1
0x1e97	0x1e82	0
0x1e98	0x1e97	0
0x1e99	0x1e80	1
0x1e99	0x1e98	0
0x1eb1	0x631	1
0x1eb1	0x1e9c	0
0x1eb2	0x1e7e	1
0x1eb2	0x1eb1	0
0x1eb3	0x1e99	1
0x1eb3	0x1eb2	0
0x1ebf	0x1eba	1
0x1ebf	0x1ebc	0
0x1ec1	0x1eb8	0
0x1ed8	0x1ebf	1
0x1ed8	0x1ec3	0
0x1ed9	0x1ed8	0
0x1eda	0x1ec1	1
0x1eda	0x1ed9	0
0x1ef2	0x651	1
0x1ef2	0x1edd	0
0x1ef3	0x1ebf	1
0x1ef3	0x1ef2	0
0x1ef4	0x1eda	1
0x1ef4	0x1ef3	0
0x1efd	0x6b9	0
0x1f01	0x6b9	1
0x1f01	0x1eff	0
0x1f14	0x750	0
0x1f18	0x750	1
0x1f18	0x1f16	0
0x1f27	0x1ded	0
0x1f35	0x1f30	1
0x1f35	0x1f32	0
0x1f37	0x1f2e	0
0x1f3b	0x1f35	1
0x1f3b	0x1f39	0
0x1f3c	0x1f3b	0
0x1f3d	0x1f37	1
0x1f3d	0x1f3c	0
0x1f40	0x1f2c	0
0x1f41	0x1f40	0
0x1f42	0x1f35	1
0x1f42	0x1f41	0
0x1f43	0x1f3d	1
0x1f43	0x1f42	0
0x1f5d	0x1f59	1
0x1f5d	0x1f5b	0
0x1f64	0x1f5d	0
0x1f6f	0x1f6a	0
0x1f74	0x1f6c	1
0x1f74	0x1f71	0
0x1f76	0x1f6f	0
0x1f76	0x1f74	1
0x1f8c	0x1f76	1
0x1f8c	0x1f77	0
0x1ff4	0x1ff1	0
0x1ffa	0x1ff4	1
0x1ffa	0x1ff8	0
0x1ffb	0x1ffa	0
0x1fff	0x1ffb	1
0x1fff	0x1ffc	0
0x2000	0x1ff5	1
0x2000	0x1fff	0
0x2001	0x1ff4	1
0x2001	0x2000	0
0x2005	0x2001	0
0x2005	0x2002	1
0x2009	0x2005	1
0x2009	0x2007	0
0x200e	0x2009	0
0x200e	0x200a	1
0x200f	0x200a	1
0x200f	0x200e	0
0x2012	0x200f	1
0x2012	0x2010	0
0x2015	0x2013	0
0x2018	0x2012	1
0x2018	0x2015	0
0x2025	0x2015	1
0x2025	0x2023	0
0x2028	0x1ff1	0
0x202e	0x2028	1
0x202e	0x202c	0
0x202f	0x202e	0
0x2033	0x202f	1
0x2033	0x2030	0
0x2034	0x2029	1
0x2034	0x2033	0
0x2035	0x2028	1
0x2035	0x2034	0
0x2039	0x2035	0
0x2039	0x2036	1
0x203b	0x2039	0
0x2043	0x2039	1
0x2043	0x2041	0
0x204d	0x1ff1	0
0x204e	0x2048	1
0x204e	0x204d	0
0x204f	0x2048	1
0x204f	0x204e	0
0x2055	0x2025	1
0x2055	0x2053	0
0x205d	0x2025	0
0x205d	0x2039	1
0x2067	0x2063	1
0x2067	0x2065	0
0x206b	0x2069_0x1	0
0x2071	0x206f	0
0x2071	0x2069_0x1	1
0x2075	0x2073	0
0x2075	0x2069_0x0	1
0x2078	0x205d	0
0x2078	0x2075	1
0x207f	0x205d	1
0x207f	0x2075	0
0x2082	0x207f	1
0x2082	0x2080	0
0x2084	0x205d	0
0x2084	0x2082	1
0x2094	0x208f	0
0x2099	0x2091	1
0x2099	0x2096	0
0x209b	0x2094	0
0x209b	0x2099	1
0x20b1	0x209b	1
0x20b1	0x209c	0
0x22d5	0x22d0	0
0x22da	0x22d2	1
0x22da	0x22d7	0
0x22dc	0x22d5	0
0x22dc	0x22da	1
0x22f2	0x22dc	1
0x22f2	0x22dd	0
0x24ba	0x24b8	0
0x24c9	0x24be	1
0x24c9	0xf71V0x24bd	0
0x24ca	0x24c9	0
0x24d1	0x24cf	0
0x24f8	0x24f6	0
0x24fe	0x24fc	0
0x2512	0x2507	1
0x2512	0x250d	0
0x2520	0x2515	1
0x2520	0x251b	0
0x252e	0x2523	1
0x252e	0x2529	0
0x253c	0x2531	1
0x253c	0x2537	0
0x2541	0x253f	0
0x254d	0x2542	1
0x254d	0x2548	0
0x2563	0x255f	1
0x2563	0x2561	0
0x2568	0x2563	0
0x256d	0x2564	1
0x256d	0x256a	0
0x256f	0x2568	0
0x256f	0x256d	1
0x2585	0x256f	1
0x2585	0x2570	0
0x258b	0x2589	0
0x2594	0x258f	0
0x2599	0x2591	1
0x2599	0x2596	0
0x259b	0x2594	0
0x259b	0x2599	1
0x25b1	0x259b	1
0x25b1	0x259c	0
0x25c7	0x25b1	1
0x25c7	0x25b2	0
0x25de	0xaee	1
0x25de	0x25c9	0
0x25df	0x25c7	1
0x25df	0x25de	0
0x25e0	0x25df	0
0x25e2	0x25e0	0
0x25ec	0x25e8	0
0x25f1	0x25e8	1
0x25f1	0x25ee	0
0x25f3	0x25ec	0
0x25f3	0x25f1	1
0x2609	0x25f3	1
0x2609	0x25f4	0
0x261f	0x2609	1
0x261f	0x260a	0
0x2636	0xaee	1
0x2636	0x2621	0
0x2637	0x261f	1
0x2637	0x2636	0
0x2638	0x2637	0
0x2640	0x263e	0
0x2666	0x2640	1
0x2666	0x2664	0
0x266b	0x2666	1
0x266b	0x2669	0
0x266e	0x2666	1
0x266e	0x266b	0
0x2677	0x266b	1
0x2677	0x2675	0
0x269f	0x2677	1
0x269f	0x269d	0
0x26a5	0x26a3	0
0x26a8	0x269f	0
0x26a8	0x26a5	1
0x26c7	0xaee	1
0x26c7	0x26b2	0
0x26f8	0xaee	1
0x26f8	0x26e3	0
0x2701	0x26ff	0
0x2708	0x26f9	1
0x2708	0x2703	0
0x270b	0x2708	1
0x270b	0x2709	0
0x2710	0x2701	1
0x2710	0x270e	0
0x2728	0x26fe	1
0x2728	0x2713	0
0x273e	0x2728	1
0x273e	0x2729	0
0x2743	0x2710	1
0x2743	0x2741	0
0x274b	0x2749	0
0x274e	0x2743	0
0x274e	0x274b	1
0x2752	0x26f8	0
0x2753	0x2752	0
0x2755	0x2753	0
0x2761	0x26f8	1
0x2761	0x2747	5
0x2761	0x274b	2
0x2761	0x274b	4
0x2761	0x274e	3
0x2761	0x2760	0
0x2762	0x2761	0
0x2764	0x2762	0
0x2779	0x2777	0
0x277e	0x277a	0
0x277e	0x277b	1
0x277f	0x277e	0
0x278a	0x2779	0
0x278a	0x277a	1
0x278e	0x2779	0
0x2792	0x2779	1
0x2792	0x2790	0
0x279c	0x279a	0
0x27a3	0x26c8	1
0x27a3	0x279e	0
0x27a6	0x27a3	1
0x27a6	0x27a4	0
0x27ab	0x279c	1
0x27ab	0x27a9	0
0x27c3	0x26cd	1
0x27c3	0x27ae	0
0x27d9	0x27c3	1
0x27d9	0x27c4	0
0x27de	0x27ab	1
0x27de	0x27dc	0
0x27e4	0x27de	1
0x27e4	0x27e2	0
0x27ed	0x27eb	0
0x27f0	0x27e4	0
0x27f0	0x27ed	1
0x27f6	0x26c7	0
0x27f7	0x27f6	0
0x27f9	0x27f7	0
0x2805	0x26c7	1
0x2805	0x27e9	6
0x2805	0x27ed	3
0x2805	0x27ed	5
0x2805	0x27f0	4
0x2805	0x27f2	2
0x2805	0x2804	0
0x2806	0x2805	0
0x2808	0x2806	0
0x281d	0x281b	0
0x2822	0x281e	0
0x2822	0x281f	1
0x2823	0x2822	0
0x282e	0x281d	0
0x282e	0x281e	1
0x2832	0x281d	0
0x2836	0x281d	1
0x2836	0x2834	0
0x2860	0x285e	0
0x2868	0x2864	0
0x286d	0x2864	1
0x286d	0x286a	0
0x286f	0x2868	0
0x286f	0x286d	1
0x2885	0x286f	1
0x2885	0x2870	0
0x2897	0x2895	0
0x28bd	0x2897	1
0x28bd	0x28bb	0
0x28c2	0x28bd	1
0x28c2	0x28c0	0
0x28c5	0x28bd	1
0x28c5	0x28c2	0
0x28ce	0x28c2	1
0x28ce	0x28cc	0
0x28f6	0x28ce	1
0x28f6	0x28f4	0
0x28fc	0x28fa	0
0x28ff	0x28f6	0
0x28ff	0x28fc	1
0x2918	0x2916	0
0x291c	0x2918	1
0x291c	0x291a	0
0x2927	0x2918	1
0x2927	0x2925	0
0x295d	0x2959	1
0x295d	0x2958arg0x1	0
0x295e	0x295d	0
0x2970	0x2958arg0x1	0
0x2970	0x2958arg0x0	1
0x297d	0x2970	0
0x297d	0x2958arg0x1	1
0x297e	0x297d	0
0x297e	0x2958arg0x0	1
0x2985	0x2983	0
0x29ab	0x2985	1
0x29ab	0x29a9	0
0x29b0	0x29ab	1
0x29b0	0x29ae	0
0x29b3	0x29ab	1
0x29b3	0x29b0	0
0x29bc	0x29b0	1
0x29bc	0x29ba	0
0x29c7	0x29bc	1
0x29c7	0x29c5	0
0x29cd	0x29cb	0
0x29d0	0x29c7	0
0x29d0	0x29cd	1
0x29e8	0x29e6	0
0x29ec	0x29e8	1
0x29ec	0x29ea	0
0x29f7	0x29e8	1
0x29f7	0x29f5	0
0x2abf	0x2abd	0
0x2acb	0x2ac0	1
0x2acb	0x2ac6	0
0x2af2	0x2adc	1
0x2af2	0x2add	0
0x2b08	0x2af2	1
0x2b08	0x2af3	0
0x2b0d	0x2ada	1
0x2b0d	0x2b0b	0
0x2b13	0x2b0d	1
0x2b13	0x2b11	0
0x2b16	0x2b13	1
0x2b16	0x2b14	0
0x2b17	0x2b16	0
0x2b23	0x2b18	1
0x2b23	0x2b1e	0
0x2b40	0x2b2a	1
0x2b40	0x2b2b	0
0x2b56	0x2b40	1
0x2b56	0x2b41	0
0x2b5b	0x2b28	1
0x2b5b	0x2b59	0
0x2b61	0x2b5b	1
0x2b61	0x2b5f	0
0x2b64	0x2b61	1
0x2b64	0x2b62	0
0x2b72	0x2b6e	0
0x2b77	0x2b6e	1
0x2b77	0x2b74	0
0x2b79	0x2b72	0
0x2b79	0x2b77	1
0x2b8f	0x2b79	1
0x2b8f	0x2b7a	0
0x2ba5	0x2b8f	1
0x2ba5	0x2b90	0
0x2bb2	0x2ba6	1
0x2bb2	0x2bad	0
0x2bd2	0x2bbd	0
0x2bd2	0x2bb7arg0x2	1
0x2bdc	0x2bd3	1
0x2bdc	0x2bda	0
0x2be1	0x2bdf	0
0x2be4	0x2be1	1
0x2be4	0x2be2	0
0x2bfc	0x2be7	0
0x2bfc	0x2bb7arg0x1	1
0x2c12	0x2bfc	1
0x2c12	0x2bfd	0
0x2c17	0x2be4	1
0x2c17	0x2c15	0
0x2c1d	0x2c17	1
0x2c1d	0x2c1b	0
0x2c24	0x2c22	0
0x2c29	0x2c1d	0
0x2c29	0x2c24	1
0x2c2a	0x2c25	1
0x2c2a	0x2c29	0
0x2c4f	0x2c32	0
0x2c50	0x2bdc	1
0x2c50	0x2c4f	0
0x2c54	0x2c24	0
0x2c54	0x2c51	1
0x2c56	0x2c54	0
0x2c77	0x2c56	0
0x2c77	0x2c57	1
0x2c78	0x2c50	1
0x2c78	0x2c77	0
0x2cbf	0x2cbd	0
0x2ccb	0x2cc0	1
0x2ccb	0x2cc6	0
0x2cf2	0x2cdc	1
0x2cf2	0x2cdd	0
0x2d08	0x2cf2	1
0x2d08	0x2cf3	0
0x2d0d	0x2cda	1
0x2d0d	0x2d0b	0
0x2d13	0x2d0d	1
0x2d13	0x2d11	0
0x2d16	0x2d13	1
0x2d16	0x2d14	0
0x2d17	0x2d16	0
0x2d23	0x2d18	1
0x2d23	0x2d1e	0
0x2d40	0x2d2a	1
0x2d40	0x2d2b	0
0x2d56	0x2d40	1
0x2d56	0x2d41	0
0x2d5b	0x2d28	1
0x2d5b	0x2d59	0
0x2d61	0x2d5b	1
0x2d61	0x2d5f	0
0x2d64	0x2d61	1
0x2d64	0x2d62	0
0x2d73	0x2d6f	0
0x2d78	0x2d6f	1
0x2d78	0x2d75	0
0x2d7a	0x2d73	0
0x2d7a	0x2d78	1
0x2d90	0x2d7a	1
0x2d90	0x2d7b	0
0x2da6	0x2d90	1
0x2da6	0x2d91	0
0x2db4	0x2da7	1
0x2db4	0x2daf	0
0x2dd1	0x2dba	1
0x2dd1	0x2dbc	0
0x2de8	0xba4	1
0x2de8	0x2dd3	0
0x2de9	0x2dd1	1
0x2de9	0x2de8	0
0x2dea	0x2de9	0
0x2df1	0x2def	0
0x2e17	0x2df1	1
0x2e17	0x2e15	0
0x2e1c	0x2e17	1
0x2e1c	0x2e1a	0
0x2e1f	0x2e17	1
0x2e1f	0x2e1c	0
0x2e28	0x2e1c	1
0x2e28	0x2e26	0
0x2e33	0x2e28	1
0x2e33	0x2e31	0
0x2e39	0x2e37	0
0x2e3c	0x2e33	0
0x2e3c	0x2e39	1
0x2e56	0xba4	1
0x2e56	0x2e41	0
0x2e5c	0x2e57	0
0x2e61	0x2e59	1
0x2e61	0x2e5e	0
0x2e63	0x2e5c	0
0x2e63	0x2e61	1
0x2e79	0x2e63	1
0x2e79	0x2e64	0
0x2e8f	0x2e79	1
0x2e8f	0x2e7a	0
0x2eb3	0x2eb1	0
0x2eb6	0x2eb4	0
0x2eb9	0x2eb3	0
0x2eb9	0x2eb6	1
0x2ec4	0x2ebf	1
0x2ec4	0x2ec1	0
0x2ec6	0x2ebd	0
0x2edd	0x2ec4	1
0x2edd	0x2ec8	0
0x2ede	0x2edd	0
0x2edf	0x2ec6	1
0x2edf	0x2ede	0
0x2ef7	0xba4	1
0x2ef7	0x2ee2	0
0x2ef8	0x2ec4	1
0x2ef8	0x2ef7	0
0x2ef9	0x2edf	1
0x2ef9	0x2ef8	0
0x2f04	0x290earg0x0	0
0x2f04	0x290earg0x1	1
0x2f05	0x2f04	0
0x2f0e	0x2f0c	0
0x2f34	0x2f0e	1
0x2f34	0x2f32	0
0x2f39	0x2f34	1
0x2f39	0x2f37	0
0x2f3c	0x2f34	1
0x2f3c	0x2f39	0
0x2f42	0x2918	0
0x2f47	0x2f39	1
0x2f47	0x2f45	0
0x2f4b	0x2918	0
0x2f4f	0x2918	1
0x2f4f	0x2f4d	0
0x2f59	0x2f4b	1
0x2f59	0x2f56_0x0	0
0x2f5a	0x2f59	0
0x2f61	0x2f4f	0
0x2f61	0x2f5f_0x0	1
0x2f62	0x2f61	0
0x2f65	0x2f47	0
0x2f65	0x2f5f_0x0	1
0x2f6a	0x2f67	1
0x2f6a	0x2f5f_0x0	0
0x2f7a	0x2f47	1
0x2f7a	0x2f4b	0
0x2f7e	0x2f4b	1
0x2f7e	0x2f7c	0
0x2f80	0x2f7e	0
0x2f87	0x2f7a	0
0x2f87	0x2f7e	1
0x2f89	0x2f87	0
0x2f8f	0x2f7e	1
0x2f8f	0x2f8d	0
0x2f93	0x2f8f	1
0x2f93	0x2f90	0
0x2f94	0x2f8a	1
0x2f94	0x2f93	0
0x2f95	0x2f94	0
0x2f96	0x2f89	1
0x2f96	0x2f95	0
0x2f9b	0x2f87	1
0x2f9b	0x2f99	0
0x2fa6	0x2fa4	0
0x2fa9	0x2fa6	1
0x2fa9	0x2f9e_0x1	0
0x2fb2	0x290earg0x0	1
0x2fb2	0x290earg0x1	0
0x2fc4	0x2fc0	1
0x2fc4	0x29dearg0x0	0
0x2fcd	0x2fcb	0
0x2ff3	0x2fcd	1
0x2ff3	0x2ff1	0
0x2ff8	0x2ff3	1
0x2ff8	0x2ff6	0
0x2ffb	0x2ff3	1
0x2ffb	0x2ff8	0
0x3001	0x29e8	0
0x3006	0x2ff8	1
0x3006	0x3004	0
0x300a	0x29e8	0
0x300e	0x29e8	1
0x300e	0x300c	0
0x3018	0x300a	1
0x3018	0x3015_0x0	0
0x3019	0x3018	0
0x3020	0x300e	0
0x3020	0x301e_0x0	1
0x3021	0x3020	0
0x3024	0x3006	0
0x3024	0x301e_0x0	1
0x3029	0x3026	1
0x3029	0x301e_0x0	0
0x3039	0x3006	1
0x3039	0x300a	0
0x303d	0x300a	1
0x303d	0x303b	0
0x303f	0x303d	0
0x3046	0x3039	0
0x3046	0x303d	1
0x3048	0x3046	0
0x304e	0x303d	1
0x304e	0x304c	0
0x3052	0x304e	1
0x3052	0x304f	0
0x3053	0x3049	1
0x3053	0x3052	0
0x3054	0x3053	0
0x3055	0x3048	1
0x3055	0x3054	0
0x305a	0x3046	1
0x305a	0x3058	0
0x3065	0x3063	0
0x3068	0x3065	1
0x3068	0x305d_0x1	0
0x3078	0x29dearg0x0	1
0x3078	0x29dearg0x1	0
0x12a4	0x124b	1
0x12a4	0x129d	2
0x12a4	0x12a1	0
0x1473	0x141b	1
0x1473	0x146c	2
0x1473	0x1470	0
0x1508	0x1501	2
0x1508	0x1504	1
0x1508	0x1505	0
0x27f	0x279	1
0x27f	0x27c	0
0x5c8	0x5c2	1
0x5c8	0x5c5	0
0x1261	0x125b	1
0x1261	0x125e	0
0x1430	0x142a	1
0x1430	0x142d	0
0x2505	0x24ff	1
0x2505	0x2502	0
0x85c	0x856	1
0x85c	0x859	0
0xa03	0x9fd	1
0xa03	0xa00	0
0xc54	0xc4e	1
0xc54	0xc51	0
0x1253	0x124d	1
0x1253	0x1250	0
0x1422	0x141c	1
0x1422	0x141f	0
0x136f	0x135c	3
0x136f	0x135f	1
0x136f	0x1362	2
0x136f	0x136e	0
0x16d9	0x16c8	3
0x16d9	0x16d8	0
0x16d9	0x1508_0x0	2
0x16d9	0x1589_0x0	1
0x16fa	0x16e9	3
0x16fa	0x16f9	0
0x16fa	0x1508_0x0	2
0x16fa	0x1589_0x0	1
0x2513	0x24f9	3
0x2513	0x24fe	1
0x2513	0x2512	0
0x2513	0x2505_0x0	2
0x2acc	0x2ab9	3
0x2acc	0x2abf	2
0x2acc	0x2acb	0
0x2acc	0x2ab8arg0x0	1
0x2b24	0x2ad4	3
0x2b24	0x2b17	2
0x2b24	0x2b23	0
0x2b24	0x2ab8arg0x0	1
0x1388	0x1375	3
0x1388	0x137a	1
0x1388	0x1387	0
0x1388	0x136f_0x0	2
0x157b	0x1568	3
0x157b	0x156d	1
0x157b	0x157a	0
0x157b	0x1508_0x0	2
0x18ae	0x189b	3
0x18ae	0x18a0	1
0x18ae	0x18ad	0
0x18ae	0x1508_0x0	2
0x2521	0x24f3	3
0x2521	0x24f8	1
0x2521	0x2520	0
0x2521	0x2513_0x0	2
0x252f	0x24e7	3
0x252f	0x24ea	1
0x252f	0x252e	0
0x252f	0x2521_0x0	2
0x134d	0x4b9	2
0x134d	0x1339	3
0x134d	0x133c	1
0x134d	0x134c	0
0x13b2	0x138c	3
0x13b2	0x138f	1
0x13b2	0x13b1	0
0x13b2	0x2a2eV0x1389	2
0x1589	0x155c	3
0x1589	0x155f	1
0x1589	0x1588	0
0x1589	0x157b_0x0	2
0x18bc	0x188f	3
0x18bc	0x1892	1
0x18bc	0x18bb	0
0x18bc	0x18ae_0x0	2
0x253d	0x24dc	3
0x253d	0x253c	0
0x253d	0x252f_0x0	2
0x253d	0xf71V0x24d8	1
0xc540x220	0x2200xc4e	1
0xc540x220	0x2200xc51	0
0xc620x220	0x2200xc54_0x0	2
0xc620x220	0x2200xc0b	3
0xc620x220	0x2200xc61	0
0xc620x220	0x2200xc4d	1
0xc620xbb6	0xc0b	3
0xc620xbb6	0xc4d	1
0xc620xbb6	0xc54_0x0	2
0xc620xbb6	0xbb60xc61	0
0xc790x220	0x2200xc62_0x0	1
0xc790x220	0x2200xc08	3
0xc790x220	0x2200xc78	0
0xc790x220	0x1a08V0xc630x220	2
0xc790xbb6	0xc08	3
0xc790xbb6	0xbb60xc62_0x0	1
0xc790xbb6	0xbb60xc78	0
0xc790xbb6	0x1a08V0xc630xbb6	2
0xc870x220	0x2200xc79_0x0	2
0xc870x220	0x2200xbfc	3
0xc870x220	0x2200xc86	0
0xc870x220	0x2200xbff	1
0xc870xbb6	0xbfc	3
0xc870xbb6	0xbff	1
0xc870xbb6	0xbb60xc79_0x0	2
0xc870xbb6	0xbb60xc86	0
0xf850x44b	0x44b0xf7f	1
0xf850x44b	0x44b0xf82	0
0xf930x44b	0x44b0xf8d	1
0xf930x44b	0x44b0xf90	0
0xfd60x44b	0x44b0xfcf	2
0xfd60x44b	0x44b0xfd3	0
0xfd60x44b	0x44b0xf7e	1
0x20bc0x555	0x5550x20b6	1
0x20bc0x555	0x5550x20b9	0
0x20bc0x922	0x9220x20b6	1
0x20bc0x922	0x9220x20b9	0
0x20ca0x555	0x5550x20c4	1
0x20ca0x555	0x5550x20c7	0
0x20ca0x922	0x9220x20c4	1
0x20ca0x922	0x9220x20c7	0
0x210d0x555	0x5550x2106	2
0x210d0x555	0x5550x210a	0
0x210d0x555	0x5550x20b5	1
0x210d0x922	0x9220x2106	2
0x210d0x922	0x9220x210a	0
0x210d0x922	0x9220x20b5	1
0x2a5_0x0	0x2a3	-1
0x2a5_0x0	0x2b9	-1
0x2ae_0x0	0x2a3	-1
0x2ae_0x0	0x2b9	-1
0x2ed_0x1	0x2c9	-1
0x2ed_0x1	0x2ea	-1
0x882_0x0	0x880	-1
0x882_0x0	0x896	-1
0x88b_0x0	0x880	-1
0x88b_0x0	0x896	-1
0x8ca_0x1	0x8a6	-1
0x8ca_0x1	0x8c7	-1
0xd16_0x0	0xcd2	-1
0xd16_0x0	0xd22	-1
0xd16_0x1	0xd14	-1
0xd16_0x1	0xd1e	-1
0x1c1a_0x0	0x1be2	-1
0x1c1a_0x0	0x1c19	-1
0x1c53_0x0	0x1be2	-1
0x1c53_0x0	0x1c19	-1
0x1c53_0x0	0x1c52	-1
0x1d6d_0x0	0x1d5e	-1
0x1d6d_0x0	0x2cb1V0x1d64	-1
0x1d85_0x0	0x1d5e	-1
0x1d85_0x0	0x1d84	-1
0x1d85_0x0	0x2cb1V0x1d64	-1
0x2069_0x0	0x2025	-1
0x2069_0x0	0x2075	-1
0x2069_0x1	0x2067	-1
0x2069_0x1	0x2071	-1
0x2552_0x0	0x24d1	-1
0x2552_0x0	0x2a2eV0x253e	-1
0x2639_0x0	0x25e0	-1
0x2639_0x0	0x2638	-1
0x29d8_0x0	0x2963	-1
0x29d8_0x0	0x2970	-1
0x2f56_0x0	0x2f54	-1
0x2f56_0x0	0x2f6a	-1
0x2f5f_0x0	0x2f54	-1
0x2f5f_0x0	0x2f6a	-1
0x2f9e_0x1	0x2f7a	-1
0x2f9e_0x1	0x2f9b	-1
0x3015_0x0	0x3013	-1
0x3015_0x0	0x3029	-1
0x301e_0x0	0x3013	-1
0x301e_0x0	0x3029	-1
0x305d_0x1	0x3039	-1
0x305d_0x1	0x305a	-1
0x23140x99a_0x0	0x99a0x2305	-1
0x23140x99a_0x0	0x2cb1V0x230b0x99a	-1
0x232c0x99a_0x0	0x99a0x232b	-1
0x232c0x99a_0x0	0x99a0x2305	-1
0x232c0x99a_0x0	0x2cb1V0x230b0x99a	-1
0x24af0x99a	0x99a0x24ae	0
0x24af0x99a	0x99a0x24a9	1
0x24ae0x99a	0x99a0x24ad	0
0x24ae0x99a	0x99a0x24a1	1
0x24ad0x99a	0x99a0x24ac	0
0x24ac0x99a	0x99a0x2498	0
0x24a90x99a	0x99a0x24a8	0
0x24a90x99a	0x99a0x24a3	1
0x24a80x99a	0x99a0x24a7	0
0x24a70x99a	0x99a0x24a5	0
0x24a70x99a	0x99a0x24a1	1
0x24a30x99a	0x99a0x249a	0
0x24a10x99a	0x99a0x249e	0
0x24a10x99a	0x99a0x249c	1
0x24930x99a	0x99a0x2394	0
0x248f0x99a	0x99a0x248c	1
0x248f0x99a	0x99a0x2489	0
0x248c0x99a	0x99a0x248a	0
0x24890x99a	0x99a0x2487	0
0x24650x99a	0x99a0x2450	0
0x24650x99a	0x99a0x244e	1
0x244d0x99a	0x99a0x2438	0
0x244d0x99a	0x99a0x2437	1
0x24370x99a	0x99a0x2422	0
0x24370x99a	0x99a0x2421	1
0x24210x99a	0x99a0x241f	1
0x24210x99a	0x99a0x241a	0
0x241f0x99a	0x99a0x241c	0
0x241f0x99a	0x99a0x2417	1
0x241a0x99a	0x99a0x2415	0
0x24110x99a	0x99a0x2410	0
0x24110x99a	0x99a0x23f7	1
0x24100x99a	0x99a0x240f	0
0x24100x99a	0x99a0x23dc	1
0x240f0x99a	0x9cc	1
0x240f0x99a	0x99a0x23fa	0
0x23f70x99a	0x99a0x23f6	0
0x23f70x99a	0x99a0x23de	1
0x23f60x99a	0x99a0x23f5	0
0x23f50x99a	0x99a0x23e0	0
0x23f50x99a	0x99a0x23dc	1
0x23de0x99a	0x99a0x23d5	0
0x23dc0x99a	0x99a0x23d9	0
0x23dc0x99a	0x99a0x23d7	1
0x23cf0x99a	0x99a0x23ce	0
0x23cf0x99a	0x99a0x23c9	1
0x23ce0x99a	0x99a0x23cd	0
0x23ce0x99a	0x99a0x23c1	1
0x23cd0x99a	0x99a0x23cc	0
0x23cc0x99a	0x99a0x23b8	0
0x23c90x99a	0x99a0x23c8	0
0x23c90x99a	0x99a0x23c3	1
0x23c80x99a	0x99a0x23c7	0
0x23c70x99a	0x99a0x23c5	0
0x23c70x99a	0x99a0x23c1	1
0x23c30x99a	0x99a0x23ba	0
0x23c10x99a	0x99a0x23be	0
0x23c10x99a	0x99a0x23bc	1
0x23b40x99a	0x99a0x23b3	0
0x23b40x99a	0x99a0x23ae	1
0x23b30x99a	0x99a0x23b2	0
0x23b30x99a	0x99a0x23a6	1
0x23b20x99a	0x99a0x23b1	0
0x23b10x99a	0x99a0x239d	0
0x23ae0x99a	0x99a0x23ad	0
0x23ae0x99a	0x99a0x23a8	1
0x23ad0x99a	0x99a0x23ac	0
0x23ac0x99a	0x99a0x23aa	0
0x23ac0x99a	0x99a0x23a6	1
0x23a80x99a	0x99a0x239f	0
0x23a60x99a	0x99a0x23a3	0
0x23a60x99a	0x99a0x23a1	1
0x23980x99a	0x99a0x2394	0
0x23940x99a	0x99a0x2393	0
0x23930x99a	0x99a0x2391	0
0x23930x99a	0x99a0x2390	1
0x23900x99a	0x99a0x238e	1
0x23900x99a	0x99a0x2389	0
0x238e0x99a	0x99a0x238b	0
0x238e0x99a	0x99a0x2386	1
0x23890x99a	0x99a0x2384	0
0x237e0x99a	0x99a0x237b	1
0x237e0x99a	0x99a0x2375	0
0x237b0x99a	0x99a0x2379	0
0x23750x99a	0x99a0x2373	0
0x23750x99a	0x99a0x236a	1
0x236a0x99a	0x99a0x2368	0
0x236a0x99a	0x99a0x235e	1
0x23610x99a	0x99a0x235e	0
0x23610x99a	0x99a0x2359	1
0x235e0x99a	0x99a0x235c	0
0x235e0x99a	0x99a0x2359	1
0x23590x99a	0x99a0x2357	0
0x23590x99a	0x99a0x2333	1
0x23330x99a	0x99a0x2331	0
0x232b0x99a	0x99a0x232a	0
0x232a0x99a	0x99a0x2328	0
0x232a0x99a	0x99a0x2327	1
0x23270x99a	0x99a0x2325	1
0x23270x99a	0x99a0x2320	0
0x23250x99a	0x99a0x2322	0
0x23250x99a	0x99a0x231d	1
0x23200x99a	0x99a0x231b	0
0x23050x99a	0x99a0x2303	0
0x23050x99a	0x99a0x2302	1
0x23020x99a	0x99a0x2300	1
0x23020x99a	0x99a0x22fb	0
0x23000x99a	0x99a0x22fd	0
0x23000x99a	0x99a0x22f8	1
0x22fb0x99a	0x99a0x22f6	0
0x22c90x555	0x5550x22c6	1
0x22c90x555	0x5550x22c0	0
0x22c90x922	0x9220x22c6	1
0x22c90x922	0x9220x22c0	0
0x22c60x555	0x5550x22c4	0
0x22c60x922	0x9220x22c4	0
0x22c00x555	0x5550x22be	0
0x22c00x555	0x5550x22b9	1
0x22c00x922	0x9220x22be	0
0x22c00x922	0x9220x22b9	1
0x22b90x555	0x5550x22b7	0
0x22b90x922	0x9220x22b7	0
0x22940x555	0x5550x227f	0
0x22940x555	0x5550x227e	1
0x22940x922	0x9220x227f	0
0x22940x922	0x9220x227e	1
0x227b0x555	0x5550x2278	1
0x227b0x555	0x5550x2272	0
0x227b0x922	0x9220x2278	1
0x227b0x922	0x9220x2272	0
0x22780x555	0x5550x2276	0
0x22780x922	0x9220x2276	0
0x22720x555	0x5550x2270	0
0x22720x555	0x5550x226b	1
0x22720x922	0x9220x2270	0
0x22720x922	0x9220x226b	1
0x226b0x555	0x5550x2269	0
0x226b0x922	0x9220x2269	0
0x22460x555	0x5550x2231	0
0x22460x555	0x5550x222f	1
0x22460x922	0x9220x2231	0
0x22460x922	0x9220x222f	1
0x222e0x555	0x5550x2219	0
0x222e0x555	0x5550x2218	1
0x222e0x922	0x9220x2219	0
0x222e0x922	0x9220x2218	1
0x220b0x555	0x5550x2208	1
0x220b0x555	0x5550x2202	0
0x220b0x922	0x9220x2208	1
0x220b0x922	0x9220x2202	0
0x22080x555	0x5550x2206	0
0x22080x922	0x9220x2206	0
0x22020x555	0x5550x2200	0
0x22020x555	0x5550x21da	1
0x22020x922	0x9220x2200	0
0x22020x922	0x9220x21da	1
0x21da0x555	0x5550x21d8	0
0x21da0x555	0x5550x21ce	1
0x21da0x922	0x9220x21d8	0
0x21da0x922	0x9220x21ce	1
0x21d10x555	0x5550x21ce	0
0x21d10x555	0x5550x21c9	1
0x21d10x922	0x9220x21ce	0
0x21d10x922	0x9220x21c9	1
0x21ce0x555	0x5550x21cc	0
0x21ce0x555	0x5550x21c9	1
0x21ce0x922	0x9220x21cc	0
0x21ce0x922	0x9220x21c9	1
0x21c90x555	0x5550x21c7	0
0x21c90x555	0x5550x21a3	1
0x21c90x922	0x9220x21c7	0
0x21c90x922	0x9220x21a3	1
0x21a30x555	0x5550x21a1	0
0x21a30x922	0x9220x21a1	0
0x219c0x555	0x571	0
0x219c0x555	0x5550x2199	1
0x219c0x922	0x93e	0
0x219c0x922	0x9220x2199	1
0x21930x555	0x5550x2191	0
0x21930x555	0x5550x2190	1
0x21930x922	0x9220x2191	0
0x21930x922	0x9220x2190	1
0x21900x555	0x5550x218e	0
0x21900x555	0x5550x218a	1
0x21900x922	0x9220x218e	0
0x21900x922	0x9220x218a	1
0x218a0x555	0x5550x2188	0
0x218a0x555	0x5550x2157	1
0x218a0x922	0x9220x2188	0
0x218a0x922	0x9220x2157	1
0x21850x555	0x5550x2170	0
0x21850x555	0x5550x216f	1
0x21850x922	0x9220x2170	0
0x21850x922	0x9220x216f	1
0x216f0x555	0x5550x215a	0
0x216f0x555	0x5550x20b5	1
0x216f0x922	0x9220x215a	0
0x216f0x922	0x9220x20b5	1
0x21540x555	0x5550x2152	0
0x21540x922	0x9220x2152	0
0x214d0x555	0x5550x214b	0
0x214d0x555	0x5550x214a	1
0x214d0x922	0x9220x214b	0
0x214d0x922	0x9220x214a	1
0x214a0x555	0x5550x2148	0
0x214a0x555	0x5550x2144	1
0x214a0x922	0x9220x2148	0
0x214a0x922	0x9220x2144	1
0x21440x555	0x5550x2142	0
0x21440x555	0x5550x2111	1
0x21440x922	0x9220x2142	0
0x21440x922	0x9220x2111	1
0x213f0x555	0x5550x212a	0
0x213f0x555	0x5550x2129	1
0x213f0x922	0x9220x212a	0
0x213f0x922	0x9220x2129	1
0x21290x555	0x5550x2114	0
0x21290x555	0x5550x20b5	1
0x21290x922	0x9220x2114	0
0x21290x922	0x9220x20b5	1
0x21010x555	0x5550x2100	0
0x21010x555	0x5550x20e9	1
0x21010x922	0x9220x2100	0
0x21010x922	0x9220x20e9	1
0x21000x555	0x5550x20eb	0
0x21000x555	0x5550x20b5	1
0x21000x922	0x9220x20eb	0
0x21000x922	0x9220x20b5	1
0x20e90x555	0x5550x20d4	0
0x20e90x555	0x5550x20d2	1
0x20e90x922	0x9220x20d4	0
0x20e90x922	0x9220x20d2	1
0x1a080x4f3	0x4f30x1a07	0
0x1a070x4f3	0x4f30x1a05	0
0x1a070x4f3	0x4f30x1a04	1
0x1a040x4f3	0x4f30x1a02	0
0x1a040x4f3	0x4f30x19fe	1
0x19fe0x4f3	0x4f30x19fc	0
0x19fe0x4f3	0x4f30x19cb	1
0x19f90x4f3	0x4f30x19e4	0
0x19f90x4f3	0x4f30x19e3	1
0x19e30x4f3	0x525	1
0x19e30x4f3	0x4f30x19ce	0
0x11920x44b	0x44b0x118f	1
0x11920x44b	0x44b0x1189	0
0x118f0x44b	0x44b0x118d	0
0x11890x44b	0x44b0x1187	0
0x11890x44b	0x44b0x1182	1
0x11820x44b	0x44b0x1180	0
0x115d0x44b	0x44b0x1148	0
0x115d0x44b	0x44b0x1147	1
0x11460x44b	0x44b0x1131	0
0x11460x44b	0x44b0x112f	1
0x112c0x44b	0x44b0x1129	1
0x112c0x44b	0x44b0x1123	0
0x11290x44b	0x44b0x1127	0
0x11230x44b	0x44b0x1121	0
0x11230x44b	0x44b0x111c	1
0x111c0x44b	0x44b0x111a	0
0x10f70x44b	0x44b0x10e2	0
0x10f70x44b	0x44b0x10e1	1
0x10d40x44b	0x44b0x10d1	1
0x10d40x44b	0x44b0x10cb	0
0x10d10x44b	0x44b0x10cf	0
0x10cb0x44b	0x44b0x10c9	0
0x10cb0x44b	0x44b0x10a3	1
0x10a30x44b	0x44b0x10a1	0
0x10a30x44b	0x44b0x1097	1
0x109a0x44b	0x44b0x1097	0
0x109a0x44b	0x44b0x1092	1
0x10970x44b	0x44b0x1095	0
0x10970x44b	0x44b0x1092	1
0x10920x44b	0x44b0x1090	0
0x10920x44b	0x44b0x106c	1
0x106c0x44b	0x44b0x106a	0
0x10650x44b	0x467	0
0x10650x44b	0x44b0x1062	1
0x105c0x44b	0x44b0x105a	0
0x105c0x44b	0x44b0x1059	1
0x10590x44b	0x44b0x1057	0
0x10590x44b	0x44b0x1053	1
0x10530x44b	0x44b0x1051	0
0x10530x44b	0x44b0x1020	1
0x104e0x44b	0x44b0x1039	0
0x104e0x44b	0x44b0x1038	1
0x10380x44b	0x44b0x1023	0
0x10380x44b	0x44b0xf7e	1
0x101d0x44b	0x44b0x101b	0
0x10160x44b	0x44b0x1014	0
0x10160x44b	0x44b0x1013	1
0x10130x44b	0x44b0x1011	0
0x10130x44b	0x44b0x100d	1
0x100d0x44b	0x44b0x100b	0
0x100d0x44b	0x44b0xfda	1
0x10080x44b	0x44b0xff3	0
0x10080x44b	0x44b0xff2	1
0xff20x44b	0x44b0xfdd	0
0xff20x44b	0x44b0xf7e	1
0xfca0x44b	0x44b0xfc9	0
0xfca0x44b	0x44b0xfb2	1
0xfc90x44b	0x44b0xfb4	0
0xfc90x44b	0x44b0xf7e	1
0xfb20x44b	0x44b0xf9d	0
0xfb20x44b	0x44b0xf9b	1
0xc940x220	0x2200xc8f	0
0xc940x220	0x2200xc89	1
0xc940xbb6	0xbb60xc8f	0
0xc940xbb6	0xbb60xc89	1
0xc860x220	0x2200xc81	0
0xc860x220	0x2200xc7b	1
0xc860xbb6	0xbb60xc81	0
0xc860xbb6	0xbb60xc7b	1
0xc780x220	0x2200xc73	0
0xc780x220	0x2200xc6d	1
0xc780xbb6	0xbb60xc73	0
0xc780xbb6	0xbb60xc6d	1
0xc610x220	0x2200xc5c	0
0xc610x220	0x2200xc56	1
0xc610xbb6	0xbb60xc5c	0
0xc610xbb6	0xbb60xc56	1
0xc4d0x220	0x2200xc4c	0
0xc4c0x220	0x2200xc4a	0
0xc4c0x220	0x2200xc49	1
0xc490x220	0x2200xc47	0
0xc490x220	0x2200xc43	1
0xc430x220	0x2200xc41	0
0xc430x220	0x2200xc10	1
0xc3e0x220	0x2200xc29	0
0xc3e0x220	0x2200xc28	1
0xc280x220	0x252	1
0xc280x220	0x2200xc13	0
0xbfb0x220	0x2200xbfa	0
0xbfa0x220	0x2200xbf8	0
0xbfa0x220	0x2200xbf7	1
0xbf70x220	0x2200xbf5	0
0xbf70x220	0x2200xbf1	1
0xbf10x220	0x2200xbef	0
0xbf10x220	0x2200xbbe	1
0xbec0x220	0x2200xbd7	0
0xbec0x220	0x2200xbd6	1
0xbd60x220	0x252	1
0xbd60x220	0x2200xbc1	0
0x2c8dS0x1d3b	0x1d41	0
0x2c8dS0x1d3b	0x1d44	1
0x2c99_0x0S0x1d3b	0x1d41	-1
0x2c99_0x0S0x1d3b	0x1d44	-1
0xf71S0x24bd	0xf6fV0x24bd	0
0x2a3bS0x13bc	0x2a39V0x13bc	0
0x2a61S0x13bc	0x2a3bV0x13bc	1
0x2a61S0x13bc	0x2a5fV0x13bc	0
0x2a66S0x13bc	0x2a61V0x13bc	1
0x2a66S0x13bc	0x2a64V0x13bc	0
0x2a69S0x13bc	0x2a61V0x13bc	1
0x2a69S0x13bc	0x2a66V0x13bc	0
0x2a72S0x13bc	0x2a66V0x13bc	1
0x2a72S0x13bc	0x2a70V0x13bc	0
0x2a9aS0x13bc	0x2a72V0x13bc	1
0x2a9aS0x13bc	0x2a98V0x13bc	0
0x2aa0S0x13bc	0x2a9eV0x13bc	0
0x2aa3S0x13bc	0x2a9aV0x13bc	0
0x2aa3S0x13bc	0x2aa0V0x13bc	1
0x2a2eS0x13bc	0x13c7	1
0x2a2eS0x13bc	0x13cb	0
0x2a33S0x13bc	0x13cb	1
0x2a33S0x13bc	0x2a2eV0x13bc	0
0x2a34S0x13bc	0x2a33V0x13bc	0
0x2a3bS0x1389	0x2a39V0x1389	0
0x2a61S0x1389	0x2a3bV0x1389	1
0x2a61S0x1389	0x2a5fV0x1389	0
0x2a66S0x1389	0x2a61V0x1389	1
0x2a66S0x1389	0x2a64V0x1389	0
0x2a69S0x1389	0x2a61V0x1389	1
0x2a69S0x1389	0x2a66V0x1389	0
0x2a72S0x1389	0x2a66V0x1389	1
0x2a72S0x1389	0x2a70V0x1389	0
0x2a9aS0x1389	0x2a72V0x1389	1
0x2a9aS0x1389	0x2a98V0x1389	0
0x2aa0S0x1389	0x2a9eV0x1389	0
0x2aa3S0x1389	0x2a9aV0x1389	0
0x2aa3S0x1389	0x2aa0V0x1389	1
0x2a2eS0x1389	0x4b9	0
0x2a2eS0x1389	0x1388_0x0	1
0x2a33S0x1389	0x4b9	1
0x2a33S0x1389	0x2a2eV0x1389	0
0x2a34S0x1389	0x2a33V0x1389	0
0x2a3bS0x18bd	0x2a39V0x18bd	0
0x2a61S0x18bd	0x2a3bV0x18bd	1
0x2a61S0x18bd	0x2a5fV0x18bd	0
0x2a66S0x18bd	0x2a61V0x18bd	1
0x2a66S0x18bd	0x2a64V0x18bd	0
0x2a69S0x18bd	0x2a61V0x18bd	1
0x2a69S0x18bd	0x2a66V0x18bd	0
0x2a72S0x18bd	0x2a66V0x18bd	1
0x2a72S0x18bd	0x2a70V0x18bd	0
0x2a9aS0x18bd	0x2a72V0x18bd	1
0x2a9aS0x18bd	0x2a98V0x18bd	0
0x2aa0S0x18bd	0x2a9eV0x18bd	0
0x2aa3S0x18bd	0x2a9aV0x18bd	0
0x2aa3S0x18bd	0x2aa0V0x18bd	1
0x2a2eS0x18bd	0x1903	0
0x2a2eS0x18bd	0x18bc_0x0	1
0x2a33S0x18bd	0x1903	1
0x2a33S0x18bd	0x2a2eV0x18bd	0
0x2a34S0x18bd	0x2a33V0x18bd	0
0xf71S0x24d8	0xf6fV0x24d8	0
0x2a3bS0x253e	0x2a39V0x253e	0
0x2a61S0x253e	0x2a3bV0x253e	1
0x2a61S0x253e	0x2a5fV0x253e	0
0x2a66S0x253e	0x2a61V0x253e	1
0x2a66S0x253e	0x2a64V0x253e	0
0x2a69S0x253e	0x2a61V0x253e	1
0x2a69S0x253e	0x2a66V0x253e	0
0x2a72S0x253e	0x2a66V0x253e	1
0x2a72S0x253e	0x2a70V0x253e	0
0x2a9aS0x253e	0x2a72V0x253e	1
0x2a9aS0x253e	0x2a98V0x253e	0
0x2aa0S0x253e	0x2a9eV0x253e	0
0x2aa3S0x253e	0x2a9aV0x253e	0
0x2aa3S0x253e	0x2aa0V0x253e	1
0x2a2eS0x253e	0x2541	0
0x2a2eS0x253e	0x253d_0x0	1
0x2a33S0x253e	0x2541	1
0x2a33S0x253e	0x2a2eV0x253e	0
0x2a34S0x253e	0x2a33V0x253e	0
0x2a3bS0x2ccd	0x2a39V0x2ccd	0
0x2a61S0x2ccd	0x2a3bV0x2ccd	1
0x2a61S0x2ccd	0x2a5fV0x2ccd	0
0x2a66S0x2ccd	0x2a61V0x2ccd	1
0x2a66S0x2ccd	0x2a64V0x2ccd	0
0x2a69S0x2ccd	0x2a61V0x2ccd	1
0x2a69S0x2ccd	0x2a66V0x2ccd	0
0x2a72S0x2ccd	0x2a66V0x2ccd	1
0x2a72S0x2ccd	0x2a70V0x2ccd	0
0x2a9aS0x2ccd	0x2a72V0x2ccd	1
0x2a9aS0x2ccd	0x2a98V0x2ccd	0
0x2aa0S0x2ccd	0x2a9eV0x2ccd	0
0x2aa3S0x2ccd	0x2a9aV0x2ccd	0
0x2aa3S0x2ccd	0x2aa0V0x2ccd	1
0x2a2eS0x2ccd	0x2d17	0
0x2a2eS0x2ccd	0x2cb8arg0x0	1
0x2a33S0x2ccd	0x2d17	1
0x2a33S0x2ccd	0x2a2eV0x2ccd	0
0x2a34S0x2ccd	0x2a33V0x2ccd	0
0xf71S0x40f	0xf6fV0x40f	0
0x2a3bS0x2cb8	0x2a39V0x2cb8	0
0x2a61S0x2cb8	0x2a3bV0x2cb8	1
0x2a61S0x2cb8	0x2a5fV0x2cb8	0
0x2a66S0x2cb8	0x2a61V0x2cb8	1
0x2a66S0x2cb8	0x2a64V0x2cb8	0
0x2a69S0x2cb8	0x2a61V0x2cb8	1
0x2a69S0x2cb8	0x2a66V0x2cb8	0
0x2a72S0x2cb8	0x2a66V0x2cb8	1
0x2a72S0x2cb8	0x2a70V0x2cb8	0
0x2a9aS0x2cb8	0x2a72V0x2cb8	1
0x2a9aS0x2cb8	0x2a98V0x2cb8	0
0x2aa0S0x2cb8	0x2a9eV0x2cb8	0
0x2aa3S0x2cb8	0x2a9aV0x2cb8	0
0x2aa3S0x2cb8	0x2aa0V0x2cb8	1
0x2a2eS0x2cb8	0x2cbf	0
0x2a2eS0x2cb8	0x2cb8arg0x0	1
0x2a33S0x2cb8	0x2cbf	1
0x2a33S0x2cb8	0x2a2eV0x2cb8	0
0x2a34S0x2cb8	0x2a33V0x2cb8	0
0x2cabS0x1d64	0x2ca5V0x1d64	0
0x2cb1S0x1d64	0x2cabV0x1d64	0
0x2cb1S0x1d64	0x2caeV0x1d64	1
0x19e3S0xc630x220	0x252	1
0x19e3S0xc630x220	0x19ceV0xc630x220	0
0x19f9S0xc630x220	0x19e3V0xc630x220	1
0x19f9S0xc630x220	0x19e4V0xc630x220	0
0x19feS0xc630x220	0x19cbV0xc630x220	1
0x19feS0xc630x220	0x19fcV0xc630x220	0
0x1a04S0xc630x220	0x19feV0xc630x220	1
0x1a04S0xc630x220	0x1a02V0xc630x220	0
0x1a07S0xc630x220	0x1a04V0xc630x220	1
0x1a07S0xc630x220	0x1a05V0xc630x220	0
0x1a08S0xc630x220	0x1a07V0xc630x220	0
0x19e3S0xc630xbb6	0x19ceV0xc630xbb6	0
0x19e3S0xc630xbb6	0xbb6arg0x0	1
0x19f9S0xc630xbb6	0x19e3V0xc630xbb6	1
0x19f9S0xc630xbb6	0x19e4V0xc630xbb6	0
0x19feS0xc630xbb6	0x19cbV0xc630xbb6	1
0x19feS0xc630xbb6	0x19fcV0xc630xbb6	0
0x1a04S0xc630xbb6	0x19feV0xc630xbb6	1
0x1a04S0xc630xbb6	0x1a02V0xc630xbb6	0
0x1a07S0xc630xbb6	0x1a04V0xc630xbb6	1
0x1a07S0xc630xbb6	0x1a05V0xc630xbb6	0
0x1a08S0xc630xbb6	0x1a07V0xc630xbb6	0
0x2a3bS0xc880x220	0x2a39V0xc880x220	0
0x2a61S0xc880x220	0x2a3bV0xc880x220	1
0x2a61S0xc880x220	0x2a5fV0xc880x220	0
0x2a66S0xc880x220	0x2a61V0xc880x220	1
0x2a66S0xc880x220	0x2a64V0xc880x220	0
0x2a69S0xc880x220	0x2a61V0xc880x220	1
0x2a69S0xc880x220	0x2a66V0xc880x220	0
0x2a72S0xc880x220	0x2a66V0xc880x220	1
0x2a72S0xc880x220	0x2a70V0xc880x220	0
0x2a9aS0xc880x220	0x2a72V0xc880x220	1
0x2a9aS0xc880x220	0x2a98V0xc880x220	0
0x2aa0S0xc880x220	0x2a9eV0xc880x220	0
0x2aa3S0xc880x220	0x2a9aV0xc880x220	0
0x2aa3S0xc880x220	0x2aa0V0xc880x220	1
0x2a2eS0xc880x220	0x2200xc87_0x0	0
0x2a2eS0xc880x220	0x2200xbfb	1
0x2a33S0xc880x220	0x2200xc87_0x0	1
0x2a33S0xc880x220	0x2a2eV0xc880x220	0
0x2a34S0xc880x220	0x2a33V0xc880x220	0
0x2a3bS0xc880xbb6	0x2a39V0xc880xbb6	0
0x2a61S0xc880xbb6	0x2a3bV0xc880xbb6	1
0x2a61S0xc880xbb6	0x2a5fV0xc880xbb6	0
0x2a66S0xc880xbb6	0x2a61V0xc880xbb6	1
0x2a66S0xc880xbb6	0x2a64V0xc880xbb6	0
0x2a69S0xc880xbb6	0x2a61V0xc880xbb6	1
0x2a69S0xc880xbb6	0x2a66V0xc880xbb6	0
0x2a72S0xc880xbb6	0x2a66V0xc880xbb6	1
0x2a72S0xc880xbb6	0x2a70V0xc880xbb6	0
0x2a9aS0xc880xbb6	0x2a72V0xc880xbb6	1
0x2a9aS0xc880xbb6	0x2a98V0xc880xbb6	0
0x2aa0S0xc880xbb6	0x2a9eV0xc880xbb6	0
0x2aa3S0xc880xbb6	0x2a9aV0xc880xbb6	0
0x2aa3S0xc880xbb6	0x2aa0V0xc880xbb6	1
0x2a2eS0xc880xbb6	0xbfb	1
0x2a2eS0xc880xbb6	0xbb60xc87_0x0	0
0x2a33S0xc880xbb6	0xbb60xc87_0x0	1
0x2a33S0xc880xbb6	0x2a2eV0xc880xbb6	0
0x2a34S0xc880xbb6	0x2a33V0xc880xbb6	0
0x2cabS0x230b0x99a	0x2ca5V0x230b0x99a	0
0x2cb1S0x230b0x99a	0x2cabV0x230b0x99a	0
0x2cb1S0x230b0x99a	0x2caeV0x230b0x99a	1
0x1f99S0xd53	0x1f94V0xd53	0
0x1f9eS0xd53	0x1f96V0xd53	1
0x1f9eS0xd53	0x1f9bV0xd53	0
0x1fa0S0xd53	0x1f99V0xd53	0
0x1fa0S0xd53	0x1f9eV0xd53	1
0x1fb6S0xd53	0x1fa0V0xd53	1
0x1fb6S0xd53	0x1fa1V0xd53	0
0x1fccS0xd53	0x1fb6V0xd53	1
0x1fccS0xd53	0x1fb7V0xd53	0
0x1feaS0xd53	0x1fd5V0xd53	0
0x1feaS0xd53	0x2ab3V0x1f91V0xd53	1
0x1febS0xd53	0x1fccV0xd53	1
0x1febS0xd53	0x1feaV0xd53	0
0x1f99S0x1a0f	0x1f94V0x1a0f	0
0x1f9eS0x1a0f	0x1f96V0x1a0f	1
0x1f9eS0x1a0f	0x1f9bV0x1a0f	0
0x1fa0S0x1a0f	0x1f99V0x1a0f	0
0x1fa0S0x1a0f	0x1f9eV0x1a0f	1
0x1fb6S0x1a0f	0x1fa0V0x1a0f	1
0x1fb6S0x1a0f	0x1fa1V0x1a0f	0
0x1fccS0x1a0f	0x1fb6V0x1a0f	1
0x1fccS0x1a0f	0x1fb7V0x1a0f	0
0x1feaS0x1a0f	0x1fd5V0x1a0f	0
0x1feaS0x1a0f	0x2ab3V0x1f91V0x1a0f	1
0x1febS0x1a0f	0x1fccV0x1a0f	1
0x1febS0x1a0f	0x1feaV0x1a0f	0
0x1f99S0x2888	0x1f94V0x2888	0
0x1f9eS0x2888	0x1f96V0x2888	1
0x1f9eS0x2888	0x1f9bV0x2888	0
0x1fa0S0x2888	0x1f99V0x2888	0
0x1fa0S0x2888	0x1f9eV0x2888	1
0x1fb6S0x2888	0x1fa0V0x2888	1
0x1fb6S0x2888	0x1fa1V0x2888	0
0x1fccS0x2888	0x1fb6V0x2888	1
0x1fccS0x2888	0x1fb7V0x2888	0
0x1feaS0x2888	0x1fd5V0x2888	0
0x1feaS0x2888	0x2ab3V0x1f91V0x2888	1
0x1febS0x2888	0x1fccV0x2888	1
0x1febS0x2888	0x1feaV0x2888	0
0x30abS0x2bb7	0x30a9V0x2bb7	0
0x30d1S0x2bb7	0x30abV0x2bb7	1
0x30d1S0x2bb7	0x30cfV0x2bb7	0
0x30d6S0x2bb7	0x30d1V0x2bb7	1
0x30d6S0x2bb7	0x30d4V0x2bb7	0
0x30d9S0x2bb7	0x30d1V0x2bb7	1
0x30d9S0x2bb7	0x30d6V0x2bb7	0
0x30e2S0x2bb7	0x30d6V0x2bb7	1
0x30e2S0x2bb7	0x30e0V0x2bb7	0
0x310aS0x2bb7	0x30e2V0x2bb7	1
0x310aS0x2bb7	0x3108V0x2bb7	0
0x3110S0x2bb7	0x310eV0x2bb7	0
0x3113S0x2bb7	0x310aV0x2bb7	0
0x3113S0x2bb7	0x3110V0x2bb7	1
0x31a8S0x2bb7	0x31a6V0x2bb7	0
0x31adS0x2bb7	0x31abV0x2bb7	0
0x31b1S0x2bb7	0x31aeV0x2bb7	1
0x31b1S0x2bb7	0x31b0V0x2bb7	0
0x31b2S0x2bb7	0x31adV0x2bb7	1
0x31b2S0x2bb7	0x31b1V0x2bb7	0
0x31b4S0x2bb7	0x31a8V0x2bb7	0
0x31b4S0x2bb7	0x31b2V0x2bb7	1
0x31c1S0x2bb7	0x31a8V0x2bb7	0
0x31c1S0x2bb7	0x31beV0x2bb7	1
0x31d9S0x2bb7	0x31d7V0x2bb7	0
0x31ffS0x2bb7	0x31d9V0x2bb7	1
0x31ffS0x2bb7	0x31fdV0x2bb7	0
0x3204S0x2bb7	0x31ffV0x2bb7	1
0x3204S0x2bb7	0x3202V0x2bb7	0
0x3207S0x2bb7	0x31ffV0x2bb7	1
0x3207S0x2bb7	0x3204V0x2bb7	0
0x3210S0x2bb7	0x3204V0x2bb7	1
0x3210S0x2bb7	0x320eV0x2bb7	0
0x3238S0x2bb7	0x3210V0x2bb7	1
0x3238S0x2bb7	0x3236V0x2bb7	0
0x323eS0x2bb7	0x323cV0x2bb7	0
0x3241S0x2bb7	0x3238V0x2bb7	0
0x3241S0x2bb7	0x323eV0x2bb7	1
0x327bS0x2bb7	0x3279V0x2bb7	0
0x32a1S0x2bb7	0x327bV0x2bb7	1
0x32a1S0x2bb7	0x329fV0x2bb7	0
0x32a6S0x2bb7	0x32a1V0x2bb7	1
0x32a6S0x2bb7	0x32a4V0x2bb7	0
0x32a9S0x2bb7	0x32a1V0x2bb7	1
0x32a9S0x2bb7	0x32a6V0x2bb7	0
0x32b2S0x2bb7	0x32a6V0x2bb7	1
0x32b2S0x2bb7	0x32b0V0x2bb7	0
0x32bdS0x2bb7	0x32b2V0x2bb7	1
0x32bdS0x2bb7	0x32bbV0x2bb7	0
0x32c3S0x2bb7	0x32c1V0x2bb7	0
0x32c6S0x2bb7	0x32bdV0x2bb7	0
0x32c6S0x2bb7	0x32c3V0x2bb7	1
0x309fS0x2bb7	0x308aV0x2bb7	0
0x309fS0x2bb7	0x2bb7arg0x2	1
0x3131S0x2bb7	0x311cV0x2bb7	0
0x3131S0x2bb7	0x2bb7arg0x2	1
0x3135S0x2bb7	0x3133V0x2bb7	0
0x3139S0x2bb7	0x2c24	0
0x313dS0x2bb7	0x2c24	1
0x313dS0x2bb7	0x313bV0x2bb7	0
0x316bS0x2bb7	0x3169V0x2bb7	0
0x316bS0x2bb7	0x3165_0x2V0x2bb7	1
0x316fS0x2bb7	0x316bV0x2bb7	1
0x316fS0x2bb7	0x316cV0x2bb7	0
0x3170S0x2bb7	0x3166V0x2bb7	1
0x3170S0x2bb7	0x316fV0x2bb7	0
0x3172S0x2bb7	0x3170V0x2bb7	0
0x3174S0x2bb7	0x3165_0x0V0x2bb7	0
0x3175S0x2bb7	0x3172V0x2bb7	1
0x3175S0x2bb7	0x3174V0x2bb7	0
0x3178S0x2bb7	0x3165_0x1V0x2bb7	0
0x3179S0x2bb7	0x3170V0x2bb7	1
0x3179S0x2bb7	0x3178V0x2bb7	0
0x317cS0x2bb7	0x3175V0x2bb7	0
0x317cS0x2bb7	0x3179V0x2bb7	1
0x3187S0x2bb7	0x3135V0x2bb7	1
0x3187S0x2bb7	0x3139V0x2bb7	0
0x318fS0x2bb7	0x318dV0x2bb7	0
0x3192S0x2bb7	0x3187V0x2bb7	0
0x3192S0x2bb7	0x318fV0x2bb7	1
0x3198S0x2bb7	0x3131V0x2bb7	1
0x3198S0x2bb7	0x318bV0x2bb7	6
0x3198S0x2bb7	0x318fV0x2bb7	3
0x3198S0x2bb7	0x318fV0x2bb7	5
0x3198S0x2bb7	0x3192V0x2bb7	4
0x3198S0x2bb7	0x3194V0x2bb7	2
0x3198S0x2bb7	0x3197V0x2bb7	0
0x31a1S0x2bb7	0x319cV0x2bb7	0
0x31a1S0x2bb7	0x319eV0x2bb7	1
0x3165_0x0S0x2bb7	0x313dV0x2bb7	-1
0x3165_0x0S0x2bb7	0x3158V0x2bb7	-1
0x3165_0x1S0x2bb7	0x3135V0x2bb7	-1
0x3165_0x1S0x2bb7	0x3152V0x2bb7	-1
0x3165_0x2S0x2bb7	0x3139V0x2bb7	-1
0x3165_0x2S0x2bb7	0x315eV0x2bb7	-1
0x3146S0x2bb7	0x3143V0x2bb7	1
0x3146S0x2bb7	0x3142_0x2V0x2bb7	0
0x3142_0x2S0x2bb7	0x3139V0x2bb7	-1
0x3142_0x2S0x2bb7	0x315eV0x2bb7	-1
0x3248S0x2bb7	0x3244_0x0V0x2bb7	0
0x3249S0x2bb7	0x3245V0x2bb7	1
0x3249S0x2bb7	0x3248V0x2bb7	0
0x324aS0x2bb7	0x3249V0x2bb7	0
0x3244_0x0S0x2bb7	0x31a8V0x2bb7	-1
0x3244_0x0S0x2bb7	0x31c8V0x2bb7	-1
0x3265S0x2bb7	0x3253V0x2bb7	0
0x3265S0x2bb7	0x3255V0x2bb7	1
0x3269S0x2bb7	0x3253V0x2bb7	0
0x326dS0x2bb7	0x326bV0x2bb7	0
0x326dS0x2bb7	0x3253V0x2bb7	1
0x314cS0x2bb7	0x314b_0x0V0x2bb7	0
0x3152S0x2bb7	0x314fV0x2bb7	1
0x3152S0x2bb7	0x314b_0x1V0x2bb7	0
0x3158S0x2bb7	0x3155V0x2bb7	1
0x3158S0x2bb7	0x314b_0x0V0x2bb7	0
0x315eS0x2bb7	0x315bV0x2bb7	1
0x315eS0x2bb7	0x314b_0x2V0x2bb7	0
0x314b_0x0S0x2bb7	0x313dV0x2bb7	-1
0x314b_0x0S0x2bb7	0x3158V0x2bb7	-1
0x314b_0x1S0x2bb7	0x3135V0x2bb7	-1
0x314b_0x1S0x2bb7	0x3152V0x2bb7	-1
0x314b_0x2S0x2bb7	0x3139V0x2bb7	-1
0x314b_0x2S0x2bb7	0x315eV0x2bb7	-1
0x3253S0x2bb7	0x3251V0x2bb7	0
0x3253S0x2bb7	0x324f_0x0V0x2bb7	1
0x3255S0x2bb7	0x324f_0x0V0x2bb7	0
0x3259S0x2bb7	0x3255V0x2bb7	0
0x3259S0x2bb7	0x3256V0x2bb7	1
0x325aS0x2bb7	0x3259V0x2bb7	0
0x324f_0x0S0x2bb7	0x31a8V0x2bb7	-1
0x324f_0x0S0x2bb7	0x31c8V0x2bb7	-1
0x33ffS0x3085S0x2bb7	0x33dcV0x3085V0x2bb7	1
0x33ffS0x3085S0x2bb7	0x33fdV0x3085V0x2bb7	0
0x3403S0x3085S0x2bb7	0x309fV0x2bb7	0
0x3408S0x3085S0x2bb7	0x33ffV0x3085V0x2bb7	1
0x3408S0x3085S0x2bb7	0x3403V0x3085V0x2bb7	0
0x3409S0x3085S0x2bb7	0x3408V0x3085V0x2bb7	0
0x340bS0x3085S0x2bb7	0x3409V0x3085V0x2bb7	0
0x3418_0x0S0x3085S0x2bb7	0x3409V0x3085V0x2bb7	-1
0x3418_0x0S0x3085S0x2bb7	0x3417V0x3085V0x2bb7	-1
0x3414S0x3085S0x2bb7	0x3411V0x3085V0x2bb7	0
0x3414S0x3085S0x2bb7	0x3411V0x3085V0x2bb7	1
0x3416S0x3085S0x2bb7	0x3403V0x3085V0x2bb7	0
0x3416S0x3085S0x2bb7	0x3414V0x3085V0x2bb7	1
0x3417S0x3085S0x2bb7	0x3416V0x3085V0x2bb7	0
0x24af0x22f5S0x1e2c	0x22f50x24aeV0x1e2c	0
0x24af0x22f5S0x1e2c	0x22f50x24a9V0x1e2c	1
0x24ae0x22f5S0x1e2c	0x22f50x24adV0x1e2c	0
0x24ae0x22f5S0x1e2c	0x22f50x24a1V0x1e2c	1
0x24ad0x22f5S0x1e2c	0x22f50x24acV0x1e2c	0
0x24ac0x22f5S0x1e2c	0x22f50x2498V0x1e2c	0
0x24a90x22f5S0x1e2c	0x22f50x24a8V0x1e2c	0
0x24a90x22f5S0x1e2c	0x22f50x24a3V0x1e2c	1
0x24a80x22f5S0x1e2c	0x22f50x24a7V0x1e2c	0
0x24a70x22f5S0x1e2c	0x22f50x24a5V0x1e2c	0
0x24a70x22f5S0x1e2c	0x22f50x24a1V0x1e2c	1
0x24a30x22f5S0x1e2c	0x22f50x249aV0x1e2c	0
0x24a10x22f5S0x1e2c	0x22f50x249eV0x1e2c	0
0x24a10x22f5S0x1e2c	0x22f50x249cV0x1e2c	1
0x23cf0x22f5S0x1e2c	0x22f50x23ceV0x1e2c	0
0x23cf0x22f5S0x1e2c	0x22f50x23c9V0x1e2c	1
0x23ce0x22f5S0x1e2c	0x22f50x23cdV0x1e2c	0
0x23ce0x22f5S0x1e2c	0x22f50x23c1V0x1e2c	1
0x23cd0x22f5S0x1e2c	0x22f50x23ccV0x1e2c	0
0x23cc0x22f5S0x1e2c	0x22f50x23b8V0x1e2c	0
0x23c90x22f5S0x1e2c	0x22f50x23c8V0x1e2c	0
0x23c90x22f5S0x1e2c	0x22f50x23c3V0x1e2c	1
0x23c80x22f5S0x1e2c	0x22f50x23c7V0x1e2c	0
0x23c70x22f5S0x1e2c	0x22f50x23c5V0x1e2c	0
0x23c70x22f5S0x1e2c	0x22f50x23c1V0x1e2c	1
0x23c30x22f5S0x1e2c	0x22f50x23baV0x1e2c	0
0x23c10x22f5S0x1e2c	0x22f50x23beV0x1e2c	0
0x23c10x22f5S0x1e2c	0x22f50x23bcV0x1e2c	1
0x23b40x22f5S0x1e2c	0x22f50x23b3V0x1e2c	0
0x23b40x22f5S0x1e2c	0x22f50x23aeV0x1e2c	1
0x23b30x22f5S0x1e2c	0x22f50x23b2V0x1e2c	0
0x23b30x22f5S0x1e2c	0x22f50x23a6V0x1e2c	1
0x23b20x22f5S0x1e2c	0x22f50x23b1V0x1e2c	0
0x23b10x22f5S0x1e2c	0x22f50x239dV0x1e2c	0
0x23ae0x22f5S0x1e2c	0x22f50x23adV0x1e2c	0
0x23ae0x22f5S0x1e2c	0x22f50x23a8V0x1e2c	1
0x23ad0x22f5S0x1e2c	0x22f50x23acV0x1e2c	0
0x23ac0x22f5S0x1e2c	0x22f50x23aaV0x1e2c	0
0x23ac0x22f5S0x1e2c	0x22f50x23a6V0x1e2c	1
0x23a80x22f5S0x1e2c	0x22f50x239fV0x1e2c	0
0x23a60x22f5S0x1e2c	0x22f50x23a3V0x1e2c	0
0x23a60x22f5S0x1e2c	0x22f50x23a1V0x1e2c	1
0x237e0x22f5S0x1e2c	0x22f50x237bV0x1e2c	1
0x237e0x22f5S0x1e2c	0x22f50x2375V0x1e2c	0
0x237b0x22f5S0x1e2c	0x22f50x2379V0x1e2c	0
0x23750x22f5S0x1e2c	0x22f50x2373V0x1e2c	0
0x23750x22f5S0x1e2c	0x22f50x236aV0x1e2c	1
0x236a0x22f5S0x1e2c	0x22f50x2368V0x1e2c	0
0x236a0x22f5S0x1e2c	0x22f50x235eV0x1e2c	1
0x23610x22f5S0x1e2c	0x22f50x235eV0x1e2c	0
0x23610x22f5S0x1e2c	0x22f50x2359V0x1e2c	1
0x235e0x22f5S0x1e2c	0x22f50x235cV0x1e2c	0
0x235e0x22f5S0x1e2c	0x22f50x2359V0x1e2c	1
0x23590x22f5S0x1e2c	0x22f50x2357V0x1e2c	0
0x23590x22f5S0x1e2c	0x22f50x2333V0x1e2c	1
0x23330x22f5S0x1e2c	0x22f50x2331V0x1e2c	0
0x22fbS0x1e2c	0x22f6V0x1e2c	0
0x2300S0x1e2c	0x22f8V0x1e2c	1
0x2300S0x1e2c	0x22fdV0x1e2c	0
0x2302S0x1e2c	0x22fbV0x1e2c	0
0x2302S0x1e2c	0x2300V0x1e2c	1
0x2305S0x1e2c	0x2302V0x1e2c	1
0x2305S0x1e2c	0x2303V0x1e2c	0
0x24930x22f5S0x1e2c	0x22f50x2394V0x1e2c	0
0x248f0x22f5S0x1e2c	0x22f50x248cV0x1e2c	1
0x248f0x22f5S0x1e2c	0x22f50x2489V0x1e2c	0
0x248c0x22f5S0x1e2c	0x22f50x248aV0x1e2c	0
0x24890x22f5S0x1e2c	0x22f50x2487V0x1e2c	0
0x24650x22f5S0x1e2c	0x22f50x2450V0x1e2c	0
0x24650x22f5S0x1e2c	0x22f50x244eV0x1e2c	1
0x244d0x22f5S0x1e2c	0x22f50x2438V0x1e2c	0
0x244d0x22f5S0x1e2c	0x22f50x2437V0x1e2c	1
0x24370x22f5S0x1e2c	0x22f50x2422V0x1e2c	0
0x24370x22f5S0x1e2c	0x22f50x2421V0x1e2c	1
0x24210x22f5S0x1e2c	0x22f50x241fV0x1e2c	1
0x24210x22f5S0x1e2c	0x22f50x241aV0x1e2c	0
0x241f0x22f5S0x1e2c	0x22f50x241cV0x1e2c	0
0x241f0x22f5S0x1e2c	0x22f50x2417V0x1e2c	1
0x241a0x22f5S0x1e2c	0x22f50x2415V0x1e2c	0
0x24110x22f5S0x1e2c	0x22f50x2410V0x1e2c	0
0x24110x22f5S0x1e2c	0x22f50x23f7V0x1e2c	1
0x24100x22f5S0x1e2c	0x22f50x240fV0x1e2c	0
0x24100x22f5S0x1e2c	0x22f50x23dcV0x1e2c	1
0x240f0x22f5S0x1e2c	0x1e30	1
0x240f0x22f5S0x1e2c	0x22f50x23faV0x1e2c	0
0x23f70x22f5S0x1e2c	0x22f50x23f6V0x1e2c	0
0x23f70x22f5S0x1e2c	0x22f50x23deV0x1e2c	1
0x23f60x22f5S0x1e2c	0x22f50x23f5V0x1e2c	0
0x23f50x22f5S0x1e2c	0x22f50x23e0V0x1e2c	0
0x23f50x22f5S0x1e2c	0x22f50x23dcV0x1e2c	1
0x23de0x22f5S0x1e2c	0x22f50x23d5V0x1e2c	0
0x23dc0x22f5S0x1e2c	0x22f50x23d9V0x1e2c	0
0x23dc0x22f5S0x1e2c	0x22f50x23d7V0x1e2c	1
0x23980x22f5S0x1e2c	0x22f50x2394V0x1e2c	0
0x23940x22f5S0x1e2c	0x22f50x2393V0x1e2c	0
0x23930x22f5S0x1e2c	0x22f50x2391V0x1e2c	0
0x23930x22f5S0x1e2c	0x22f50x2390V0x1e2c	1
0x23900x22f5S0x1e2c	0x22f50x238eV0x1e2c	1
0x23900x22f5S0x1e2c	0x22f50x2389V0x1e2c	0
0x238e0x22f5S0x1e2c	0x22f50x238bV0x1e2c	0
0x238e0x22f5S0x1e2c	0x22f50x2386V0x1e2c	1
0x23890x22f5S0x1e2c	0x22f50x2384V0x1e2c	0
0x232c0x22f5_0x0S0x1e2c	0x2305V0x1e2c	-1
0x232c0x22f5_0x0S0x1e2c	0x22f50x232bV0x1e2c	-1
0x232c0x22f5_0x0S0x1e2c	0x2cb1V0x230b0x22f5V0x1e2c	-1
0x23140x22f5_0x0S0x1e2c	0x2305V0x1e2c	-1
0x23140x22f5_0x0S0x1e2c	0x2cb1V0x230b0x22f5V0x1e2c	-1
0x232b0x22f5S0x1e2c	0x22f50x232aV0x1e2c	0
0x232a0x22f5S0x1e2c	0x22f50x2328V0x1e2c	0
0x232a0x22f5S0x1e2c	0x22f50x2327V0x1e2c	1
0x23270x22f5S0x1e2c	0x22f50x2325V0x1e2c	1
0x23270x22f5S0x1e2c	0x22f50x2320V0x1e2c	0
0x23250x22f5S0x1e2c	0x22f50x2322V0x1e2c	0
0x23250x22f5S0x1e2c	0x22f50x231dV0x1e2c	1
0x23200x22f5S0x1e2c	0x22f50x231bV0x1e2c	0
0x2cabS0x230b0x22f5S0x1e2c	0x2ca5V0x230b0x22f5V0x1e2c	0
0x2cb1S0x230b0x22f5S0x1e2c	0x2cabV0x230b0x22f5V0x1e2c	0
0x2cb1S0x230b0x22f5S0x1e2c	0x2caeV0x230b0x22f5V0x1e2c	1
0x3424S0x1e35	0x1ef9	0
0x342aS0x1e35	0x3424V0x1e35	1
0x342aS0x1e35	0x3428V0x1e35	0
0x342bS0x1e35	0x342aV0x1e35	0
0x342fS0x1e35	0x342bV0x1e35	1
0x342fS0x1e35	0x342cV0x1e35	0
0x3430S0x1e35	0x3425V0x1e35	1
0x3430S0x1e35	0x342fV0x1e35	0
0x3431S0x1e35	0x3424V0x1e35	1
0x3431S0x1e35	0x3430V0x1e35	0
0x3435S0x1e35	0x3431V0x1e35	0
0x3435S0x1e35	0x3432V0x1e35	1
0x343eS0x1e35	0x343aV0x1e35	1
0x343eS0x1e35	0x343cV0x1e35	0
0x3442S0x1e35	0x3435V0x1e35	1
0x3442S0x1e35	0x3440V0x1e35	0
0x3446S0x1e35	0x3442V0x1e35	0
0x3446S0x1e35	0x3443V0x1e35	1
0x3448S0x1e35	0x343eV0x1e35	0
0x3448S0x1e35	0x3446V0x1e35	1
0x344dS0x1e35	0x1efd	1
0x344dS0x1e35	0x344bV0x1e35	0
0x3465S0x1e35	0x1efd	0
0x3465S0x1e35	0x1efd	1
0x3468S0x1e35	0x3465V0x1e35	1
0x3468S0x1e35	0x3466V0x1e35	0
0x346cS0x1e35	0x1efd	0
0x3490_0x1S0x1e35	0x343eV0x1e35	-1
0x3490_0x1S0x1e35	0x3489V0x1e35	-1
0x3477S0x1e35	0x3474_0x2V0x1e35	1
0x3477S0x1e35	0x3473V0x1e35	0
0x3478S0x1e35	0x3477V0x1e35	0
0x3474_0x2S0x1e35	0x1f01	-1
0x3474_0x2S0x1e35	0x3484V0x1e35	-1
0x3453S0x1e35	0x1f01	0
0x3456S0x1e35	0x3454V0x1e35	0
0x3457S0x1e35	0x3453V0x1e35	1
0x3457S0x1e35	0x3456V0x1e35	0
0x345aS0x1e35	0x1efd	0
0x345aS0x1e35	0x1efd	1
0x345bS0x1e35	0x3457V0x1e35	1
0x345bS0x1e35	0x345aV0x1e35	0
0x3473S0x1e35	0x1efd	1
0x3473S0x1e35	0x1f01	0
0x347eS0x1e35	0x347d_0x2V0x1e35	0
0x3484S0x1e35	0x3482V0x1e35	0
0x3484S0x1e35	0x347d_0x2V0x1e35	1
0x3489S0x1e35	0x3487V0x1e35	0
0x3489S0x1e35	0x347d_0x1V0x1e35	1
0x347d_0x1S0x1e35	0x343eV0x1e35	-1
0x347d_0x1S0x1e35	0x3489V0x1e35	-1
0x347d_0x2S0x1e35	0x1f01	-1
0x347d_0x2S0x1e35	0x3484V0x1e35	-1
0x34baS0x3490S0x1e35	0x34b8V0x3490V0x1e35	0
0x34baS0x3490S0x1e35	0x34b0_0x0V0x3490V0x1e35	1
0x34b0_0x0S0x3490S0x1e35	0x3490_0x1V0x1e35	-1
0x34b0_0x0S0x3490S0x1e35	0x34baV0x3490V0x1e35	-1
0x34aaS0x3490S0x1e35	0x3448V0x1e35	0
0x34aaS0x3490S0x1e35	0x34a7_0x0V0x3490V0x1e35	1
0x34abS0x3490S0x1e35	0x34aaV0x3490V0x1e35	0
0x34a7_0x0S0x3490S0x1e35	0x3490_0x1V0x1e35	-1
0x34a7_0x0S0x3490S0x1e35	0x34baV0x3490V0x1e35	-1
0x3424S0x1f0d	0x1f10	0
0x342aS0x1f0d	0x3424V0x1f0d	1
0x342aS0x1f0d	0x3428V0x1f0d	0
0x342bS0x1f0d	0x342aV0x1f0d	0
0x342fS0x1f0d	0x342bV0x1f0d	1
0x342fS0x1f0d	0x342cV0x1f0d	0
0x3430S0x1f0d	0x3425V0x1f0d	1
0x3430S0x1f0d	0x342fV0x1f0d	0
0x3431S0x1f0d	0x3424V0x1f0d	1
0x3431S0x1f0d	0x3430V0x1f0d	0
0x3435S0x1f0d	0x3431V0x1f0d	0
0x3435S0x1f0d	0x3432V0x1f0d	1
0x343eS0x1f0d	0x343aV0x1f0d	1
0x343eS0x1f0d	0x343cV0x1f0d	0
0x3442S0x1f0d	0x3435V0x1f0d	1
0x3442S0x1f0d	0x3440V0x1f0d	0
0x3446S0x1f0d	0x3442V0x1f0d	0
0x3446S0x1f0d	0x3443V0x1f0d	1
0x3448S0x1f0d	0x343eV0x1f0d	0
0x3448S0x1f0d	0x3446V0x1f0d	1
0x344dS0x1f0d	0x1f14	1
0x344dS0x1f0d	0x344bV0x1f0d	0
0x3465S0x1f0d	0x1f14	0
0x3465S0x1f0d	0x1f14	1
0x3468S0x1f0d	0x3465V0x1f0d	1
0x3468S0x1f0d	0x3466V0x1f0d	0
0x346cS0x1f0d	0x1f14	0
0x3490_0x1S0x1f0d	0x343eV0x1f0d	-1
0x3490_0x1S0x1f0d	0x3489V0x1f0d	-1
0x3477S0x1f0d	0x3474_0x2V0x1f0d	1
0x3477S0x1f0d	0x3473V0x1f0d	0
0x3478S0x1f0d	0x3477V0x1f0d	0
0x3474_0x2S0x1f0d	0x1f18	-1
0x3474_0x2S0x1f0d	0x3484V0x1f0d	-1
0x3453S0x1f0d	0x1f18	0
0x3456S0x1f0d	0x3454V0x1f0d	0
0x3457S0x1f0d	0x3453V0x1f0d	1
0x3457S0x1f0d	0x3456V0x1f0d	0
0x345aS0x1f0d	0x1f14	0
0x345aS0x1f0d	0x1f14	1
0x345bS0x1f0d	0x3457V0x1f0d	1
0x345bS0x1f0d	0x345aV0x1f0d	0
0x3473S0x1f0d	0x1f14	1
0x3473S0x1f0d	0x1f18	0
0x347eS0x1f0d	0x347d_0x2V0x1f0d	0
0x3484S0x1f0d	0x3482V0x1f0d	0
0x3484S0x1f0d	0x347d_0x2V0x1f0d	1
0x3489S0x1f0d	0x3487V0x1f0d	0
0x3489S0x1f0d	0x347d_0x1V0x1f0d	1
0x347d_0x1S0x1f0d	0x343eV0x1f0d	-1
0x347d_0x1S0x1f0d	0x3489V0x1f0d	-1
0x347d_0x2S0x1f0d	0x1f18	-1
0x347d_0x2S0x1f0d	0x3484V0x1f0d	-1
0x34baS0x3490S0x1f0d	0x34b8V0x3490V0x1f0d	0
0x34baS0x3490S0x1f0d	0x34b0_0x0V0x3490V0x1f0d	1
0x34b0_0x0S0x3490S0x1f0d	0x3490_0x1V0x1f0d	-1
0x34b0_0x0S0x3490S0x1f0d	0x34baV0x3490V0x1f0d	-1
0x34aaS0x3490S0x1f0d	0x3448V0x1f0d	0
0x34aaS0x3490S0x1f0d	0x34a7_0x0V0x3490V0x1f0d	1
0x34abS0x3490S0x1f0d	0x34aaV0x3490V0x1f0d	0
0x34a7_0x0S0x3490S0x1f0d	0x3490_0x1V0x1f0d	-1
0x34a7_0x0S0x3490S0x1f0d	0x34baV0x3490V0x1f0d	-1
0x1f99S0x833	0x1f94V0x833	0
0x1f9eS0x833	0x1f96V0x833	1
0x1f9eS0x833	0x1f9bV0x833	0
0x1fa0S0x833	0x1f99V0x833	0
0x1fa0S0x833	0x1f9eV0x833	1
0x1fb6S0x833	0x1fa0V0x833	1
0x1fb6S0x833	0x1fa1V0x833	0
0x1fccS0x833	0x1fb6V0x833	1
0x1fccS0x833	0x1fb7V0x833	0
0x1feaS0x833	0x1fd5V0x833	0
0x1feaS0x833	0x2ab3V0x1f91V0x833	1
0x1febS0x833	0x1fccV0x833	1
0x1febS0x833	0x1feaV0x833	0
0xfd60x2842S0xb00	0x28420xfcfV0xb00	2
0xfd60x2842S0xb00	0x28420xfd3V0xb00	0
0xfd60x2842S0xb00	0x28420xf7eV0xb00	1
0x10d40x2842S0xb00	0x28420x10d1V0xb00	1
0x10d40x2842S0xb00	0x28420x10cbV0xb00	0
0x10d10x2842S0xb00	0x28420x10cfV0xb00	0
0x10cb0x2842S0xb00	0x28420x10c9V0xb00	0
0x10cb0x2842S0xb00	0x28420x10a3V0xb00	1
0x10a30x2842S0xb00	0x28420x10a1V0xb00	0
0x10a30x2842S0xb00	0x28420x1097V0xb00	1
0x109a0x2842S0xb00	0x28420x1097V0xb00	0
0x109a0x2842S0xb00	0x28420x1092V0xb00	1
0x10970x2842S0xb00	0x28420x1095V0xb00	0
0x10970x2842S0xb00	0x28420x1092V0xb00	1
0x10920x2842S0xb00	0x28420x1090V0xb00	0
0x10920x2842S0xb00	0x28420x106cV0xb00	1
0x106c0x2842S0xb00	0x28420x106aV0xb00	0
0xf850x2842S0xb00	0x28420xf7fV0xb00	1
0xf850x2842S0xb00	0x28420xf82V0xb00	0
0xf930x2842S0xb00	0x28420xf8dV0xb00	1
0xf930x2842S0xb00	0x28420xf90V0xb00	0
0x10650x2842S0xb00	0x28420x1062V0xb00	1
0x10650x2842S0xb00	0x1a08V0x2842V0xb00	0
0xfca0x2842S0xb00	0x28420xfc9V0xb00	0
0xfca0x2842S0xb00	0x28420xfb2V0xb00	1
0xfc90x2842S0xb00	0x28420xf7eV0xb00	1
0xfc90x2842S0xb00	0x28420xfb4V0xb00	0
0xfb20x2842S0xb00	0x28420xf9dV0xb00	0
0xfb20x2842S0xb00	0x28420xf9bV0xb00	1
0x11920x2842S0xb00	0x28420x118fV0xb00	1
0x11920x2842S0xb00	0x28420x1189V0xb00	0
0x118f0x2842S0xb00	0x28420x118dV0xb00	0
0x11890x2842S0xb00	0x28420x1187V0xb00	0
0x11890x2842S0xb00	0x28420x1182V0xb00	1
0x11820x2842S0xb00	0x28420x1180V0xb00	0
0x115d0x2842S0xb00	0x28420x1148V0xb00	0
0x115d0x2842S0xb00	0x28420x1147V0xb00	1
0x11460x2842S0xb00	0x28420x1131V0xb00	0
0x11460x2842S0xb00	0x28420x112fV0xb00	1
0x112c0x2842S0xb00	0x28420x1129V0xb00	1
0x112c0x2842S0xb00	0x28420x1123V0xb00	0
0x11290x2842S0xb00	0x28420x1127V0xb00	0
0x11230x2842S0xb00	0x28420x1121V0xb00	0
0x11230x2842S0xb00	0x28420x111cV0xb00	1
0x111c0x2842S0xb00	0x28420x111aV0xb00	0
0x10f70x2842S0xb00	0x28420x10e2V0xb00	0
0x10f70x2842S0xb00	0x28420x10e1V0xb00	1
0x105c0x2842S0xb00	0x28420x105aV0xb00	0
0x105c0x2842S0xb00	0x28420x1059V0xb00	1
0x10590x2842S0xb00	0x28420x1057V0xb00	0
0x10590x2842S0xb00	0x28420x1053V0xb00	1
0x10530x2842S0xb00	0x28420x1051V0xb00	0
0x10530x2842S0xb00	0x28420x1020V0xb00	1
0x104e0x2842S0xb00	0x28420x1039V0xb00	0
0x104e0x2842S0xb00	0x28420x1038V0xb00	1
0x10380x2842S0xb00	0x28420xf7eV0xb00	1
0x10380x2842S0xb00	0x28420x1023V0xb00	0
0x101d0x2842S0xb00	0x28420x101bV0xb00	0
0x10160x2842S0xb00	0x28420x1014V0xb00	0
0x10160x2842S0xb00	0x28420x1013V0xb00	1
0x10130x2842S0xb00	0x28420x1011V0xb00	0
0x10130x2842S0xb00	0x28420x100dV0xb00	1
0x100d0x2842S0xb00	0x28420x100bV0xb00	0
0x100d0x2842S0xb00	0x28420xfdaV0xb00	1
0x10080x2842S0xb00	0x28420xff3V0xb00	0
0x10080x2842S0xb00	0x28420xff2V0xb00	1
0xff20x2842S0xb00	0x28420xf7eV0xb00	1
0xff20x2842S0xb00	0x28420xfddV0xb00	0
0x19e3S0x2842S0xb00	0x2849V0xb00	1
0x19e3S0x2842S0xb00	0x19ceV0x2842V0xb00	0
0x19f9S0x2842S0xb00	0x19e3V0x2842V0xb00	1
0x19f9S0x2842S0xb00	0x19e4V0x2842V0xb00	0
0x19feS0x2842S0xb00	0x19cbV0x2842V0xb00	1
0x19feS0x2842S0xb00	0x19fcV0x2842V0xb00	0
0x1a04S0x2842S0xb00	0x19feV0x2842V0xb00	1
0x1a04S0x2842S0xb00	0x1a02V0x2842V0xb00	0
0x1a07S0x2842S0xb00	0x1a04V0x2842V0xb00	1
0x1a07S0x2842S0xb00	0x1a05V0x2842V0xb00	0
0x1a08S0x2842S0xb00	0x1a07V0x2842V0xb00	0
0x32ebS0x2d25	0x2da6	1
0x32ebS0x2d25	0x32d6V0x2d25	0
0x32f5S0x2d25	0x32ecV0x2d25	1
0x32f5S0x2d25	0x32f3V0x2d25	0
0x32fbS0x2d25	0x32f9V0x2d25	0
0x32feS0x2d25	0x32fbV0x2d25	1
0x32feS0x2d25	0x32fcV0x2d25	0
0x3316S0x2d25	0x2d6c	1
0x3316S0x2d25	0x3301V0x2d25	0
0x332cS0x2d25	0x3316V0x2d25	1
0x332cS0x2d25	0x3317V0x2d25	0
0x3331S0x2d25	0x32feV0x2d25	1
0x3331S0x2d25	0x332fV0x2d25	0
0x3348S0x2d25	0x2d6d	1
0x3348S0x2d25	0x3333V0x2d25	0
0x335eS0x2d25	0x3348V0x2d25	1
0x335eS0x2d25	0x3349V0x2d25	0
0x3363S0x2d25	0x3331V0x2d25	1
0x3363S0x2d25	0x3361V0x2d25	0
0x3369S0x2d25	0x3363V0x2d25	1
0x3369S0x2d25	0x3367V0x2d25	0
0x3371S0x2d25	0x336fV0x2d25	0
0x3376S0x2d25	0x3369V0x2d25	0
0x3376S0x2d25	0x3371V0x2d25	1
0x3377S0x2d25	0x3372V0x2d25	1
0x3377S0x2d25	0x3376V0x2d25	0
0x339cS0x2d25	0x337fV0x2d25	0
0x339dS0x2d25	0x32f5V0x2d25	1
0x339dS0x2d25	0x339cV0x2d25	0
0x33a1S0x2d25	0x3371V0x2d25	0
0x33a1S0x2d25	0x339eV0x2d25	1
0x33a3S0x2d25	0x33a1V0x2d25	0
0x33c4S0x2d25	0x33a3V0x2d25	0
0x33c4S0x2d25	0x33a4V0x2d25	1
0x33c5S0x2d25	0x339dV0x2d25	1
0x33c5S0x2d25	0x33c4V0x2d25	0
0x30abS0x32d0S0x2d25	0x30a9V0x32d0V0x2d25	0
0x30d1S0x32d0S0x2d25	0x30abV0x32d0V0x2d25	1
0x30d1S0x32d0S0x2d25	0x30cfV0x32d0V0x2d25	0
0x30d6S0x32d0S0x2d25	0x30d1V0x32d0V0x2d25	1
0x30d6S0x32d0S0x2d25	0x30d4V0x32d0V0x2d25	0
0x30d9S0x32d0S0x2d25	0x30d1V0x32d0V0x2d25	1
0x30d9S0x32d0S0x2d25	0x30d6V0x32d0V0x2d25	0
0x30e2S0x32d0S0x2d25	0x30d6V0x32d0V0x2d25	1
0x30e2S0x32d0S0x2d25	0x30e0V0x32d0V0x2d25	0
0x310aS0x32d0S0x2d25	0x30e2V0x32d0V0x2d25	1
0x310aS0x32d0S0x2d25	0x3108V0x32d0V0x2d25	0
0x3110S0x32d0S0x2d25	0x310eV0x32d0V0x2d25	0
0x3113S0x32d0S0x2d25	0x310aV0x32d0V0x2d25	0
0x3113S0x32d0S0x2d25	0x3110V0x32d0V0x2d25	1
0x31a8S0x32d0S0x2d25	0x31a6V0x32d0V0x2d25	0
0x31adS0x32d0S0x2d25	0x31abV0x32d0V0x2d25	0
0x31b1S0x32d0S0x2d25	0x31aeV0x32d0V0x2d25	1
0x31b1S0x32d0S0x2d25	0x31b0V0x32d0V0x2d25	0
0x31b2S0x32d0S0x2d25	0x31adV0x32d0V0x2d25	1
0x31b2S0x32d0S0x2d25	0x31b1V0x32d0V0x2d25	0
0x31b4S0x32d0S0x2d25	0x31a8V0x32d0V0x2d25	0
0x31b4S0x32d0S0x2d25	0x31b2V0x32d0V0x2d25	1
0x31c1S0x32d0S0x2d25	0x31a8V0x32d0V0x2d25	0
0x31c1S0x32d0S0x2d25	0x31beV0x32d0V0x2d25	1
0x31d9S0x32d0S0x2d25	0x31d7V0x32d0V0x2d25	0
0x31ffS0x32d0S0x2d25	0x31d9V0x32d0V0x2d25	1
0x31ffS0x32d0S0x2d25	0x31fdV0x32d0V0x2d25	0
0x3204S0x32d0S0x2d25	0x31ffV0x32d0V0x2d25	1
0x3204S0x32d0S0x2d25	0x3202V0x32d0V0x2d25	0
0x3207S0x32d0S0x2d25	0x31ffV0x32d0V0x2d25	1
0x3207S0x32d0S0x2d25	0x3204V0x32d0V0x2d25	0
0x3210S0x32d0S0x2d25	0x3204V0x32d0V0x2d25	1
0x3210S0x32d0S0x2d25	0x320eV0x32d0V0x2d25	0
0x3238S0x32d0S0x2d25	0x3210V0x32d0V0x2d25	1
0x3238S0x32d0S0x2d25	0x3236V0x32d0V0x2d25	0
0x323eS0x32d0S0x2d25	0x323cV0x32d0V0x2d25	0
0x3241S0x32d0S0x2d25	0x3238V0x32d0V0x2d25	0
0x3241S0x32d0S0x2d25	0x323eV0x32d0V0x2d25	1
0x327bS0x32d0S0x2d25	0x3279V0x32d0V0x2d25	0
0x32a1S0x32d0S0x2d25	0x327bV0x32d0V0x2d25	1
0x32a1S0x32d0S0x2d25	0x329fV0x32d0V0x2d25	0
0x32a6S0x32d0S0x2d25	0x32a1V0x32d0V0x2d25	1
0x32a6S0x32d0S0x2d25	0x32a4V0x32d0V0x2d25	0
0x32a9S0x32d0S0x2d25	0x32a1V0x32d0V0x2d25	1
0x32a9S0x32d0S0x2d25	0x32a6V0x32d0V0x2d25	0
0x32b2S0x32d0S0x2d25	0x32a6V0x32d0V0x2d25	1
0x32b2S0x32d0S0x2d25	0x32b0V0x32d0V0x2d25	0
0x32bdS0x32d0S0x2d25	0x32b2V0x32d0V0x2d25	1
0x32bdS0x32d0S0x2d25	0x32bbV0x32d0V0x2d25	0
0x32c3S0x32d0S0x2d25	0x32c1V0x32d0V0x2d25	0
0x32c6S0x32d0S0x2d25	0x32bdV0x32d0V0x2d25	0
0x32c6S0x32d0S0x2d25	0x32c3V0x32d0V0x2d25	1
0x309fS0x32d0S0x2d25	0x2da6	1
0x309fS0x32d0S0x2d25	0x308aV0x32d0V0x2d25	0
0x3131S0x32d0S0x2d25	0x2da6	1
0x3131S0x32d0S0x2d25	0x311cV0x32d0V0x2d25	0
0x3135S0x32d0S0x2d25	0x3133V0x32d0V0x2d25	0
0x3139S0x32d0S0x2d25	0x3371V0x2d25	0
0x313dS0x32d0S0x2d25	0x3371V0x2d25	1
0x313dS0x32d0S0x2d25	0x313bV0x32d0V0x2d25	0
0x316bS0x32d0S0x2d25	0x3169V0x32d0V0x2d25	0
0x316bS0x32d0S0x2d25	0x3165_0x2V0x32d0V0x2d25	1
0x316fS0x32d0S0x2d25	0x316bV0x32d0V0x2d25	1
0x316fS0x32d0S0x2d25	0x316cV0x32d0V0x2d25	0
0x3170S0x32d0S0x2d25	0x3166V0x32d0V0x2d25	1
0x3170S0x32d0S0x2d25	0x316fV0x32d0V0x2d25	0
0x3172S0x32d0S0x2d25	0x3170V0x32d0V0x2d25	0
0x3174S0x32d0S0x2d25	0x3165_0x0V0x32d0V0x2d25	0
0x3175S0x32d0S0x2d25	0x3172V0x32d0V0x2d25	1
0x3175S0x32d0S0x2d25	0x3174V0x32d0V0x2d25	0
0x3178S0x32d0S0x2d25	0x3165_0x1V0x32d0V0x2d25	0
0x3179S0x32d0S0x2d25	0x3170V0x32d0V0x2d25	1
0x3179S0x32d0S0x2d25	0x3178V0x32d0V0x2d25	0
0x317cS0x32d0S0x2d25	0x3175V0x32d0V0x2d25	0
0x317cS0x32d0S0x2d25	0x3179V0x32d0V0x2d25	1
0x3187S0x32d0S0x2d25	0x3135V0x32d0V0x2d25	1
0x3187S0x32d0S0x2d25	0x3139V0x32d0V0x2d25	0
0x318fS0x32d0S0x2d25	0x318dV0x32d0V0x2d25	0
0x3192S0x32d0S0x2d25	0x3187V0x32d0V0x2d25	0
0x3192S0x32d0S0x2d25	0x318fV0x32d0V0x2d25	1
0x3198S0x32d0S0x2d25	0x3131V0x32d0V0x2d25	1
0x3198S0x32d0S0x2d25	0x318bV0x32d0V0x2d25	6
0x3198S0x32d0S0x2d25	0x318fV0x32d0V0x2d25	3
0x3198S0x32d0S0x2d25	0x318fV0x32d0V0x2d25	5
0x3198S0x32d0S0x2d25	0x3192V0x32d0V0x2d25	4
0x3198S0x32d0S0x2d25	0x3194V0x32d0V0x2d25	2
0x3198S0x32d0S0x2d25	0x3197V0x32d0V0x2d25	0
0x31a1S0x32d0S0x2d25	0x319cV0x32d0V0x2d25	0
0x31a1S0x32d0S0x2d25	0x319eV0x32d0V0x2d25	1
0x3165_0x0S0x32d0S0x2d25	0x313dV0x32d0V0x2d25	-1
0x3165_0x0S0x32d0S0x2d25	0x3158V0x32d0V0x2d25	-1
0x3165_0x1S0x32d0S0x2d25	0x3135V0x32d0V0x2d25	-1
0x3165_0x1S0x32d0S0x2d25	0x3152V0x32d0V0x2d25	-1
0x3165_0x2S0x32d0S0x2d25	0x3139V0x32d0V0x2d25	-1
0x3165_0x2S0x32d0S0x2d25	0x315eV0x32d0V0x2d25	-1
0x3146S0x32d0S0x2d25	0x3143V0x32d0V0x2d25	1
0x3146S0x32d0S0x2d25	0x3142_0x2V0x32d0V0x2d25	0
0x3142_0x2S0x32d0S0x2d25	0x3139V0x32d0V0x2d25	-1
0x3142_0x2S0x32d0S0x2d25	0x315eV0x32d0V0x2d25	-1
0x3248S0x32d0S0x2d25	0x3244_0x0V0x32d0V0x2d25	0
0x3249S0x32d0S0x2d25	0x3245V0x32d0V0x2d25	1
0x3249S0x32d0S0x2d25	0x3248V0x32d0V0x2d25	0
0x324aS0x32d0S0x2d25	0x3249V0x32d0V0x2d25	0
0x3244_0x0S0x32d0S0x2d25	0x31a8V0x32d0V0x2d25	-1
0x3244_0x0S0x32d0S0x2d25	0x31c8V0x32d0V0x2d25	-1
0x3265S0x32d0S0x2d25	0x3253V0x32d0V0x2d25	0
0x3265S0x32d0S0x2d25	0x3255V0x32d0V0x2d25	1
0x3269S0x32d0S0x2d25	0x3253V0x32d0V0x2d25	0
0x326dS0x32d0S0x2d25	0x326bV0x32d0V0x2d25	0
0x326dS0x32d0S0x2d25	0x3253V0x32d0V0x2d25	1
0x314cS0x32d0S0x2d25	0x314b_0x0V0x32d0V0x2d25	0
0x3152S0x32d0S0x2d25	0x314fV0x32d0V0x2d25	1
0x3152S0x32d0S0x2d25	0x314b_0x1V0x32d0V0x2d25	0
0x3158S0x32d0S0x2d25	0x3155V0x32d0V0x2d25	1
0x3158S0x32d0S0x2d25	0x314b_0x0V0x32d0V0x2d25	0
0x315eS0x32d0S0x2d25	0x315bV0x32d0V0x2d25	1
0x315eS0x32d0S0x2d25	0x314b_0x2V0x32d0V0x2d25	0
0x314b_0x0S0x32d0S0x2d25	0x313dV0x32d0V0x2d25	-1
0x314b_0x0S0x32d0S0x2d25	0x3158V0x32d0V0x2d25	-1
0x314b_0x1S0x32d0S0x2d25	0x3135V0x32d0V0x2d25	-1
0x314b_0x1S0x32d0S0x2d25	0x3152V0x32d0V0x2d25	-1
0x314b_0x2S0x32d0S0x2d25	0x3139V0x32d0V0x2d25	-1
0x314b_0x2S0x32d0S0x2d25	0x315eV0x32d0V0x2d25	-1
0x3253S0x32d0S0x2d25	0x3251V0x32d0V0x2d25	0
0x3253S0x32d0S0x2d25	0x324f_0x0V0x32d0V0x2d25	1
0x3255S0x32d0S0x2d25	0x324f_0x0V0x32d0V0x2d25	0
0x3259S0x32d0S0x2d25	0x3255V0x32d0V0x2d25	0
0x3259S0x32d0S0x2d25	0x3256V0x32d0V0x2d25	1
0x325aS0x32d0S0x2d25	0x3259V0x32d0V0x2d25	0
0x324f_0x0S0x32d0S0x2d25	0x31a8V0x32d0V0x2d25	-1
0x324f_0x0S0x32d0S0x2d25	0x31c8V0x32d0V0x2d25	-1
0x33ffS0x3085S0x32d0S0x2d25	0x33dcV0x3085V0x32d0V0x2d25	1
0x33ffS0x3085S0x32d0S0x2d25	0x33fdV0x3085V0x32d0V0x2d25	0
0x3403S0x3085S0x32d0S0x2d25	0x309fV0x32d0V0x2d25	0
0x3408S0x3085S0x32d0S0x2d25	0x33ffV0x3085V0x32d0V0x2d25	1
0x3408S0x3085S0x32d0S0x2d25	0x3403V0x3085V0x32d0V0x2d25	0
0x3409S0x3085S0x32d0S0x2d25	0x3408V0x3085V0x32d0V0x2d25	0
0x340bS0x3085S0x32d0S0x2d25	0x3409V0x3085V0x32d0V0x2d25	0
0x3418_0x0S0x3085S0x32d0S0x2d25	0x3409V0x3085V0x32d0V0x2d25	-1
0x3418_0x0S0x3085S0x32d0S0x2d25	0x3417V0x3085V0x32d0V0x2d25	-1
0x3414S0x3085S0x32d0S0x2d25	0x3411V0x3085V0x32d0V0x2d25	0
0x3414S0x3085S0x32d0S0x2d25	0x3411V0x3085V0x32d0V0x2d25	1
0x3416S0x3085S0x32d0S0x2d25	0x3403V0x3085V0x32d0V0x2d25	0
0x3416S0x3085S0x32d0S0x2d25	0x3414V0x3085V0x32d0V0x2d25	1
0x3417S0x3085S0x32d0S0x2d25	0x3416V0x3085V0x32d0V0x2d25	0
0x83a	0x837	0
0xd5a	0xd57	0
0x1a16	0x1a13	0
0x288f	0x288c	0
0x1f0c	0x1f09	0
0x1f23	0x1f20	0
0x416	0x413	0
0x24c7	0x24c4	0
0x24e5	0x24e2	0
0x13a4	0x13a3	0
0x13d8	0x13d7	0
0x1910	0x190f	0
0x254e	0x254d	0
0x2ccc	0x2ccb	0
0x2d24	0x2d23	0
0xe51	0xe4e	0
0x11dd	0x11da	0
0x1d48	0x1d45	0
0x1d6b	0x1d68	0
0xc6b0x220	0x2200xc68	0
0xc6b0xbb6	0xbb60xc68	0
0xc950x220	0x2200xc94	0
0xc950xbb6	0xbb60xc94	0
0x23120x99a	0x99a0x230f	0
0x7b	0x78	0
0xac	0xa9	0
0xf3	0xf0	0
0x124	0x121	0
0x176	0x173	0
0x1a7	0x1a4	0
0x1ee	0x1eb	0
0x261	0x25e	0
0x2bf	0x2bc	0
0x33c	0x339	0
0x394	0x391	0
0x3c2	0x3bf	0
0x3cc	0x3c9	0
0x434	0x431	0
0x476	0x473	0
0x480	0x47d	0
0x4c8	0x4c5	0
0x4dc	0x4d9	0
0x534	0x531	0
0x552	0x54f	0
0x5a0	0x59d	0
0x5aa	0x5a7	0
0x78e	0x78b	0
0x7d2	0x7cf	0
0x7f0	0x7ed	0
0x89c	0x899	0
0x8df	0x8dc	0
0x94d	0x94a	0
0x957	0x954	0
0x9db	0x9d8	0
0x9e5	0x9e2	0
0xa5b	0xa58	0
0xaa5	0xaa2	0
0xafd	0xafa	0
0xb11	0xb0e	0
0xb2f	0xb2c	0
0xbb3	0xbb0	0
0xd07	0xd04	0
0xd52	0x2fc	0
0xe10	0x354	0
0xf45	0x398	0
0xf6b	0x3c6	0
0xf7c	0x42e	0
0x119c	0x47a	0
0x1358	0x1355	0
0x1419	0x49e	0
0x19c5	0x4d6	0
0x1b49	0x54c	0
0x1b52	0x1b4f	0
0x1d34	0x556	0
0x1d3a	0x5a4	0
0x1f4e	0x5e0	0
0x1f66	0x792	0
0x1f90	0x7ea	0
0x205a	0x2057	0
0x20b3	0x8d9	0
0x22f4	0x951	0
0x24bc	0x9df	0
0x24d7	0x24d4	0
0x2587	0xa1b	0
0x258d	0xa9f	0
0x2841	0xabd	0
0x2862	0xb0b	0
0x2887	0xb29	0
0x290a	0x2907	0
0x290d	0xb73	0
0x294f	0x294c	0
0x296a	0x2967	0
0x2a1f	0x2a1c	0
0x2efe	0x2903	0
0x2f70	0x2f6d	0
0x2fbe	0x2911	0
0x302f	0x302c	0
0x3084	0x29e1	0
0xc9c0x220	0x221	0
0x11970x44b	0x44c	0
0x1a0e0x4f3	0x4f4	0
0x22ce0x555	0x1b4b	0
0x22ce0x922	0x923	0
0x24b60x99a	0x99b	0
0xb	0x7	1
0xb	0x8	0
0x2a	0x26	1
0x2a	0x27	0
0x35	0x31	1
0x35	0x32	0
0xb8	0xb4	1
0xb8	0xb5	0
0x130	0x12c	1
0x130	0x12d	0
0x13b	0x137	1
0x13b	0x138	0
0x1b3	0x1af	1
0x1b3	0x1b0	0
0x231	0x22d	1
0x231	0x22e	0
0x2ad	0x2a9	1
0x2ad	0x2aa	0
0x2d3	0x2cf	1
0x2d3	0x2d0	0
0x30c	0x308	1
0x30c	0x309	0
0x364	0x360	1
0x364	0x361	0
0x3a8	0x3a4	1
0x3a8	0x3a5	0
0x45c	0x458	1
0x45c	0x459	0
0x4ae	0x4aa	1
0x4ae	0x4ab	0
0x504	0x500	1
0x504	0x501	0
0x566	0x562	1
0x566	0x563	0
0x5f0	0x5ec	1
0x5f0	0x5ed	0
0x66d	0x669	1
0x66d	0x66a	0
0x67f	0x67b	1
0x67f	0x67c	0
0x6a1	0x69d	1
0x6a1	0x69e	0
0x704	0x700	1
0x704	0x701	0
0x716	0x712	1
0x716	0x713	0
0x738	0x734	1
0x738	0x735	0
0x7a2	0x79e	1
0x7a2	0x79f	0
0x88a	0x886	1
0x88a	0x887	0
0x8b0	0x8ac	1
0x8b0	0x8ad	0
0x933	0x92f	1
0x933	0x930	0
0x9ab	0x9a7	1
0x9ab	0x9a8	0
0xa2b	0xa27	1
0xa2b	0xa28	0
0xacd	0xac9	1
0xacd	0xaca	0
0xb83	0xb7f	1
0xb83	0xb80	0
0xcec	0xce8	1
0xcec	0xce9	0
0xcf4	0xcf0	1
0xcf4	0xcf1	0
0xd29	0xd25	1
0xd29	0xd26	0
0xd5f	0xd5c	0
0xd5f	0x1febV0xd53	1
0xe6d	0xe69	1
0xe6d	0xe6a	0
0xece	0xeca	1
0xece	0xecb	0
0x11f9	0x11f5	1
0x11f9	0x11f6	0
0x129c	0x1298	1
0x129c	0x1299	0
0x1338	0x1334	1
0x1338	0x1335	0
0x146b	0x1467	1
0x146b	0x1468	0
0x1514	0x1510	1
0x1514	0x1511	0
0x1594	0x1590	1
0x1594	0x1591	0
0x16a7	0x16a3	1
0x16a7	0x16a4	0
0x16b6	0x16b2	1
0x16b6	0x16b3	0
0x16e4	0x16e0	1
0x16e4	0x16e1	0
0x1828	0x1824	1
0x1828	0x1825	0
0x1a1b	0x1a18	0
0x1a1b	0x1febV0x1a0f	1
0x1be8	0x1be4	1
0x1be8	0x1be5	0
0x1c20	0x1c1c	1
0x1c20	0x1c1d	0
0x1c58	0x1c54	1
0x1c58	0x1c55	0
0x1d63	0x1d5e	1
0x1d63	0x1d60	0
0x1d72	0x1d6f	0
0x1d72	0x1d6d_0x0	1
0x1d89	0x1d86	0
0x1d89	0x1d85_0x0	1
0x1df5	0x1df1	1
0x1df5	0x1df2	0
0x1f2b	0x1f27	1
0x1f2b	0x1f28	0
0x203f	0x203b	1
0x203f	0x203c	0
0x2047	0x2043	1
0x2047	0x2044	0
0x207c	0x2078	1
0x207c	0x2079	0
0x24ce	0x24ca	1
0x24ce	0x24cb	0
0x25e6	0x25e2	1
0x25e6	0x25e3	0
0x263d	0x263a	0
0x263d	0x2639_0x0	1
0x2759	0x2755	1
0x2759	0x2756	0
0x2768	0x2764	1
0x2768	0x2765	0
0x2783	0x277f	1
0x2783	0x2780	0
0x27fd	0x27f9	1
0x27fd	0x27fa	0
0x280c	0x2808	1
0x280c	0x2809	0
0x2827	0x2823	1
0x2827	0x2824	0
0x2894	0x2891	0
0x2894	0x1febV0x2888	1
0x2962	0x295e	1
0x2962	0x295f	0
0x297a	0x2977	0
0x297a	0x2958arg0x1	1
0x2982	0x297e	1
0x2982	0x297f	0
0x2dee	0x2dea	1
0x2dee	0x2deb	0
0x2f0b	0x2f05	1
0x2f0b	0x2f08	0
0x2f5e	0x2f5a	1
0x2f5e	0x2f5b	0
0x2f84	0x2f80	1
0x2f84	0x2f81	0
0x2fca	0x2fc4	1
0x2fca	0x2fc7	0
0x301d	0x3019	1
0x301d	0x301a	0
0x3043	0x303f	1
0x3043	0x3040	0
0x3075	0x3072	0
0x3075	0x29dearg0x0	1
0x3778	0x15	1
0x3778	0x3777	0
0x377a	0x47	1
0x377a	0x3779	0
0x377c	0x52	1
0x377c	0x377b	0
0x377e	0x5d	1
0x377e	0x377d	0
0x3780	0x68	1
0x3780	0x377f	0
0x3782	0x73	1
0x3782	0x3781	0
0x3784	0x83	1
0x3784	0x3783	0
0x3786	0x8e	1
0x3786	0x3785	0
0x3788	0x99	1
0x3788	0x3787	0
0x378a	0xa4	1
0x378a	0x3789	0
0x378c	0xbf	1
0x378c	0x378b	0
0x378e	0xca	1
0x378e	0x378d	0
0x3790	0xd5	1
0x3790	0x378f	0
0x3792	0xe0	1
0x3792	0x3791	0
0x3794	0xeb	1
0x3794	0x3793	0
0x3796	0xfb	1
0x3796	0x3795	0
0x3798	0x106	1
0x3798	0x3797	0
0x379a	0x111	1
0x379a	0x3799	0
0x379c	0x11c	1
0x379c	0x379b	0
0x379e	0x142	1
0x379e	0x379d	0
0x37a0	0x14d	1
0x37a0	0x379f	0
0x37a2	0x158	1
0x37a2	0x37a1	0
0x37a4	0x163	1
0x37a4	0x37a3	0
0x37a6	0x16e	1
0x37a6	0x37a5	0
0x37a8	0x17e	1
0x37a8	0x37a7	0
0x37aa	0x189	1
0x37aa	0x37a9	0
0x37ac	0x194	1
0x37ac	0x37ab	0
0x37ae	0x19f	1
0x37ae	0x37ad	0
0x37b0	0x1ba	1
0x37b0	0x37af	0
0x37b2	0x1c5	1
0x37b2	0x37b1	0
0x37b4	0x1d0	1
0x37b4	0x37b3	0
0x37b6	0x1db	1
0x37b6	0x37b5	0
0x37b8	0x1e6	1
0x37b8	0x37b7	0
0x37ba	0x1f5	1
0x37ba	0x37b9	0
0x37bc	0x200	1
0x37bc	0x37bb	0
0x37be	0x20b	1
0x37be	0x37bd	0
0x37c0	0x216	1
0x37c0	0x37bf	0
0xfce0x44b	0x44b0xfcb	0
0xfce0x44b	0x44b0xfca	1
0x10690x44b	0x44b0x1066	0
0x10690x44b	0x44b0x1065	1
0x21050x555	0x5550x2102	0
0x21050x555	0x5550x2101	1
0x21050x922	0x9220x2102	0
0x21050x922	0x9220x2101	1
0x21a00x555	0x5550x219d	0
0x21a00x555	0x5550x219c	1
0x21a00x922	0x9220x219d	0
0x21a00x922	0x9220x219c	1
0x230a0x99a	0x99a0x2307	0
0x230a0x99a	0x99a0x2305	1
0x23190x99a	0x99a0x2316	0
0x23190x99a	0x23140x99a_0x0	1
0x23300x99a	0x99a0x232d	0
0x23300x99a	0x232c0x99a_0x0	1
0x239c0x99a	0x99a0x2399	0
0x239c0x99a	0x99a0x2398	1
0x24970x99a	0x99a0x2494	0
0x24970x99a	0x99a0x2493	1
0x277	0x272	0
0x277	0x275	1
0x2fa	0x2f5	0
0x2fa	0x2f8	1
0x352	0x34d	0
0x352	0x350	1
0x40e	0x409	0
0x40e	0x40c	1
0x42c	0x427	0
0x42c	0x42a	1
0x44a	0x445	0
0x44a	0x448	1
0x49c	0x497	0
0x49c	0x49a	1
0x4f2	0x4ed	0
0x4f2	0x4f0	1
0x54a	0x545	0
0x54a	0x548	1
0x5c0	0x5bb	0
0x5c0	0x5be	1
0x5de	0x5d9	0
0x5de	0x5dc	1
0x7e8	0x7e3	0
0x7e8	0x7e6	1
0x832	0x82d	0
0x832	0x830	1
0x854	0x84f	0
0x854	0x852	1
0x8d7	0x8d2	0
0x8d7	0x8d5	1
0x921	0x91c	0
0x921	0x91f	1
0x999	0x994	0
0x999	0x997	1
0x9fb	0x9f6	0
0x9fb	0x9f9	1
0xa19	0xa14	0
0xa19	0xa17	1
0xa9d	0xa98	0
0xa9d	0xa9b	1
0xabb	0xab6	0
0xabb	0xab9	1
0xb27	0xb22	0
0xb27	0xb25	1
0xb71	0xb6c	0
0xb71	0xb6f	1
0x21f	0x21c	0
0x21f	0x21c	1
0x235	0x232	0
0x235	0x232	1
0x310	0x30d	0
0x310	0x30d	1
0x368	0x365	0
0x368	0x365	1
0x3ac	0x3a9	0
0x3ac	0x3a9	1
0x460	0x45d	0
0x460	0x45d	1
0x4b2	0x4af	0
0x4b2	0x4af	1
0x508	0x505	0
0x508	0x505	1
0x56a	0x567	0
0x56a	0x567	1
0x5f4	0x5f1	0
0x5f4	0x5f1	1
0x671	0x66e	0
0x671	0x66e	1
0x683	0x680	0
0x683	0x680	1
0x6a5	0x6a2	0
0x6a5	0x6a2	1
0x708	0x705	0
0x708	0x705	1
0x71a	0x717	0
0x71a	0x717	1
0x73c	0x739	0
0x73c	0x739	1
0x7a6	0x7a3	0
0x7a6	0x7a3	1
0x937	0x934	0
0x937	0x934	1
0x9af	0x9ac	0
0x9af	0x9ac	1
0xa2f	0xa2c	0
0xa2f	0xa2c	1
0xad1	0xace	0
0xad1	0xace	1
0xb87	0xb84	0
0xb87	0xb84	1
0xdcc	0xdc7	0
0xdcc	0xdca	1
0xebd	0xeb8	0
0xebd	0xebb	1
0xf3b	0xf36	0
0xf3b	0xf39	1
0x1249	0x1244	0
0x1249	0x1247	1
0x16ab	0x16a8	0
0x16ab	0x16a8	1
0x16bf	0x16bc	1
0x16bf	0x16bd	0
0x1a88	0x1a83	0
0x1a88	0x1a86	1
0x1dd9	0x1dd4	0
0x1dd9	0x1dd7	1
0x26aa	0x26a5	0
0x26aa	0x26a8	1
0x275d	0x275a	0
0x275d	0x275a	1
0x2771	0x276e	1
0x2771	0x276f	0
0x2787	0x2784	0
0x2787	0x2784	1
0x2801	0x27fe	0
0x2801	0x27fe	1
0x2815	0x2812	1
0x2815	0x2813	0
0x282b	0x2828	0
0x282b	0x2828	1
0x2901	0x28fc	0
0x2901	0x28ff	1
0x29d2	0x29cd	0
0x29d2	0x29d0	1
0x2e3e	0x2e39	0
0x2e3e	0x2e3c	1
0x2fab	0x2fa6	0
0x2fab	0x2fa9	1
0x306a	0x3065	0
0x306a	0x3068	1
0x35de	0x35db	0
0x35de	0x35db	1
0x3602	0x35ff	0
0x3602	0x35ff	1
0x3626	0x3623	0
0x3626	0x3623	1
0x364a	0x3647	0
0x364a	0x3647	1
0x366e	0x366b	0
0x366e	0x366b	1
0x3692	0x368f	0
0x3692	0x368f	1
0x36b6	0x36b3	0
0x36b6	0x36b3	1
0x36da	0x36d7	0
0x36da	0x36d7	1
0x10d60x44b	0x44b0x10d4	1
0x10d60x44b	0x44b0x10d1	0
0x220d0x555	0x5550x220b	1
0x220d0x555	0x5550x2208	0
0x220d0x922	0x9220x220b	1
0x220d0x922	0x9220x2208	0
0x23800x99a	0x99a0x237e	1
0x23800x99a	0x99a0x237b	0
0xeaf	0xea7	0
0xeaf	0xea9	1
0xeaf	0xeac	2
0x123b	0x1233	0
0x123b	0x1235	1
0x123b	0x1238	2
0x1dcb	0x1dc3	0
0x1dcb	0x1dc5	1
0x1dcb	0x1dc8	2
0x29c4	0x29bc	0
0x29c4	0x29be	1
0x29c4	0x29c1	2
0x2e30	0x2e28	0
0x2e30	0x2e2a	1
0x2e30	0x2e2d	2
0x23720x99a	0x99a0x236f	2
0x23720x99a	0x99a0x236c	1
0x23720x99a	0x99a0x236a	0
0x6d0	0x686	2
0x6d0	0x68a	1
0x6d0	0x6ca	0
0x767	0x71d	2
0x767	0x721	1
0x767	0x761	0
0x269	0x265	0
0x269	0x2a2eV0xc880x220	1
0x28d	0x283	0
0x28d	0x28b	1
0x293	0x288	0
0x293	0x291	1
0x2b5	0x2b1	1
0x2b5	0x2b4	0
0x2e7	0x2d6	0
0x2e7	0x2e5	1
0x344	0x340	0
0x344	0xd50	1
0x400	0x3d0	0
0x400	0x3fe	1
0x41e	0x41a	0
0x41e	0xf71V0x40f	1
0x43c	0x438	0
0x43c	0xf77	1
0x48e	0x484	0
0x48e	0x48c	1
0x4e4	0x4e0	0
0x4e4	0x19c3	1
0x53c	0x538	0
0x53c	0x4f30x1a08	1
0x5b2	0x5ae	0
0x5b2	0x1d38	1
0x5d0	0x5cc	0
0x5d0	0x5c8_0x0	1
0x6bf	0x6bc	1
0x6bf	0x6bd	0
0x6c7	0x686	1
0x6c7	0x6b9	0
0x6d6	0x6d1	1
0x6d6	0x6d5	0
0x756	0x753	1
0x756	0x754	0
0x75e	0x71d	1
0x75e	0x750	0
0x76d	0x768	1
0x76d	0x76c	0
0x7da	0x7d6	0
0x7da	0x1f64	1
0x824	0x7f4	0
0x824	0x822	1
0x846	0x83e	0
0x846	0x844	1
0x86a	0x860	0
0x86a	0x868	1
0x870	0x865	0
0x870	0x86e	1
0x892	0x88e	1
0x892	0x891	0
0x8c4	0x8b3	0
0x8c4	0x8c2	1
0x913	0x8e3	0
0x913	0x911	1
0x98b	0x95b	0
0x98b	0x989	1
0x9ed	0x9e9	0
0x9ed	0x24ba	1
0xa0b	0xa07	0
0xa0b	0xa03_0x0	1
0xa8f	0xa5f	0
0xa8f	0xa8d	1
0xaad	0xaa9	0
0xaad	0x258b	1
0xb19	0xb15	0
0xb19	0x2860	1
0xb63	0xb33	0
0xb63	0xb61	1
0xbee	0xbbe	0
0xbee	0xbec	1
0xbf4	0xbbc	1
0xbf4	0xbf1	0
0xc40	0xc10	0
0xc40	0xc3e	1
0xc46	0xc0e	1
0xc46	0xc43	0
0xcc8	0xcc5	1
0xcc8	0xcc6	0
0xccf	0xcb2	1
0xccf	0xcc2	0
0xcfe	0xcd2	0
0xcfe	0xcfc	1
0xd0f	0xc9e	1
0xd0f	0xd0d	0
0xd1a	0xd18	1
0xd1a	0xd16_0x0	0
0xd40	0xd3c	1
0xd40	0xd3e	0
0xd44	0x32d	1
0xd44	0xd42	0
0xd85	0xd62	0
0xd85	0xd63	1
0xd92	0xd88	0
0xd92	0xd90	1
0xd96	0xd8d	0
0xd96	0xd93	1
0xdbd	0xd99	0
0xdbd	0xd9b	1
0xe93	0xe70	0
0xe93	0xe71	1
0xea0	0xe96	0
0xea0	0xe9e	1
0xea4	0xe9b	0
0xea4	0xea1	1
0xef4	0xed1	0
0xef4	0xed2	1
0xf01	0xef7	0
0xf01	0xeff	1
0xf05	0xefc	0
0xf05	0xf02	1
0xf2c	0xf08	0
0xf2c	0xf0a	1
0x121f	0x11fc	0
0x121f	0x11fd	1
0x122c	0x1222	0
0x122c	0x122a	1
0x1230	0x1227	0
0x1230	0x122d	1
0x12d8	0x12a8	0
0x12d8	0x12d6	1
0x12de	0x12a6	1
0x12de	0x12db	0
0x131e	0x12ee	0
0x131e	0x131c	1
0x1324	0x12ec	1
0x1324	0x1321	0
0x1408	0x4b9	1
0x1408	0x1404	0
0x14a7	0x1477	0
0x14a7	0x14a5	1
0x14ad	0x1475	1
0x14ad	0x14aa	0
0x14ed	0x14bd	0
0x14ed	0x14eb	1
0x14f3	0x14bb	1
0x14f3	0x14f0	0
0x1549	0x1519	0
0x1549	0x1547	1
0x154f	0x1517	1
0x154f	0x154c	0
0x1652	0x1646	0
0x1652	0x1650	1
0x1685	0x1655	0
0x1685	0x1683	1
0x168b	0x1688	0
0x168b	0x1589_0x0	1
0x1784	0x1780	0
0x1784	0x1508_0x0	1
0x17e0	0x17b0	0
0x17e0	0x17de	1
0x17e6	0x17ae	1
0x17e6	0x17e3	0
0x185d	0x182d	0
0x185d	0x185b	1
0x1863	0x182b	1
0x1863	0x1860	0
0x18f6	0x18c6	0
0x18f6	0x18f4	1
0x18fc	0x18c4	1
0x18fc	0x18f9	0
0x1944	0x1914	0
0x1944	0x1942	1
0x194a	0x1912	1
0x194a	0x1947	0
0x19ab	0x19a7	0
0x19ab	0x18bc_0x0	1
0x1a41	0x1a1e	0
0x1a41	0x1a1f	1
0x1a4e	0x1a44	0
0x1a4e	0x1a4c	1
0x1a52	0x1a49	0
0x1a52	0x1a4f	1
0x1a79	0x1a55	0
0x1a79	0x1a57	1
0x1b9e	0x1b6e	0
0x1b9e	0x1b9c	1
0x1ba4	0x1b6c	1
0x1ba4	0x1ba1	0
0x1c8c	0x1c5c	0
0x1c8c	0x1c8a	1
0x1c92	0x1c5a	1
0x1c92	0x1c8f	0
0x1daf	0x1d8c	0
0x1daf	0x1d8d	1
0x1dbc	0x1db2	0
0x1dbc	0x1dba	1
0x1dc0	0x1db7	0
0x1dc0	0x1dbd	1
0x1f54	0x1f50	1
0x1f54	0x1f52	0
0x1f58	0x7c3	1
0x1f58	0x1f56	0
0x201b	0x2018	1
0x201b	0x2019	0
0x2022	0x2005	1
0x2022	0x2015	0
0x2051	0x2025	0
0x2051	0x204f	1
0x2062	0x1ff1	1
0x2062	0x2060	0
0x206d	0x206b	1
0x206d	0x2069_0x0	0
0x255a	0x2556	1
0x255a	0x2558	0
0x255e	0xa4c	1
0x255e	0x255c	0
0x2663	0x2640	0
0x2663	0x2641	1
0x2670	0x2666	0
0x2670	0x266e	1
0x2674	0x266b	0
0x2674	0x2671	1
0x269b	0x2677	0
0x269b	0x2679	1
0x270d	0x2701	0
0x270d	0x270b	1
0x2740	0x2710	0
0x2740	0x273e	1
0x27a8	0x279c	0
0x27a8	0x27a6	1
0x27db	0x27ab	0
0x27db	0x27d9	1
0x27e1	0x278e	1
0x27e1	0x27de	0
0x28ba	0x2897	0
0x28ba	0x2898	1
0x28c7	0x28bd	0
0x28c7	0x28c5	1
0x28cb	0x28c2	0
0x28cb	0x28c8	1
0x28f2	0x28ce	0
0x28f2	0x28d0	1
0x291f	0x291c	1
0x291f	0x291d	0
0x2924	0x2918	0
0x2924	0x2921	1
0x294a	0x2927	0
0x294a	0x2928	1
0x29a8	0x2985	0
0x29a8	0x2986	1
0x29b5	0x29ab	0
0x29b5	0x29b3	1
0x29b9	0x29b0	0
0x29b9	0x29b6	1
0x29ef	0x29ec	1
0x29ef	0x29ed	0
0x29f4	0x29e8	0
0x29f4	0x29f1	1
0x2a1a	0x29f7	0
0x2a1a	0x29f8	1
0x2b0a	0x2ada	0
0x2b0a	0x2b08	1
0x2b10	0x2ad8	1
0x2b10	0x2b0d	0
0x2b58	0x2b28	0
0x2b58	0x2b56	1
0x2b5e	0x2b26	1
0x2b5e	0x2b5b	0
0x2c14	0x2be4	0
0x2c14	0x2c12	1
0x2c1a	0x2c17	0
0x2c1a	0x2bb7arg0x0	1
0x2c2c	0x2c24	0
0x2c2c	0x2c2a	1
0x2c30	0x2c1d	1
0x2c30	0x2c2e	0
0x2c7a	0x2c54	0
0x2c7a	0x2c78	1
0x2d0a	0x2cda	0
0x2d0a	0x2d08	1
0x2d10	0x2cd8	1
0x2d10	0x2d0d	0
0x2d58	0x2d28	0
0x2d58	0x2d56	1
0x2d5e	0x2d26	1
0x2d5e	0x2d5b	0
0x2e14	0x2df1	0
0x2e14	0x2df2	1
0x2e21	0x2e17	0
0x2e21	0x2e1f	1
0x2e25	0x2e1c	0
0x2e25	0x2e22	1
0x2f31	0x2f0e	0
0x2f31	0x2f0f	1
0x2f3e	0x2f34	0
0x2f3e	0x2f3c	1
0x2f44	0x2f39	0
0x2f44	0x2f42	1
0x2f66	0x2f62	1
0x2f66	0x2f65	0
0x2f98	0x2f87	0
0x2f98	0x2f96	1
0x2ff0	0x2fcd	0
0x2ff0	0x2fce	1
0x2ffd	0x2ff3	0
0x2ffd	0x2ffb	1
0x3003	0x2ff8	0
0x3003	0x3001	1
0x3025	0x3021	1
0x3025	0x3024	0
0x3057	0x3046	0
0x3057	0x3055	1
0xbee0x220	0x2200xbec	1
0xbee0x220	0x2200xbbe	0
0xbf40x220	0x2200xbf1	0
0xbf40x220	0x2200xbbc	1
0xc400x220	0x2200xc3e	1
0xc400x220	0x2200xc10	0
0xc460x220	0x2200xc43	0
0xc460x220	0x2200xc0e	1
0x100a0x44b	0x44b0x1008	1
0x100a0x44b	0x44b0xfda	0
0x10100x44b	0x44b0x100d	0
0x10100x44b	0x44b0xfd8	1
0x10500x44b	0x44b0x104e	1
0x10500x44b	0x44b0x1020	0
0x10560x44b	0x44b0x1053	0
0x10560x44b	0x44b0x101e	1
0x108f0x44b	0x44b0x106d	1
0x108f0x44b	0x44b0x106c	0
0x109c0x44b	0x44b0x109a	1
0x109c0x44b	0x44b0x1092	0
0x10a00x44b	0x44b0x109d	1
0x10a00x44b	0x44b0x1097	0
0x10c70x44b	0x44b0x10a5	1
0x10c70x44b	0x44b0x10a3	0
0x11200x44b	0x467	1
0x11200x44b	0x44b0x111c	0
0x11860x44b	0x467	1
0x11860x44b	0x44b0x1182	0
0x19fb0x4f3	0x4f30x19f9	1
0x19fb0x4f3	0x4f30x19cb	0
0x1a010x4f3	0x4f30x19fe	0
0x1a010x4f3	0x4f30x19c9	1
0x21410x555	0x5550x213f	1
0x21410x555	0x5550x2111	0
0x21470x555	0x5550x2144	0
0x21470x555	0x5550x210f	1
0x21870x555	0x5550x2185	1
0x21870x555	0x5550x2157	0
0x218d0x555	0x5550x218a	0
0x218d0x555	0x5550x2155	1
0x21410x922	0x9220x213f	1
0x21410x922	0x9220x2111	0
0x21470x922	0x9220x2144	0
0x21470x922	0x9220x210f	1
0x21870x922	0x9220x2185	1
0x21870x922	0x9220x2157	0
0x218d0x922	0x9220x218a	0
0x218d0x922	0x9220x2155	1
0x21c60x555	0x5550x21a4	1
0x21c60x555	0x5550x21a3	0
0x21d30x555	0x5550x21d1	1
0x21d30x555	0x5550x21c9	0
0x21d70x555	0x5550x21d4	1
0x21d70x555	0x5550x21ce	0
0x21fe0x555	0x5550x21dc	1
0x21fe0x555	0x5550x21da	0
0x21c60x922	0x9220x21a4	1
0x21c60x922	0x9220x21a3	0
0x21d30x922	0x9220x21d1	1
0x21d30x922	0x9220x21c9	0
0x21d70x922	0x9220x21d4	1
0x21d70x922	0x9220x21ce	0
0x21fe0x922	0x9220x21dc	1
0x21fe0x922	0x9220x21da	0
0x226f0x555	0x571	1
0x226f0x555	0x5550x226b	0
0x22bd0x555	0x571	1
0x22bd0x555	0x5550x22b9	0
0x226f0x922	0x93e	1
0x226f0x922	0x9220x226b	0
0x22bd0x922	0x93e	1
0x22bd0x922	0x9220x22b9	0
0x23560x99a	0x99a0x2334	1
0x23560x99a	0x99a0x2333	0
0x23630x99a	0x99a0x2361	1
0x23630x99a	0x99a0x2359	0
0x23670x99a	0x99a0x2364	1
0x23670x99a	0x99a0x235e	0
0xe0d	0xdcf	0
0xe0d	0xe0b	1
0xf42	0x3b3	1
0xf42	0xf3e	0
0x1259	0x1255	0
0x1259	0x1253_0x0	1
0x1267	0x1263	0
0x1267	0x1261_0x0	1
0x12e7	0x12e4	0
0x12e7	0x12a4_0x0	1
0x132d	0x12eb	1
0x132d	0x132a	0
0x1353	0x134f	0
0x1353	0x134d_0x0	1
0x13b8	0x13b4	0
0x13b8	0x13b2_0x0	1
0x13c2	0x13bd	1
0x13c2	0x13be	0
0x13de	0x13da	0
0x13de	0x2a2eV0x13bc	1
0x1428	0x1424	0
0x1428	0x1422_0x0	1
0x1436	0x1432	0
0x1436	0x1430_0x0	1
0x14b6	0x14b3	0
0x14b6	0x1473_0x0	1
0x14fc	0x14ba	1
0x14fc	0x14f9	0
0x1558	0x1515	1
0x1558	0x1555	0
0x1953	0x1950	0
0x1953	0x2a2eV0x18bd	1
0x1b47	0x1b09	0
0x1b47	0x1b45	1
0x1cd5	0x1c98	0
0x1cd5	0x1cd3	1
0x1e0f	0x1df8	0
0x1e0f	0x1e0d	1
0x1e2a	0x1e13	0
0x1e2a	0x1e28	1
0x1e75	0x1e37	0
0x1e75	0x1e73	1
0x1eb5	0x1e78	0
0x1eb5	0x1eb3	1
0x1ef6	0x1eb8	0
0x1ef6	0x1ef4	1
0x1f45	0x1f2e	0
0x1f45	0x1f43	1
0x2ad2	0x2ace	0
0x2ad2	0x2acc_0x0	1
0x2b67	0x2b64	0
0x2b67	0x2b24_0x0	1
0x2cd2	0x2cce	0
0x2cd2	0x2a2eV0x2cb8	1
0x2d67	0x2d64	0
0x2d67	0x2a2eV0x2ccd	1
0x2efb	0x2ebd	0
0x2efb	0x2ef9	1
0xf8b0x44b	0x44b0xf85_0x0	1
0xf8b0x44b	0x44b0xf87	0
0xf990x44b	0x44b0xf93_0x0	1
0xf990x44b	0x44b0xf95	0
0x10190x44b	0x44b0xfd6_0x0	1
0x10190x44b	0x44b0x1016	0
0x105f0x44b	0x44b0x105c	0
0x105f0x44b	0x44b0x101d	1
0x20c20x555	0x5550x20bc_0x0	1
0x20c20x555	0x5550x20be	0
0x20c20x922	0x9220x20bc_0x0	1
0x20c20x922	0x9220x20be	0
0x20d00x555	0x5550x20ca_0x0	1
0x20d00x555	0x5550x20cc	0
0x20d00x922	0x9220x20ca_0x0	1
0x20d00x922	0x9220x20cc	0
0x21500x555	0x5550x210d_0x0	1
0x21500x555	0x5550x214d	0
0x21960x555	0x5550x2193	0
0x21960x555	0x5550x2154	1
0x21500x922	0x9220x210d_0x0	1
0x21500x922	0x9220x214d	0
0x21960x922	0x9220x2193	0
0x21960x922	0x9220x2154	1
0x23b60x99a	0x99a0x23b4	1
0x23b60x99a	0x99a0x239f	0
0x23d10x99a	0x99a0x23cf	1
0x23d10x99a	0x99a0x23ba	0
0x24130x99a	0x99a0x2411	1
0x24130x99a	0x99a0x23d5	0
0x24b10x99a	0x99a0x24af	1
0x24b10x99a	0x99a0x249a	0
0x1416	0x13e0	2
0x1416	0x1411	0
0x1416	0x1414	1
0x1792	0x175b	3
0x1792	0x175c	2
0x1792	0x178d	0
0x1792	0x1790	1
0x112e0x44b	0x44b0x112c	1
0x112e0x44b	0x44b0x1129	0
0x112e0x44b	0x44b0x10f8	2
0x112e0x44b	0x44b0x10f7	3
0x22cb0x555	0x5550x22c9	1
0x22cb0x555	0x5550x22c6	0
0x22cb0x555	0x5550x2295	2
0x22cb0x555	0x5550x2294	3
0x22cb0x922	0x9220x22c9	1
0x22cb0x922	0x9220x22c6	0
0x22cb0x922	0x9220x2295	2
0x22cb0x922	0x9220x2294	3
0x19b9	0x196b	4
0x19b9	0x1982	3
0x19b9	0x1983	2
0x19b9	0x19b4	0
0x19b9	0x19b7	1
0x1b06	0x1aa1	4
0x1b06	0x1ada	3
0x1b06	0x1adb	2
0x1b06	0x1b01	0
0x1b06	0x1b04	1
0x1d30	0x1ced	4
0x1d30	0x1d04	3
0x1d30	0x1d05	2
0x1d30	0x1d2b	0
0x1d30	0x1d2e	1
0x2ebb	0x2e56	4
0x2ebb	0x2e8f	3
0x2ebb	0x2e90	2
0x2ebb	0x2eb6	0
0x2ebb	0x2eb9	1
0x11940x44b	0x44b0x1192	1
0x11940x44b	0x44b0x118f	0
0x11940x44b	0x44b0x115e	2
0x11940x44b	0x44b0x115d	3
0x11940x44b	0x44b0x1146	4
0x227d0x555	0x5550x227b	1
0x227d0x555	0x5550x2278	0
0x227d0x555	0x5550x2247	2
0x227d0x555	0x5550x2246	3
0x227d0x555	0x5550x222e	4
0x227d0x922	0x9220x227b	1
0x227d0x922	0x9220x2278	0
0x227d0x922	0x9220x2247	2
0x227d0x922	0x9220x2246	3
0x227d0x922	0x9220x222e	4
0x24910x99a	0x99a0x248f	1
0x24910x99a	0x99a0x248c	0
0x24910x99a	0x99a0x2466	2
0x24910x99a	0x99a0x2465	3
0x24910x99a	0x99a0x244d	4
0x16bb	0x16b7	2
0x16bb	0x16b8	0
0x16bb	0x16b8	1
0x276d	0x2769	2
0x276d	0x276a	0
0x276d	0x276a	1
0x2811	0x280d	2
0x2811	0x280e	0
0x2811	0x280e	1
0x4d2	0x4cc	1
0x4d2	0x4cf	0
0xb07	0xb01	1
0xb07	0xb04	0
0x1602	0x1595	4
0x1602	0x15ba	2
0x1602	0x15f4	3
0x1602	0x1601	0
0x1602	0x1589_0x0	1
0x1742	0x16e5	4
0x1742	0x16e8	2
0x1742	0x1734	3
0x1742	0x1741	0
0x1742	0x16fa_0x0	1
0x1e34	0x1e2d	2
0x1e34	0x1e30	1
0x1e34	0x1e31	0
0x2bb3	0x2b69	4
0x2bb3	0x2b6c	2
0x2bb3	0x2ba5	3
0x2bb3	0x2bb2	0
0x2bb3	0x2ab8arg0x0	1
0x2c82	0x2bb8	3
0x2c82	0x2c24	1
0x2c82	0x2c7f	0
0x2c82	0x2bb7arg0x2	2
0x2db5	0x2d69	5
0x2db5	0x2d6c	3
0x2db5	0x2d6d	2
0x2db5	0x2da6	4
0x2db5	0x2db4	0
0x2db5	0x2cb8arg0x0	1
0x37c3	0x37c2	0
0x37c6	0x37c5	0
0x37c9	0x37c8	0
0x37cc	0x37cb	0
0x37cf	0x37ce	0
0x37d2	0x37d1	0
0x37d5	0x37d4	0
0x37d8	0x37d7	0
0x37db	0x37da	0
0x37de	0x37dd	0
0x37e1	0x37e0	0
0x37e4	0x37e3	0
0x37e7	0x37e6	0
0x37ea	0x37e9	0
0x37ed	0x37ec	0
0x37f0	0x37ef	0
0x37f3	0x37f2	0
0x37f6	0x37f5	0
0x37f9	0x37f8	0
0x37fc	0x37fb	0
0x37ff	0x37fe	0
0x3802	0x3801	0
0x3805	0x3804	0
0x3808	0x3807	0
0x380b	0x380a	0
0x380e	0x380d	0
0x3811	0x3810	0
0x3814	0x3813	0
0x3817	0x3816	0
0x381a	0x3819	0
0x381d	0x381c	0
0x3820	0x381f	0
0x3823	0x3822	0
0x3826	0x3825	0
0x3829	0x3828	0
0x382c	0x382b	0
0x382f	0x382e	0
0x10df0x44b	0x467	1
0x10df0x44b	0x44b0x10d8	2
0x10df0x44b	0x44b0x10dc	0
0x22160x555	0x571	1
0x22160x555	0x5550x220f	2
0x22160x555	0x5550x2213	0
0x22160x922	0x93e	1
0x22160x922	0x9220x220f	2
0x22160x922	0x9220x2213	0
0xd3a	0xcc2	1
0xd3a	0xc9darg0x0	0
0xd3a	0xc9darg0x0	2
0x19bf	0x141aarg0x0	0
0x1d4d	0x2c99_0x0V0x1d3b	1
0x1d4d	0x1d3barg0x0	0
0x208d	0x2015	1
0x208d	0x1ff0arg0x0	0
0x208d	0x1ff0arg0x0	2
0x2554	0x2552_0x0	1
0x2554	0x24bdarg0x0	0
0x2957	0x2fb2	1
0x2957	0x290earg0x2	0
0x29dd	0x29d8_0x0	1
0x29dd	0x2958arg0x2	0
0x2a27	0x3078	1
0x2a27	0x29dearg0x2	0
0x2bb6	0x2ab8arg0x1	0
0x2c87	0x2bb7arg0x3	0
0x2db8	0x2cb8arg0x1	0
0x3701	0xcc2	1
0x3701	0xc9darg0x0	0
0x3701	0xc9darg0x0	2
0x3728	0xcc2	1
0x3728	0xc9darg0x0	0
0x3728	0xc9darg0x0	2
0x374f	0x2015	1
0x374f	0x1ff0arg0x0	0
0x374f	0x1ff0arg0x0	2
0x3776	0x2015	1
0x3776	0x1ff0arg0x0	0
0x3776	0x1ff0arg0x0	2
0xc9c0xbb6	0x2a2eV0xc880xbb6	1
0xc9c0xbb6	0xbb6arg0x1	0
0x2ab7S0xe11	0xe4b	0
0x2ab7S0x119d	0x11d7	0
0x2c91S0x1d3b	0x2c8dV0x1d3b	1
0x2c91S0x1d3b	0x2c8eV0x1d3b	0
0x2ca0S0x1d3b	0x1d3e	0
0x2c96S0x1d3b	0x2c93V0x1d3b	0
0xf75S0x24bd	0x24c1	0
0x2aa5S0x13bc	0x2aa0V0x13bc	0
0x2aa5S0x13bc	0x2aa3V0x13bc	1
0x2a5eS0x13bc	0x2a3bV0x13bc	0
0x2a5eS0x13bc	0x2a3cV0x13bc	1
0x2a6bS0x13bc	0x2a61V0x13bc	0
0x2a6bS0x13bc	0x2a69V0x13bc	1
0x2a6fS0x13bc	0x2a66V0x13bc	0
0x2a6fS0x13bc	0x2a6cV0x13bc	1
0x2a96S0x13bc	0x2a72V0x13bc	0
0x2a96S0x13bc	0x2a74V0x13bc	1
0x2a38S0x13bc	0x2a34V0x13bc	1
0x2a38S0x13bc	0x2a35V0x13bc	0
0x2aafS0x13bc	0x13c4	0
0x2aa5S0x1389	0x2aa0V0x1389	0
0x2aa5S0x1389	0x2aa3V0x1389	1
0x2a5eS0x1389	0x2a3bV0x1389	0
0x2a5eS0x1389	0x2a3cV0x1389	1
0x2a6bS0x1389	0x2a61V0x1389	0
0x2a6bS0x1389	0x2a69V0x1389	1
0x2a6fS0x1389	0x2a66V0x1389	0
0x2a6fS0x1389	0x2a6cV0x1389	1
0x2a96S0x1389	0x2a72V0x1389	0
0x2a96S0x1389	0x2a74V0x1389	1
0x2a38S0x1389	0x2a34V0x1389	1
0x2a38S0x1389	0x2a35V0x1389	0
0x2aafS0x1389	0x1393	0
0x2aa5S0x18bd	0x2aa0V0x18bd	0
0x2aa5S0x18bd	0x2aa3V0x18bd	1
0x2a5eS0x18bd	0x2a3bV0x18bd	0
0x2a5eS0x18bd	0x2a3cV0x18bd	1
0x2a6bS0x18bd	0x2a61V0x18bd	0
0x2a6bS0x18bd	0x2a69V0x18bd	1
0x2a6fS0x18bd	0x2a66V0x18bd	0
0x2a6fS0x18bd	0x2a6cV0x18bd	1
0x2a96S0x18bd	0x2a72V0x18bd	0
0x2a96S0x18bd	0x2a74V0x18bd	1
0x2a38S0x18bd	0x2a34V0x18bd	1
0x2a38S0x18bd	0x2a35V0x18bd	0
0x2aafS0x18bd	0x18c0	0
0xf75S0x24d8	0x24df	0
0x2aa5S0x253e	0x2aa0V0x253e	0
0x2aa5S0x253e	0x2aa3V0x253e	1
0x2a5eS0x253e	0x2a3bV0x253e	0
0x2a5eS0x253e	0x2a3cV0x253e	1
0x2a6bS0x253e	0x2a61V0x253e	0
0x2a6bS0x253e	0x2a69V0x253e	1
0x2a6fS0x253e	0x2a66V0x253e	0
0x2a6fS0x253e	0x2a6cV0x253e	1
0x2a96S0x253e	0x2a72V0x253e	0
0x2a96S0x253e	0x2a74V0x253e	1
0x2a38S0x253e	0x2a34V0x253e	1
0x2a38S0x253e	0x2a35V0x253e	0
0x2aafS0x253e	0x24d9	0
0x2aa5S0x2ccd	0x2aa0V0x2ccd	0
0x2aa5S0x2ccd	0x2aa3V0x2ccd	1
0x2a5eS0x2ccd	0x2a3bV0x2ccd	0
0x2a5eS0x2ccd	0x2a3cV0x2ccd	1
0x2a6bS0x2ccd	0x2a61V0x2ccd	0
0x2a6bS0x2ccd	0x2a69V0x2ccd	1
0x2a6fS0x2ccd	0x2a66V0x2ccd	0
0x2a6fS0x2ccd	0x2a6cV0x2ccd	1
0x2a96S0x2ccd	0x2a72V0x2ccd	0
0x2a96S0x2ccd	0x2a74V0x2ccd	1
0x2a38S0x2ccd	0x2a34V0x2ccd	1
0x2a38S0x2ccd	0x2a35V0x2ccd	0
0x2aafS0x2ccd	0x2cd4	0
0xf75S0x40f	0x410	0
0x2aa5S0x2cb8	0x2aa0V0x2cb8	0
0x2aa5S0x2cb8	0x2aa3V0x2cb8	1
0x2a5eS0x2cb8	0x2a3bV0x2cb8	0
0x2a5eS0x2cb8	0x2a3cV0x2cb8	1
0x2a6bS0x2cb8	0x2a61V0x2cb8	0
0x2a6bS0x2cb8	0x2a69V0x2cb8	1
0x2a6fS0x2cb8	0x2a66V0x2cb8	0
0x2a6fS0x2cb8	0x2a6cV0x2cb8	1
0x2a96S0x2cb8	0x2a72V0x2cb8	0
0x2a96S0x2cb8	0x2a74V0x2cb8	1
0x2a38S0x2cb8	0x2a34V0x2cb8	1
0x2a38S0x2cb8	0x2a35V0x2cb8	0
0x2aafS0x2cb8	0x2cb9	0
0x2cb7S0x1d64	0x1d65	0
0x19fbS0xc630x220	0x19cbV0xc630x220	0
0x19fbS0xc630x220	0x19f9V0xc630x220	1
0x1a01S0xc630x220	0x19c9V0xc630x220	1
0x1a01S0xc630x220	0x19feV0xc630x220	0
0x1a0eS0xc630x220	0x2200xc64	0
0x19fbS0xc630xbb6	0x19cbV0xc630xbb6	0
0x19fbS0xc630xbb6	0x19f9V0xc630xbb6	1
0x1a01S0xc630xbb6	0x19c9V0xc630xbb6	1
0x1a01S0xc630xbb6	0x19feV0xc630xbb6	0
0x1a0eS0xc630xbb6	0xbb60xc64	0
0x2aa5S0xc880x220	0x2aa0V0xc880x220	0
0x2aa5S0xc880x220	0x2aa3V0xc880x220	1
0x2a5eS0xc880x220	0x2a3bV0xc880x220	0
0x2a5eS0xc880x220	0x2a3cV0xc880x220	1
0x2a6bS0xc880x220	0x2a61V0xc880x220	0
0x2a6bS0xc880x220	0x2a69V0xc880x220	1
0x2a6fS0xc880x220	0x2a66V0xc880x220	0
0x2a6fS0xc880x220	0x2a6cV0xc880x220	1
0x2a96S0xc880x220	0x2a72V0xc880x220	0
0x2a96S0xc880x220	0x2a74V0xc880x220	1
0x2a38S0xc880x220	0x2a34V0xc880x220	1
0x2a38S0xc880x220	0x2a35V0xc880x220	0
0x2aafS0xc880x220	0x2200xbb9	0
0x2aa5S0xc880xbb6	0x2aa0V0xc880xbb6	0
0x2aa5S0xc880xbb6	0x2aa3V0xc880xbb6	1
0x2a5eS0xc880xbb6	0x2a3bV0xc880xbb6	0
0x2a5eS0xc880xbb6	0x2a3cV0xc880xbb6	1
0x2a6bS0xc880xbb6	0x2a61V0xc880xbb6	0
0x2a6bS0xc880xbb6	0x2a69V0xc880xbb6	1
0x2a6fS0xc880xbb6	0x2a66V0xc880xbb6	0
0x2a6fS0xc880xbb6	0x2a6cV0xc880xbb6	1
0x2a96S0xc880xbb6	0x2a72V0xc880xbb6	0
0x2a96S0xc880xbb6	0x2a74V0xc880xbb6	1
0x2a38S0xc880xbb6	0x2a34V0xc880xbb6	1
0x2a38S0xc880xbb6	0x2a35V0xc880xbb6	0
0x2aafS0xc880xbb6	0xbb9	0
0x2cb7S0x230b0x99a	0x99a0x230c	0
0x1fd3S0xd53	0x1fd0V0xd53	0
0x1fefS0xd53	0xd54	0
0x2ab7S0x1f91S0xd53	0x1fcdV0xd53	0
0x1fd3S0x1a0f	0x1fd0V0x1a0f	0
0x1fefS0x1a0f	0x1a10	0
0x2ab7S0x1f91S0x1a0f	0x1fcdV0x1a0f	0
0x1fd3S0x2888	0x1fd0V0x2888	0
0x1fefS0x2888	0x2889	0
0x2ab7S0x1f91S0x2888	0x1fcdV0x2888	0
0x3115S0x2bb7	0x3110V0x2bb7	0
0x3115S0x2bb7	0x3113V0x2bb7	1
0x30ceS0x2bb7	0x30abV0x2bb7	0
0x30ceS0x2bb7	0x30acV0x2bb7	1
0x30dbS0x2bb7	0x30d1V0x2bb7	0
0x30dbS0x2bb7	0x30d9V0x2bb7	1
0x30dfS0x2bb7	0x30d6V0x2bb7	0
0x30dfS0x2bb7	0x30dcV0x2bb7	1
0x3106S0x2bb7	0x30e2V0x2bb7	0
0x3106S0x2bb7	0x30e4V0x2bb7	1
0x31c6S0x2bb7	0x31c3V0x2bb7	0
0x31b7S0x2bb7	0x31b4V0x2bb7	1
0x31b7S0x2bb7	0x31b5V0x2bb7	0
0x31baS0x2bb7	0x31a8V0x2bb7	0
0x31baS0x2bb7	0x31b8V0x2bb7	1
0x31c2S0x2bb7	0x31bbV0x2bb7	2
0x31c2S0x2bb7	0x31bcV0x2bb7	1
0x31c2S0x2bb7	0x31c1V0x2bb7	0
0x3243S0x2bb7	0x323eV0x2bb7	0
0x3243S0x2bb7	0x3241V0x2bb7	1
0x31fcS0x2bb7	0x31d9V0x2bb7	0
0x31fcS0x2bb7	0x31daV0x2bb7	1
0x3209S0x2bb7	0x31ffV0x2bb7	0
0x3209S0x2bb7	0x3207V0x2bb7	1
0x320dS0x2bb7	0x3204V0x2bb7	0
0x320dS0x2bb7	0x320aV0x2bb7	1
0x3234S0x2bb7	0x3210V0x2bb7	0
0x3234S0x2bb7	0x3212V0x2bb7	1
0x3262S0x2bb7	0x325fV0x2bb7	0
0x3262S0x2bb7	0x325fV0x2bb7	1
0x32c8S0x2bb7	0x32c3V0x2bb7	0
0x32c8S0x2bb7	0x32c6V0x2bb7	1
0x32baS0x2bb7	0x32b2V0x2bb7	0
0x32baS0x2bb7	0x32b4V0x2bb7	1
0x32baS0x2bb7	0x32b7V0x2bb7	2
0x329eS0x2bb7	0x327bV0x2bb7	0
0x329eS0x2bb7	0x327cV0x2bb7	1
0x32abS0x2bb7	0x32a1V0x2bb7	0
0x32abS0x2bb7	0x32a9V0x2bb7	1
0x32afS0x2bb7	0x32a6V0x2bb7	0
0x32afS0x2bb7	0x32acV0x2bb7	1
0x30a3S0x2bb7	0x30a0V0x2bb7	0
0x30a8S0x2bb7	0x30a5V0x2bb7	0
0x30a8S0x2bb7	0x3418_0x0V0x3085V0x2bb7	1
0x31a5S0x2bb7	0x31a1V0x2bb7	1
0x31a5S0x2bb7	0x31a2V0x2bb7	0
0x317eS0x2bb7	0x317cV0x2bb7	1
0x317eS0x2bb7	0x3165_0x1V0x2bb7	0
0x314aS0x2bb7	0x3146V0x2bb7	1
0x314aS0x2bb7	0x3147V0x2bb7	0
0x31d6S0x2bb7	0x3198V0x2bb7	1
0x31d6S0x2bb7	0x31d3V0x2bb7	0
0x324eS0x2bb7	0x324aV0x2bb7	1
0x324eS0x2bb7	0x324bV0x2bb7	0
0x32cfS0x2bb7	0x2bb8	0
0x3278S0x2bb7	0x3269V0x2bb7	1
0x3278S0x2bb7	0x3275V0x2bb7	0
0x3164S0x2bb7	0x3161V0x2bb7	0
0x314eS0x2bb7	0x314cV0x2bb7	1
0x314eS0x2bb7	0x314b_0x1V0x2bb7	0
0x325eS0x2bb7	0x325aV0x2bb7	1
0x325eS0x2bb7	0x325bV0x2bb7	0
0x340fS0x3085S0x2bb7	0x340bV0x3085V0x2bb7	1
0x340fS0x3085S0x2bb7	0x340cV0x3085V0x2bb7	0
0x3420S0x3085S0x2bb7	0x3086V0x2bb7	0
0x24b10x22f5S0x1e2c	0x22f50x24afV0x1e2c	1
0x24b10x22f5S0x1e2c	0x22f50x249aV0x1e2c	0
0x23b60x22f5S0x1e2c	0x22f50x23b4V0x1e2c	1
0x23b60x22f5S0x1e2c	0x22f50x239fV0x1e2c	0
0x23d10x22f5S0x1e2c	0x22f50x23cfV0x1e2c	1
0x23d10x22f5S0x1e2c	0x22f50x23baV0x1e2c	0
0x23800x22f5S0x1e2c	0x22f50x237eV0x1e2c	1
0x23800x22f5S0x1e2c	0x22f50x237bV0x1e2c	0
0x23720x22f5S0x1e2c	0x22f50x236fV0x1e2c	2
0x23720x22f5S0x1e2c	0x22f50x236cV0x1e2c	1
0x23720x22f5S0x1e2c	0x22f50x236aV0x1e2c	0
0x23560x22f5S0x1e2c	0x22f50x2334V0x1e2c	1
0x23560x22f5S0x1e2c	0x22f50x2333V0x1e2c	0
0x23630x22f5S0x1e2c	0x22f50x2361V0x1e2c	1
0x23630x22f5S0x1e2c	0x22f50x2359V0x1e2c	0
0x23670x22f5S0x1e2c	0x22f50x2364V0x1e2c	1
0x23670x22f5S0x1e2c	0x22f50x235eV0x1e2c	0
0x230aS0x1e2c	0x2305V0x1e2c	1
0x230aS0x1e2c	0x2307V0x1e2c	0
0x23120x22f5S0x1e2c	0x22f50x230fV0x1e2c	0
0x24970x22f5S0x1e2c	0x22f50x2494V0x1e2c	0
0x24970x22f5S0x1e2c	0x22f50x2493V0x1e2c	1
0x24130x22f5S0x1e2c	0x22f50x2411V0x1e2c	1
0x24130x22f5S0x1e2c	0x22f50x23d5V0x1e2c	0
0x24910x22f5S0x1e2c	0x22f50x248fV0x1e2c	1
0x24910x22f5S0x1e2c	0x22f50x248cV0x1e2c	0
0x24910x22f5S0x1e2c	0x22f50x2466V0x1e2c	2
0x24910x22f5S0x1e2c	0x22f50x2465V0x1e2c	3
0x24910x22f5S0x1e2c	0x22f50x244dV0x1e2c	4
0x239c0x22f5S0x1e2c	0x22f50x2399V0x1e2c	0
0x239c0x22f5S0x1e2c	0x22f50x2398V0x1e2c	1
0x23300x22f5S0x1e2c	0x22f50x232dV0x1e2c	0
0x23300x22f5S0x1e2c	0x232c0x22f5_0x0V0x1e2c	1
0x23190x22f5S0x1e2c	0x22f50x2316V0x1e2c	0
0x23190x22f5S0x1e2c	0x23140x22f5_0x0V0x1e2c	1
0x24b60x22f5S0x1e2c	0x1e2d	0
0x2cb7S0x230b0x22f5S0x1e2c	0x22f50x230cV0x1e2c	0
0x3451S0x1e35	0x344dV0x1e35	1
0x3451S0x1e35	0x344eV0x1e35	0
0x3439S0x1e35	0x1ef9	1
0x3439S0x1e35	0x3437V0x1e35	0
0x3470S0x1e35	0x346cV0x1e35	1
0x3470S0x1e35	0x346dV0x1e35	0
0x346aS0x1e35	0x1ef9	0
0x346aS0x1e35	0x3468V0x1e35	1
0x349cS0x1e35	0x3499V0x1e35	0
0x347cS0x1e35	0x3478V0x1e35	1
0x347cS0x1e35	0x3479V0x1e35	0
0x34a0S0x1e35	0x1f03	0
0x3461S0x1e35	0x345eV0x1e35	0
0x345dS0x1e35	0x1ef9	0
0x345dS0x1e35	0x345bV0x1e35	1
0x348eS0x1e35	0x348bV0x1e35	0
0x3480S0x1e35	0x347eV0x1e35	1
0x3480S0x1e35	0x347d_0x1V0x1e35	0
0x34beS0x3490S0x1e35	0x34bbV0x3490V0x1e35	0
0x34b6S0x3490S0x1e35	0x34b3V0x3490V0x1e35	1
0x34b6S0x3490S0x1e35	0x34b0_0x0V0x3490V0x1e35	0
0x34c5S0x3490S0x1e35	0x3494V0x1e35	0
0x34c2S0x3490S0x1e35	0x34a2V0x3490V0x1e35	0
0x34afS0x3490S0x1e35	0x34abV0x3490V0x1e35	1
0x34afS0x3490S0x1e35	0x34acV0x3490V0x1e35	0
0x3451S0x1f0d	0x344dV0x1f0d	1
0x3451S0x1f0d	0x344eV0x1f0d	0
0x3439S0x1f0d	0x1f10	1
0x3439S0x1f0d	0x3437V0x1f0d	0
0x3470S0x1f0d	0x346cV0x1f0d	1
0x3470S0x1f0d	0x346dV0x1f0d	0
0x346aS0x1f0d	0x1f10	0
0x346aS0x1f0d	0x3468V0x1f0d	1
0x349cS0x1f0d	0x3499V0x1f0d	0
0x347cS0x1f0d	0x3478V0x1f0d	1
0x347cS0x1f0d	0x3479V0x1f0d	0
0x34a0S0x1f0d	0x1f1a	0
0x3461S0x1f0d	0x345eV0x1f0d	0
0x345dS0x1f0d	0x1f10	0
0x345dS0x1f0d	0x345bV0x1f0d	1
0x348eS0x1f0d	0x348bV0x1f0d	0
0x3480S0x1f0d	0x347eV0x1f0d	1
0x3480S0x1f0d	0x347d_0x1V0x1f0d	0
0x34beS0x3490S0x1f0d	0x34bbV0x3490V0x1f0d	0
0x34b6S0x3490S0x1f0d	0x34b3V0x3490V0x1f0d	1
0x34b6S0x3490S0x1f0d	0x34b0_0x0V0x3490V0x1f0d	0
0x34c5S0x3490S0x1f0d	0x3494V0x1f0d	0
0x34c2S0x3490S0x1f0d	0x34a2V0x3490V0x1f0d	0
0x34afS0x3490S0x1f0d	0x34abV0x3490V0x1f0d	1
0x34afS0x3490S0x1f0d	0x34acV0x3490V0x1f0d	0
0x1fd3S0x833	0x1fd0V0x833	0
0x1fefS0x833	0x834	0
0x2ab7S0x1f91S0x833	0x1fcdV0x833	0
0x10d60x2842S0xb00	0x28420x10d4V0xb00	1
0x10d60x2842S0xb00	0x28420x10d1V0xb00	0
0x108f0x2842S0xb00	0x28420x106dV0xb00	1
0x108f0x2842S0xb00	0x28420x106cV0xb00	0
0x109c0x2842S0xb00	0x28420x109aV0xb00	1
0x109c0x2842S0xb00	0x28420x1092V0xb00	0
0x10a00x2842S0xb00	0x28420x109dV0xb00	1
0x10a00x2842S0xb00	0x28420x1097V0xb00	0
0x10c70x2842S0xb00	0x28420x10a5V0xb00	1
0x10c70x2842S0xb00	0x28420x10a3V0xb00	0
0x284dS0xb00	0x284aV0xb00	0
0x285aS0xb00	0x2854V0xb00	1
0x285aS0xb00	0x2857V0xb00	0
0x2852S0xb00	0x284fV0xb00	0
0x285cS0xb00	0xb01	0
0xf8b0x2842S0xb00	0x28420xf85_0x0V0xb00	1
0xf8b0x2842S0xb00	0x28420xf87V0xb00	0
0x10df0x2842S0xb00	0x28420x10d8V0xb00	2
0x10df0x2842S0xb00	0x28420x10dcV0xb00	0
0x10df0x2842S0xb00	0x1a08V0x2842V0xb00	1
0x10690x2842S0xb00	0x28420x1066V0xb00	0
0x10690x2842S0xb00	0x28420x1065V0xb00	1
0xfce0x2842S0xb00	0x28420xfcbV0xb00	0
0xfce0x2842S0xb00	0x28420xfcaV0xb00	1
0xf990x2842S0xb00	0x28420xf93_0x0V0xb00	1
0xf990x2842S0xb00	0x28420xf95V0xb00	0
0x11970x2842S0xb00	0x2843V0xb00	0
0x11200x2842S0xb00	0x28420x111cV0xb00	0
0x11200x2842S0xb00	0x1a08V0x2842V0xb00	1
0x11860x2842S0xb00	0x28420x1182V0xb00	0
0x11860x2842S0xb00	0x1a08V0x2842V0xb00	1
0x112e0x2842S0xb00	0x28420x112cV0xb00	1
0x112e0x2842S0xb00	0x28420x1129V0xb00	0
0x112e0x2842S0xb00	0x28420x10f8V0xb00	2
0x112e0x2842S0xb00	0x28420x10f7V0xb00	3
0x11940x2842S0xb00	0x28420x1192V0xb00	1
0x11940x2842S0xb00	0x28420x118fV0xb00	0
0x11940x2842S0xb00	0x28420x115eV0xb00	2
0x11940x2842S0xb00	0x28420x115dV0xb00	3
0x11940x2842S0xb00	0x28420x1146V0xb00	4
0x100a0x2842S0xb00	0x28420x1008V0xb00	1
0x100a0x2842S0xb00	0x28420xfdaV0xb00	0
0x10100x2842S0xb00	0x28420x100dV0xb00	0
0x10100x2842S0xb00	0x28420xfd8V0xb00	1
0x10500x2842S0xb00	0x28420x104eV0xb00	1
0x10500x2842S0xb00	0x28420x1020V0xb00	0
0x10560x2842S0xb00	0x28420x1053V0xb00	0
0x10560x2842S0xb00	0x28420x101eV0xb00	1
0x10190x2842S0xb00	0x28420xfd6_0x0V0xb00	1
0x10190x2842S0xb00	0x28420x1016V0xb00	0
0x105f0x2842S0xb00	0x28420x105cV0xb00	0
0x105f0x2842S0xb00	0x28420x101dV0xb00	1
0x19fbS0x2842S0xb00	0x19cbV0x2842V0xb00	0
0x19fbS0x2842S0xb00	0x19f9V0x2842V0xb00	1
0x1a01S0x2842S0xb00	0x19c9V0x2842V0xb00	1
0x1a01S0x2842S0xb00	0x19feV0x2842V0xb00	0
0x1a0eS0x2842S0xb00	0x2846V0xb00	0
0x332eS0x2d25	0x32feV0x2d25	0
0x332eS0x2d25	0x332cV0x2d25	1
0x3360S0x2d25	0x3331V0x2d25	0
0x3360S0x2d25	0x335eV0x2d25	1
0x3366S0x2d25	0x3363V0x2d25	0
0x3366S0x2d25	0x2cb8arg0x0	1
0x3379S0x2d25	0x3371V0x2d25	0
0x3379S0x2d25	0x3377V0x2d25	1
0x337dS0x2d25	0x3369V0x2d25	1
0x337dS0x2d25	0x337bV0x2d25	0
0x33c7S0x2d25	0x33a1V0x2d25	0
0x33c7S0x2d25	0x33c5V0x2d25	1
0x33cfS0x2d25	0x2da6	2
0x33cfS0x2d25	0x32d1V0x2d25	3
0x33cfS0x2d25	0x3371V0x2d25	1
0x33cfS0x2d25	0x33ccV0x2d25	0
0x33d5S0x2d25	0x2d69	0
0x3115S0x32d0S0x2d25	0x3110V0x32d0V0x2d25	0
0x3115S0x32d0S0x2d25	0x3113V0x32d0V0x2d25	1
0x30ceS0x32d0S0x2d25	0x30abV0x32d0V0x2d25	0
0x30ceS0x32d0S0x2d25	0x30acV0x32d0V0x2d25	1
0x30dbS0x32d0S0x2d25	0x30d1V0x32d0V0x2d25	0
0x30dbS0x32d0S0x2d25	0x30d9V0x32d0V0x2d25	1
0x30dfS0x32d0S0x2d25	0x30d6V0x32d0V0x2d25	0
0x30dfS0x32d0S0x2d25	0x30dcV0x32d0V0x2d25	1
0x3106S0x32d0S0x2d25	0x30e2V0x32d0V0x2d25	0
0x3106S0x32d0S0x2d25	0x30e4V0x32d0V0x2d25	1
0x31c6S0x32d0S0x2d25	0x31c3V0x32d0V0x2d25	0
0x31b7S0x32d0S0x2d25	0x31b4V0x32d0V0x2d25	1
0x31b7S0x32d0S0x2d25	0x31b5V0x32d0V0x2d25	0
0x31baS0x32d0S0x2d25	0x31a8V0x32d0V0x2d25	0
0x31baS0x32d0S0x2d25	0x31b8V0x32d0V0x2d25	1
0x31c2S0x32d0S0x2d25	0x31bbV0x32d0V0x2d25	2
0x31c2S0x32d0S0x2d25	0x31bcV0x32d0V0x2d25	1
0x31c2S0x32d0S0x2d25	0x31c1V0x32d0V0x2d25	0
0x3243S0x32d0S0x2d25	0x323eV0x32d0V0x2d25	0
0x3243S0x32d0S0x2d25	0x3241V0x32d0V0x2d25	1
0x31fcS0x32d0S0x2d25	0x31d9V0x32d0V0x2d25	0
0x31fcS0x32d0S0x2d25	0x31daV0x32d0V0x2d25	1
0x3209S0x32d0S0x2d25	0x31ffV0x32d0V0x2d25	0
0x3209S0x32d0S0x2d25	0x3207V0x32d0V0x2d25	1
0x320dS0x32d0S0x2d25	0x3204V0x32d0V0x2d25	0
0x320dS0x32d0S0x2d25	0x320aV0x32d0V0x2d25	1
0x3234S0x32d0S0x2d25	0x3210V0x32d0V0x2d25	0
0x3234S0x32d0S0x2d25	0x3212V0x32d0V0x2d25	1
0x3262S0x32d0S0x2d25	0x325fV0x32d0V0x2d25	0
0x3262S0x32d0S0x2d25	0x325fV0x32d0V0x2d25	1
0x32c8S0x32d0S0x2d25	0x32c3V0x32d0V0x2d25	0
0x32c8S0x32d0S0x2d25	0x32c6V0x32d0V0x2d25	1
0x32baS0x32d0S0x2d25	0x32b2V0x32d0V0x2d25	0
0x32baS0x32d0S0x2d25	0x32b4V0x32d0V0x2d25	1
0x32baS0x32d0S0x2d25	0x32b7V0x32d0V0x2d25	2
0x329eS0x32d0S0x2d25	0x327bV0x32d0V0x2d25	0
0x329eS0x32d0S0x2d25	0x327cV0x32d0V0x2d25	1
0x32abS0x32d0S0x2d25	0x32a1V0x32d0V0x2d25	0
0x32abS0x32d0S0x2d25	0x32a9V0x32d0V0x2d25	1
0x32afS0x32d0S0x2d25	0x32a6V0x32d0V0x2d25	0
0x32afS0x32d0S0x2d25	0x32acV0x32d0V0x2d25	1
0x30a3S0x32d0S0x2d25	0x30a0V0x32d0V0x2d25	0
0x30a8S0x32d0S0x2d25	0x30a5V0x32d0V0x2d25	0
0x30a8S0x32d0S0x2d25	0x3418_0x0V0x3085V0x32d0V0x2d25	1
0x31a5S0x32d0S0x2d25	0x31a1V0x32d0V0x2d25	1
0x31a5S0x32d0S0x2d25	0x31a2V0x32d0V0x2d25	0
0x317eS0x32d0S0x2d25	0x317cV0x32d0V0x2d25	1
0x317eS0x32d0S0x2d25	0x3165_0x1V0x32d0V0x2d25	0
0x314aS0x32d0S0x2d25	0x3146V0x32d0V0x2d25	1
0x314aS0x32d0S0x2d25	0x3147V0x32d0V0x2d25	0
0x31d6S0x32d0S0x2d25	0x3198V0x32d0V0x2d25	1
0x31d6S0x32d0S0x2d25	0x31d3V0x32d0V0x2d25	0
0x324eS0x32d0S0x2d25	0x324aV0x32d0V0x2d25	1
0x324eS0x32d0S0x2d25	0x324bV0x32d0V0x2d25	0
0x32cfS0x32d0S0x2d25	0x32d1V0x2d25	0
0x3278S0x32d0S0x2d25	0x3269V0x32d0V0x2d25	1
0x3278S0x32d0S0x2d25	0x3275V0x32d0V0x2d25	0
0x3164S0x32d0S0x2d25	0x3161V0x32d0V0x2d25	0
0x314eS0x32d0S0x2d25	0x314cV0x32d0V0x2d25	1
0x314eS0x32d0S0x2d25	0x314b_0x1V0x32d0V0x2d25	0
0x325eS0x32d0S0x2d25	0x325aV0x32d0V0x2d25	1
0x325eS0x32d0S0x2d25	0x325bV0x32d0V0x2d25	0
0x340fS0x3085S0x32d0S0x2d25	0x340bV0x3085V0x32d0V0x2d25	1
0x340fS0x3085S0x32d0S0x2d25	0x340cV0x3085V0x32d0V0x2d25	0
0x3420S0x3085S0x32d0S0x2d25	0x3086V0x32d0V0x2d25	0
