0x0	nil
0x1f	nil
0x4	nil
0xf	nil
0x2	nil
0x5	nil
0x7	nil
0x8	nil
0xc	nil
0x12	nil
0x14	nil
0x15	nil
0x1a	nil
0x1c	nil
0x1d	nil
0x21	nil
0x26	nil
0x27	nil
0x2c	nil
0x31	nil
0x37	nil
0x3c	nil
0x42	nil
0x47	nil
0x4d	nil
0x52	nil
0x57	nil
0x5d	nil
0x62	nil
0x68	nil
0x6d	nil
0x73	nil
0x78	nil
0x7e	nil
0x83	nil
0x89	nil
0x8e	nil
0x91	nil
0x94	nil
0x95	nil
0x96	nil
0x99	nil
0x9a	nil
0x9b	nil
0x9f	nil
0xa5	nil
0xa9	nil
0xaa	nil
0xbf	nil
0xc1	nil
0xc3	nil
0xcb	nil
0xd0	nil
0xd2	nil
0xd5	nil
0xd6	nil
0xd9	nil
0xdb	nil
0xdf	nil
0xe1	nil
0xe4	nil
0xe8	nil
0xeb	nil
0xf0	nil
0xf2	nil
0xf7	nil
0xf9	nil
0xfd	nil
0xff	nil
0x102	nil
0x106	nil
0x109	nil
0x10e	nil
0x110	nil
0x113	nil
0x115	nil
0x118	nil
0x11e	nil
0x121	nil
0x123	nil
0x127	nil
0x129	nil
0x12b	nil
0x12d	nil
0x12f	nil
0x133	nil
0x138	nil
0x139	nil
0x13a	nil
0x140	nil
0x141	nil
0x144	nil
0x146	nil
0x149	nil
0x14c	nil
0x157	nil
0x15c	nil
0x15e	nil
0x161	nil
0x165	nil
0x168	nil
0x16b	nil
0x16c	nil
0x16d	nil
0x170	nil
0x171	nil
0x172	nil
0x176	nil
0x17c	nil
0x180	nil
0x181	nil
0x196	nil
0x198	nil
0x19a	nil
0x1a2	nil
0x1a9	nil
0x1ac	nil
0x1af	nil
0x1b0	nil
0x1b1	nil
0x1b4	nil
0x1b5	nil
0x1b6	nil
0x1ba	nil
0x1c0	nil
0x1c4	nil
0x1c6	nil
0x1c8	nil
0x1ca	nil
0x1d1	nil
0x1d2	nil
0x1d3	nil
0x1d7	nil
0x1dd	nil
0x1df	nil
0x1e2	nil
0x1e3	nil
0x1e4	nil
0x1e5	nil
0x1e9	nil
0x1ef	nil
0x1f1	nil
0x1f3	nil
0x1f6	nil
0x1f9	nil
0x1fb	nil
0x1fc	nil
0x1fd	nil
0x204	nil
0x205	nil
0x206	nil
0x207	nil
0x20b	nil
0x214	nil
0x216	nil
0x217	nil
0x219	nil
0x21a	nil
0x21c	nil
0x21f	nil
0x220	nil
0x22b	nil
0x22d	nil
0x230	nil
0x232	nil
0x237	nil
0x23b	nil
0x23d	nil
0x23f	nil
0x240	nil
0x243	nil
0x244	nil
0x249	nil
0x258	nil
0x25a	nil
0x25c	nil
0x25e	nil
0x265	nil
0x266	nil
0x267	nil
0x26b	nil
0x271	nil
0x273	nil
0x276	nil
0x277	nil
0x278	nil
0x279	nil
0x27d	nil
0x283	nil
0x285	nil
0x287	nil
0x28a	nil
0x28d	nil
0x28f	nil
0x290	nil
0x291	nil
0x298	nil
0x299	nil
0x29a	nil
0x29b	nil
0x29f	nil
0x2a8	nil
0x2aa	nil
0x2ab	nil
0x2ad	nil
0x2ae	nil
0x2b0	nil
0x2b3	nil
0x2b4	nil
0x2bf	nil
0x2c1	nil
0x2c4	nil
0x2c6	nil
0x2cb	nil
0x2cf	nil
0x2d1	nil
0x2d3	nil
0x2d4	nil
0x2d7	nil
0x2d8	nil
0x2dd	nil
0x2ee	nil
0x2f5	nil
0x2f8	nil
0x2fd	nil
0x2ff	nil
0x302	nil
0x317	nil
0x31a	nil
0x31c	nil
0x320	nil
0x322	nil
0x325	nil
0x329	nil
0x32c	nil
0x32f	nil
0x330	nil
0x331	nil
0x334	nil
0x335	nil
0x336	nil
0x33a	nil
0x340	nil
0x344	nil
0x345	nil
0x35a	nil
0x35c	nil
0x35e	nil
0x366	nil
0x36b	nil
0x36d	nil
0x372	nil
0x374	nil
0x378	nil
0x37a	nil
0x37d	nil
0x381	nil
0x384	nil
0x389	nil
0x38b	nil
0x38e	nil
0x3a3	nil
0x3a6	nil
0x3a8	nil
0x3ac	nil
0x3ae	nil
0x3b1	nil
0x3b5	nil
0x3b7	nil
0x3b9	nil
0x3bc	nil
0x3d1	nil
0x3d2	nil
0x3e7	nil
0x3ea	nil
0x3ec	nil
0x3f0	nil
0x3f2	nil
0x3f3	nil
0x3f5	nil
0x3f6	nil
0x3f9	nil
0x3fb	nil
0x3fe	nil
0x400	nil
0x401	nil
0x403	nil
0x40b	nil
0x40d	nil
0x40f	nil
0x4a3	nil
0x4b8	nil
0x4cd	nil
0x4cf	nil
0x4e4	nil
0x4e5	nil
0x4e7	nil
0x4e8	nil
0x4ed	nil
0x4ef	nil
0x504	nil
0x519	nil
0x51a	nil
0x51f	nil
0x521	nil
0x523	nil
0x528	nil
0x529	nil
0x52b	nil
0x52e	nil
0x530	nil
0x531	nil
0x533	nil
0x535	nil
0x538	nil
0x53a	nil
0x53e	nil
0x53f	nil
0x541	nil
0x542	nil
0x546	nil
0x54c	nil
0x54d	nil
0x54e	nil
0x550	nil
0x551	nil
0x555	nil
0x556	nil
0x55a	nil
0x55b	nil
0x563	nil
0x565	nil
0x566	nil
0x567	nil
0x56a	nil
0x56b	nil
0x56c	nil
0x570	nil
0x576	nil
0x57a	nil
0x57c	nil
0x57e	nil
0x586	nil
0x588	nil
0x589	nil
0x58d	nil
0x5a2	nil
0x5b7	nil
0x5b8	nil
0x5bd	nil
0x5bf	nil
0x5c1	nil
0x5c6	nil
0x5c7	nil
0x5c9	nil
0x5cc	nil
0x5ce	nil
0x5cf	nil
0x5d1	nil
0x5d3	nil
0x5d6	nil
0x5d8	nil
0x5dc	nil
0x5dd	nil
0x5df	nil
0x5e0	nil
0x5e4	nil
0x5ea	nil
0x5eb	nil
0x5ec	nil
0x5ee	nil
0x5ef	nil
0x5f3	nil
0x5f4	nil
0x5f8	nil
0x5f9	nil
0x602	nil
0x605	nil
0x61a	nil
0x61b	nil
0x620	nil
0x621	nil
0x623	nil
0x625	nil
0x62a	nil
0x62b	nil
0x62d	nil
0x630	nil
0x632	nil
0x635	nil
0x64a	nil
0x64d	nil
0x64f	nil
0x653	nil
0x655	nil
0x657	nil
0x65a	nil
0x65e	nil
0x65f	nil
0x661	nil
0x662	nil
0x666	nil
0x66c	nil
0x66d	nil
0x66e	nil
0x670	nil
0x671	nil
0x675	nil
0x676	nil
0x67a	nil
0x67b	nil
0x683	nil
0x685	nil
0x686	nil
0x687	nil
0x68a	nil
0x68b	nil
0x68c	nil
0x690	nil
0x696	nil
0x69a	nil
0x69c	nil
0x69e	nil
0x6a8	nil
0x6ab	nil
0x6ae	nil
0x6b2	nil
0x6b3	nil
0x6b4	nil
0x6b8	nil
0x6ba	nil
0x6be	nil
0x6c0	nil
0x6c1	nil
0x6c8	nil
0x6cb	nil
0x6cd	nil
0x6cf	nil
0x6d0	nil
0x6d1	nil
0x6d4	nil
0x6d6	nil
0x6d9	nil
0x6db	nil
0x6dc	nil
0x6f1	nil
0x6f4	nil
0x6f6	nil
0x6f9	nil
0x6fb	nil
0x6fc	nil
0x6ff	nil
0x701	nil
0x704	nil
0x719	nil
0x71a	nil
0x72f	nil
0x732	nil
0x734	nil
0x738	nil
0x73a	nil
0x73b	nil
0x73d	nil
0x73e	nil
0x740	nil
0x746	nil
0x74b	nil
0x74e	nil
0x754	nil
0x759	nil
0x75e	nil
0x764	nil
0x779	nil
0x77a	nil
0x781	nil
0x786	nil
0x789	nil
0x7ad	nil
0x7af	nil
0x7b2	nil
0x7c7	nil
0x7ca	nil
0x7cc	nil
0x7ce	nil
0x7e3	nil
0x7e6	nil
0x7e8	nil
0x7ec	nil
0x7ee	nil
0x7f4	nil
0x7f6	nil
0x7f9	nil
0x800	nil
0x802	nil
0x806	nil
0x810	nil
0x812	nil
0x815	nil
0x817	nil
0x81a	nil
0x81c	nil
0x81d	nil
0x81f	nil
0x821	nil
0x826	nil
0x829	nil
0x830	nil
0x835	nil
0x838	nil
0x83a	nil
0x83d	nil
0x83f	nil
0x840	nil
0x842	nil
0x843	nil
0x845	nil
0x849	nil
0x84b	nil
0x84c	nil
0x86f	nil
0x871	nil
0x874	nil
0x876	nil
0x879	nil
0x87c	nil
0x880	nil
0x882	nil
0x884	nil
0x887	nil
0x88b	nil
0x88d	nil
0x891	nil
0x893	nil
0x896	nil
0x89a	nil
0x89d	nil
0x8a0	nil
0x8a2	nil
0x8a5	nil
0x8a7	nil
0x8a8	nil
0x8aa	nil
0x8ab	nil
0x8af	nil
0x8b0	nil
0x8b4	nil
0x8b6	nil
0x8b8	nil
0x8ba	nil
0x8bd	nil
0x8bf	nil
0x8c1	nil
0x8c3	nil
0x8c4	nil
0x8c5	nil
0x8c8	nil
0x8c9	nil
0x8ca	nil
0x8cb	nil
0x8cf	nil
0x8d1	nil
0x8d4	nil
0x8d7	nil
0x8d9	nil
0x8db	nil
0x8dd	nil
0x8de	nil
0x8df	nil
0x8e2	nil
0x8e3	nil
0x8e4	nil
0x8e5	nil
0x8eb	nil
0x8ed	nil
0x8ee	nil
0x8ef	nil
0x8f3	nil
0x8f5	nil
0x8f6	nil
0x919	nil
0x91b	nil
0x91e	nil
0x920	nil
0x923	nil
0x926	nil
0x92a	nil
0x92c	nil
0x92e	nil
0x931	nil
0x935	nil
0x937	nil
0x93b	nil
0x93d	nil
0x940	nil
0x944	nil
0x947	nil
0x948	nil
0x949	nil
0x94d	nil
0x94f	nil
0x950	nil
0x973	nil
0x975	nil
0x978	nil
0x97a	nil
0x97d	nil
0x980	nil
0x984	nil
0x986	nil
0x988	nil
0x9ac	nil
0x9ae	nil
0x9b2	nil
0x9b4	nil
0x9b7	nil
0x9bb	nil
0x9bf	nil
0x9c1	nil
0x9c2	nil
0x9c3	nil
0x9c7	nil
0x9cd	nil
0x9cf	nil
0x9d0	nil
0x9d6	nil
0x9d8	nil
0x9d9	nil
0x9db	nil
0x9dc	nil
0x9dd	nil
0x9e1	nil
0x9e3	nil
0x9e4	nil
0x9ea	nil
0x9ec	nil
0x9ed	nil
0x9ef	nil
0x9f0	nil
0x9f1	nil
0x9f2	nil
0x9f9	nil
0x9fb	nil
0x9ff	nil
0xa06	nil
0xa07	nil
0xa0b	nil
0xa0e	nil
0xa10	nil
0xa13	nil
0xa15	nil
0xa17	nil
0xa19	nil
0xa1a	nil
0xa1b	nil
0xa1e	nil
0xa1f	nil
0xa20	nil
0xa21	nil
0xa2b	nil
0xa43	nil
0xa45	nil
0xa47	nil
0xa4a	nil
0xa5f	nil
0xa60	nil
0xa75	nil
0xa78	nil
0xa7a	nil
0xa7e	nil
0xa80	nil
0xa81	nil
0xa83	nil
0xa84	nil
0xa8c	nil
0xc16	nil
0xc19	nil
0xc1c	nil
0xc1f	nil
0xc22	nil
0xc25	nil
0xc2d	nil
0xc2f	nil
0xc44	nil
0xc46	nil
0xc5b	nil
0xc5c	nil
0xc5d	nil
0xc5e	nil
0xc62	nil
0xc64	nil
0xc65	nil
0xc88	nil
0xc8a	nil
0xc8d	nil
0xc8f	nil
0xc92	nil
0xc95	nil
0xc99	nil
0xc9b	nil
0xc9d	nil
0xca0	nil
0xca4	nil
0xca6	nil
0xcaa	nil
0xcac	nil
0xcaf	nil
0xcb3	nil
0xcb6	nil
0xcb7	nil
0xcbb	nil
0xcbd	nil
0xcbe	nil
0xce1	nil
0xce3	nil
0xce6	nil
0xce8	nil
0xceb	nil
0xcee	nil
0xcf2	nil
0xcf4	nil
0xcf6	nil
0xd1a	nil
0xd1c	nil
0xd20	nil
0xd22	nil
0xd25	nil
0xd29	nil
0xd2b	nil
0xd2d	nil
0xd30	nil
0xd45	nil
0xd46	nil
0xd5b	nil
0xd5e	nil
0xd60	nil
0xd64	nil
0xd66	nil
0xd67	nil
0xd69	nil
0xd6a	nil
0xd6b	nil
0xd6c	nil
0xd70	nil
0xd72	nil
0xd73	nil
0xd96	nil
0xd98	nil
0xd9b	nil
0xd9d	nil
0xda0	nil
0xda3	nil
0xda7	nil
0xda9	nil
0xdab	nil
0xdae	nil
0xdb2	nil
0xdb4	nil
0xdb8	nil
0xdba	nil
0xdbd	nil
0xdc1	nil
0xdc6	nil
0xdc9	nil
0xdca	nil
0xdd2	nil
0xdd5	nil
0xdd7	nil
0xdda	nil
0xddc	nil
0xdde	nil
0xddf	nil
0xde0	nil
0xde8	nil
0xdeb	nil
0xded	nil
0xdef	nil
0xe04	nil
0xe05	nil
0xe06	nil
0xe09	nil
0xe1e	nil
0xe1f	nil
0xe20	nil
0xe24	nil
0xe26	nil
0xe28	nil
0xe2b	nil
0xe40	nil
0xe41	nil
0xe56	nil
0xe59	nil
0xe5b	nil
0xe5f	nil
0xe61	nil
0xe62	nil
0xe64	nil
0xe65	nil
0xe67	nil
0xe6a	nil
0xe6c	nil
0xe6e	nil
0xe70	nil
0xe71	nil
0xe72	nil
0xe75	nil
0xe76	nil
0xe77	nil
0xe78	nil
0xe7d	nil
0xe7f	nil
0xe82	nil
0xe97	nil
0xe98	nil
0xead	nil
0xeb0	nil
0xeb2	nil
0xeb6	nil
0xeb8	nil
0xeb9	nil
0xebb	nil
0xec0	nil
0xec4	nil
0xec6	nil
0xec7	nil
0xecd	nil
0xed2	nil
0xed5	nil
0xedb	nil
0xefe	nil
0xf00	nil
0xf03	nil
0xf18	nil
0xf1b	nil
0xf1d	nil
0xf21	nil
0xf23	nil
0xf28	nil
0xf2a	nil
0xf2d	nil
0x14e3	nil
0x1507	nil
0x150b	nil
0x150d	nil
0x150f	nil
0x1511	nil
0x1513	nil
0x1515	nil
0x1517	nil
0x1519	nil
0x151b	nil
0x151e	nil
0x1521	nil
0x1524	nil
0x1527	nil
0x152a	nil
0x152d	nil
0x1530	nil
0x1533	nil
0x1536	nil
0x135_0x0	nil
0x13e_0x0	nil
0x587_0x0	nil
0x6aa_0x0	nil
0x6b8_0x0	nil
0x6c6_0x0	nil
0x788_0x2	nil
0x82e_0x0	nil
0x844_0x0	nil
0x9bd_0x0	nil
0x9c7_0x0	nil
0x9d5_0x0	nil
0x9d5_0x3	nil
0x9e9_0x0	nil
0x9f6_0x0	nil
0xaaeS0x6c6	[0xaa3, nil]
0xab2S0x6c6	[0xaa3, nil]
0xaceS0x6c6	[0xaa3, nil]
0xad0S0x6c6	[0xaa3, nil]
0xad1S0x6c6	[0xaa3, nil]
0xaf4S0x6c6	[0xaa3, nil]
0xaf6S0x6c6	[0xaa3, nil]
0xaf9S0x6c6	[0xaa3, nil]
0xafbS0x6c6	[0xaa3, nil]
0xafeS0x6c6	[0xaa3, nil]
0xb01S0x6c6	[0xaa3, nil]
0xb05S0x6c6	[0xaa3, nil]
0xb07S0x6c6	[0xaa3, nil]
0xb09S0x6c6	[0xaa3, nil]
0xb0cS0x6c6	[0xaa3, nil]
0xb10S0x6c6	[0xaa3, nil]
0xb12S0x6c6	[0xaa3, nil]
0xb16S0x6c6	[0xaa3, nil]
0xb18S0x6c6	[0xaa3, nil]
0xb1bS0x6c6	[0xaa3, nil]
0xaa4S0x6c6	[0xaa3, nil]
0xaa8S0x6c6	[0xaa3, nil]
0xaa9S0x6c6	[0xaa3, nil]
0xaaaS0x6c6	[0xaa3, nil]
0xab7S0x6c6	[0xaa3, nil]
0xabbS0x6c6	[0xaa3, nil]
0xac2S0x6c6	[0xaa3, nil]
0xb23_0x0S0x6c6	[0xaa3, nil]
0xac8S0x6c6	[0xaa3, nil]
0xac9S0x6c6	[0xaa3, nil]
0xacaS0x6c6	[0xaa3, nil]
0xf3fS0x74d	[0xb29, nil]
0xf41S0x74d	[0xb29, nil]
0xf42S0x74d	[0xb29, nil]
0xf65S0x74d	[0xb29, nil]
0xf67S0x74d	[0xb29, nil]
0xf6aS0x74d	[0xb29, nil]
0xf6cS0x74d	[0xb29, nil]
0xf6fS0x74d	[0xb29, nil]
0xf75S0x74d	[0xb29, nil]
0xf78S0x74d	[0xb29, nil]
0xf7aS0x74d	[0xb29, nil]
0xf7eS0x74d	[0xb29, nil]
0xf80S0x74d	[0xb29, nil]
0xf82S0x74d	[0xb29, nil]
0xf87S0x74d	[0xb29, nil]
0xb2aS0x74d	[0xb29, nil]
0xb2cS0x74d	[0xb29, nil]
0xb31S0x74d	[0xb29, nil]
0xb33S0x74d	[0xb29, nil]
0xb35S0x74d	[0xb29, nil]
0xb37S0x74d	[0xb29, nil]
0xb38S0x74d	[0xb29, nil]
0xb3cS0x74d	[0xb29, nil]
0xb40S0x74d	[0xb29, nil]
0xb42S0x74d	[0xb29, nil]
0xb43S0x74d	[0xb29, nil]
0xb67S0x74d	[0xb29, nil]
0xf34S0x74d	[0xb29, nil]
0xf38S0x74d	[0xb29, nil]
0xf3bS0x74d	[0xb29, nil]
0xfe1S0x74d	[0xb29, nil]
0xfe6S0x74d	[0xb29, nil]
0xfadS0x74d	[0xb29, nil]
0xfafS0x74d	[0xb29, nil]
0xfb1S0x74d	[0xb29, nil]
0xfb3S0x74d	[0xb29, nil]
0xfb4S0x74d	[0xb29, nil]
0xf8cS0x74d	[0xb29, nil]
0xf8dS0x74d	[0xb29, nil]
0xf8eS0x74d	[0xb29, nil]
0xf89_0x0S0x74d	[0xb29, nil]
0xfd7S0x74d	[0xb29, nil]
0xfd9S0x74d	[0xb29, nil]
0xfdcS0x74d	[0xb29, nil]
0xfd1_0x1S0x74d	[0xb29, nil]
0xfecS0x74d	[0xb29, nil]
0xf94S0x74d	[0xb29, nil]
0xf95S0x74d	[0xb29, nil]
0xf98S0x74d	[0xb29, nil]
0xf9aS0x74d	[0xb29, nil]
0xf9dS0x74d	[0xb29, nil]
0xfa0S0x74d	[0xb29, nil]
0xf92_0x0S0x74d	[0xb29, nil]
0xfbaS0x74d	[0xb29, nil]
0xfbcS0x74d	[0xb29, nil]
0xfbdS0x74d	[0xb29, nil]
0xfc0S0x74d	[0xb29, nil]
0xfc2S0x74d	[0xb29, nil]
0xfc3S0x74d	[0xb29, nil]
0xfc6S0x74d	[0xb29, nil]
0xfc7S0x74d	[0xb29, nil]
0xfc8S0x74d	[0xb29, nil]
0xfc9S0x74d	[0xb29, nil]
0xfccS0x74d	[0xb29, nil]
0xfceS0x74d	[0xb29, nil]
0x10f9S0xdc0	[0x10e8, nil]
0x10fbS0xdc0	[0x10e8, nil]
0x10fcS0xdc0	[0x10e8, nil]
0x111fS0xdc0	[0x10e8, nil]
0x1121S0xdc0	[0x10e8, nil]
0x1124S0xdc0	[0x10e8, nil]
0x1126S0xdc0	[0x10e8, nil]
0x1129S0xdc0	[0x10e8, nil]
0x112cS0xdc0	[0x10e8, nil]
0x1130S0xdc0	[0x10e8, nil]
0x1132S0xdc0	[0x10e8, nil]
0x1134S0xdc0	[0x10e8, nil]
0x1158S0xdc0	[0x10e8, nil]
0x115aS0xdc0	[0x10e8, nil]
0x115eS0xdc0	[0x10e8, nil]
0x1160S0xdc0	[0x10e8, nil]
0x1163S0xdc0	[0x10e8, nil]
0x10e9S0xdc0	[0x10e8, nil]
0x10eeS0xdc0	[0x10e8, nil]
0x10f3S0xdc0	[0x10e8, nil]
0x10f4S0xdc0	[0x10e8, nil]
0x10f5S0xdc0	[0x10e8, nil]
0x43eS0x105	[0x414, nil]
0x440S0x105	[0x414, nil]
0x442S0x105	[0x414, nil]
0x445S0x105	[0x414, nil]
0x448S0x105	[0x414, nil]
0x44aS0x105	[0x414, nil]
0x44cS0x105	[0x414, nil]
0x415S0x105	[0x414, nil]
0x417S0x105	[0x414, nil]
0x41aS0x105	[0x414, nil]
0x41cS0x105	[0x414, nil]
0x41eS0x105	[0x414, nil]
0x41fS0x105	[0x414, nil]
0x421S0x105	[0x414, nil]
0x422S0x105	[0x414, nil]
0x424S0x105	[0x414, nil]
0x427S0x105	[0x414, nil]
0x428S0x105	[0x414, nil]
0x432S0x105	[0x414, nil]
0x434S0x105	[0x414, nil]
0x437S0x105	[0x414, nil]
0x439S0x105	[0x414, nil]
0x43aS0x105	[0x414, nil]
0x450S0x105	[0x414, nil]
0x453S0x105	[0x414, nil]
0x455S0x105	[0x414, nil]
0x458S0x105	[0x414, nil]
0x45aS0x105	[0x414, nil]
0x45bS0x105	[0x414, nil]
0x470S0x105	[0x414, nil]
0x471S0x105	[0x414, nil]
0x486S0x105	[0x414, nil]
0x489S0x105	[0x414, nil]
0x48bS0x105	[0x414, nil]
0x48dS0x105	[0x414, nil]
0x48fS0x105	[0x414, nil]
0x493S0x105	[0x414, nil]
0x494S0x105	[0x414, nil]
0x44e_0x0S0x105	[0x414, nil]
0x44e_0x1S0x105	[0x414, nil]
0xb74S0x75b	[0xb73, nil]
0xb78S0x75b	[0xb73, nil]
0xb7dS0x75b	[0xb73, nil]
0xb7fS0x75b	[0xb73, nil]
0xb82S0x75b	[0xb73, nil]
0xb84S0x75b	[0xb73, nil]
0xb85S0x75b	[0xb73, nil]
0xb87S0x75b	[0xb73, nil]
0xb8aS0x75b	[0xb73, nil]
0xb9fS0x75b	[0xb73, nil]
0xba2S0x75b	[0xb73, nil]
0xba4S0x75b	[0xb73, nil]
0xba8S0x75b	[0xb73, nil]
0xbaaS0x75b	[0xb73, nil]
0xbafS0x75b	[0xb73, nil]
0xbb1S0x75b	[0xb73, nil]
0xbb2S0x75b	[0xb73, nil]
0xbb6S0x75b	[0xb73, nil]
0xbb7S0x75b	[0xb73, nil]
0xbbbS0x75b	[0xb73, nil]
0xbbfS0x75b	[0xb73, nil]
0xbdcS0x75b	[0xb73, nil]
0xbddS0x75b	[0xb73, nil]
0xbdeS0x75b	[0xb73, nil]
0xbe1S0x75b	[0xb73, nil]
0xbe3S0x75b	[0xb73, nil]
0xbe4S0x75b	[0xb73, nil]
0xc04S0x75b	[0xb73, nil]
0xc05S0x75b	[0xb73, nil]
0xc0cS0x75b	[0xb73, nil]
0x1078S0xb73S0x75b	[0xb73, [0xff9, nil]]
0x1092S0xb73S0x75b	[0xb73, [0xff9, nil]]
0x1094S0xb73S0x75b	[0xb73, [0xff9, nil]]
0x1095S0xb73S0x75b	[0xb73, [0xff9, nil]]
0x10b8S0xb73S0x75b	[0xb73, [0xff9, nil]]
0x10baS0xb73S0x75b	[0xb73, [0xff9, nil]]
0x10bdS0xb73S0x75b	[0xb73, [0xff9, nil]]
0x10bfS0xb73S0x75b	[0xb73, [0xff9, nil]]
0x10c2S0xb73S0x75b	[0xb73, [0xff9, nil]]
0x10c5S0xb73S0x75b	[0xb73, [0xff9, nil]]
0x10c9S0xb73S0x75b	[0xb73, [0xff9, nil]]
0x10cbS0xb73S0x75b	[0xb73, [0xff9, nil]]
0x10cdS0xb73S0x75b	[0xb73, [0xff9, nil]]
0x10d0S0xb73S0x75b	[0xb73, [0xff9, nil]]
0x10d4S0xb73S0x75b	[0xb73, [0xff9, nil]]
0x10d6S0xb73S0x75b	[0xb73, [0xff9, nil]]
0x10daS0xb73S0x75b	[0xb73, [0xff9, nil]]
0x10dcS0xb73S0x75b	[0xb73, [0xff9, nil]]
0x10dfS0xb73S0x75b	[0xb73, [0xff9, nil]]
0xffaS0xb73S0x75b	[0xb73, [0xff9, nil]]
0xffcS0xb73S0x75b	[0xb73, [0xff9, nil]]
0x1000S0xb73S0x75b	[0xb73, [0xff9, nil]]
0x1002S0xb73S0x75b	[0xb73, [0xff9, nil]]
0x1004S0xb73S0x75b	[0xb73, [0xff9, nil]]
0x1006S0xb73S0x75b	[0xb73, [0xff9, nil]]
0x1007S0xb73S0x75b	[0xb73, [0xff9, nil]]
0x100bS0xb73S0x75b	[0xb73, [0xff9, nil]]
0x100fS0xb73S0x75b	[0xb73, [0xff9, nil]]
0x1011S0xb73S0x75b	[0xb73, [0xff9, nil]]
0x1012S0xb73S0x75b	[0xb73, [0xff9, nil]]
0x1037S0xb73S0x75b	[0xb73, [0xff9, nil]]
0x104cS0xb73S0x75b	[0xb73, [0xff9, nil]]
0x104dS0xb73S0x75b	[0xb73, [0xff9, nil]]
0x1054S0xb73S0x75b	[0xb73, [0xff9, nil]]
0x1059S0xb73S0x75b	[0xb73, [0xff9, nil]]
0x105eS0xb73S0x75b	[0xb73, [0xff9, nil]]
0x1061S0xb73S0x75b	[0xb73, [0xff9, nil]]
0x1062S0xb73S0x75b	[0xb73, [0xff9, nil]]
0x1063S0xb73S0x75b	[0xb73, [0xff9, nil]]
0x1064S0xb73S0x75b	[0xb73, [0xff9, nil]]
0x107eS0xb73S0x75b	[0xb73, [0xff9, nil]]
0x1082S0xb73S0x75b	[0xb73, [0xff9, nil]]
0x1084S0xb73S0x75b	[0xb73, [0xff9, nil]]
0x1086S0xb73S0x75b	[0xb73, [0xff9, nil]]
0x108eS0xb73S0x75b	[0xb73, [0xff9, nil]]
0x106aS0xb73S0x75b	[0xb73, [0xff9, nil]]
0x106cS0xb73S0x75b	[0xb73, [0xff9, nil]]
0x106eS0xb73S0x75b	[0xb73, [0xff9, nil]]
0x106fS0xb73S0x75b	[0xb73, [0xff9, nil]]
0x1072S0xb73S0x75b	[0xb73, [0xff9, nil]]
0x1073S0xb73S0x75b	[0xb73, [0xff9, nil]]
0x1074S0xb73S0x75b	[0xb73, [0xff9, nil]]
0x1171S0xff9S0xb73S0x75b	[0xb73, [0xff9, [0x1170, nil]]]
0x1173S0xff9S0xb73S0x75b	[0xb73, [0xff9, [0x1170, nil]]]
0x1178S0xff9S0xb73S0x75b	[0xb73, [0xff9, [0x1170, nil]]]
0x117bS0xff9S0xb73S0x75b	[0xb73, [0xff9, [0x1170, nil]]]
0x1198S0x1170S0xff9S0xb73S0x75b	[0xb73, [0xff9, [0x1170, [0x1188, nil]]]]
0x119aS0x1170S0xff9S0xb73S0x75b	[0xb73, [0xff9, [0x1170, [0x1188, nil]]]]
0x119bS0x1170S0xff9S0xb73S0x75b	[0xb73, [0xff9, [0x1170, [0x1188, nil]]]]
0x11beS0x1170S0xff9S0xb73S0x75b	[0xb73, [0xff9, [0x1170, [0x1188, nil]]]]
0x11c0S0x1170S0xff9S0xb73S0x75b	[0xb73, [0xff9, [0x1170, [0x1188, nil]]]]
0x11c3S0x1170S0xff9S0xb73S0x75b	[0xb73, [0xff9, [0x1170, [0x1188, nil]]]]
0x11c5S0x1170S0xff9S0xb73S0x75b	[0xb73, [0xff9, [0x1170, [0x1188, nil]]]]
0x11c8S0x1170S0xff9S0xb73S0x75b	[0xb73, [0xff9, [0x1170, [0x1188, nil]]]]
0x11cbS0x1170S0xff9S0xb73S0x75b	[0xb73, [0xff9, [0x1170, [0x1188, nil]]]]
0x11cfS0x1170S0xff9S0xb73S0x75b	[0xb73, [0xff9, [0x1170, [0x1188, nil]]]]
0x11d1S0x1170S0xff9S0xb73S0x75b	[0xb73, [0xff9, [0x1170, [0x1188, nil]]]]
0x11d3S0x1170S0xff9S0xb73S0x75b	[0xb73, [0xff9, [0x1170, [0x1188, nil]]]]
0x11f7S0x1170S0xff9S0xb73S0x75b	[0xb73, [0xff9, [0x1170, [0x1188, nil]]]]
0x11f9S0x1170S0xff9S0xb73S0x75b	[0xb73, [0xff9, [0x1170, [0x1188, nil]]]]
0x11fdS0x1170S0xff9S0xb73S0x75b	[0xb73, [0xff9, [0x1170, [0x1188, nil]]]]
0x11ffS0x1170S0xff9S0xb73S0x75b	[0xb73, [0xff9, [0x1170, [0x1188, nil]]]]
0x1202S0x1170S0xff9S0xb73S0x75b	[0xb73, [0xff9, [0x1170, [0x1188, nil]]]]
0x1296S0x1170S0xff9S0xb73S0x75b	[0xb73, [0xff9, [0x1170, [0x1188, nil]]]]
0x1298S0x1170S0xff9S0xb73S0x75b	[0xb73, [0xff9, [0x1170, [0x1188, nil]]]]
0x129bS0x1170S0xff9S0xb73S0x75b	[0xb73, [0xff9, [0x1170, [0x1188, nil]]]]
0x129dS0x1170S0xff9S0xb73S0x75b	[0xb73, [0xff9, [0x1170, [0x1188, nil]]]]
0x129eS0x1170S0xff9S0xb73S0x75b	[0xb73, [0xff9, [0x1170, [0x1188, nil]]]]
0x12a0S0x1170S0xff9S0xb73S0x75b	[0xb73, [0xff9, [0x1170, [0x1188, nil]]]]
0x12a1S0x1170S0xff9S0xb73S0x75b	[0xb73, [0xff9, [0x1170, [0x1188, nil]]]]
0x12a2S0x1170S0xff9S0xb73S0x75b	[0xb73, [0xff9, [0x1170, [0x1188, nil]]]]
0x12a4S0x1170S0xff9S0xb73S0x75b	[0xb73, [0xff9, [0x1170, [0x1188, nil]]]]
0x12a5S0x1170S0xff9S0xb73S0x75b	[0xb73, [0xff9, [0x1170, [0x1188, nil]]]]
0x12a8S0x1170S0xff9S0xb73S0x75b	[0xb73, [0xff9, [0x1170, [0x1188, nil]]]]
0x12abS0x1170S0xff9S0xb73S0x75b	[0xb73, [0xff9, [0x1170, [0x1188, nil]]]]
0x12acS0x1170S0xff9S0xb73S0x75b	[0xb73, [0xff9, [0x1170, [0x1188, nil]]]]
0x12aeS0x1170S0xff9S0xb73S0x75b	[0xb73, [0xff9, [0x1170, [0x1188, nil]]]]
0x12b1S0x1170S0xff9S0xb73S0x75b	[0xb73, [0xff9, [0x1170, [0x1188, nil]]]]
0x12b3S0x1170S0xff9S0xb73S0x75b	[0xb73, [0xff9, [0x1170, [0x1188, nil]]]]
0x1189S0x1170S0xff9S0xb73S0x75b	[0xb73, [0xff9, [0x1170, [0x1188, nil]]]]
0x118bS0x1170S0xff9S0xb73S0x75b	[0xb73, [0xff9, [0x1170, [0x1188, nil]]]]
0x118fS0x1170S0xff9S0xb73S0x75b	[0xb73, [0xff9, [0x1170, [0x1188, nil]]]]
0x1194S0x1170S0xff9S0xb73S0x75b	[0xb73, [0xff9, [0x1170, [0x1188, nil]]]]
0x138fS0x1170S0xff9S0xb73S0x75b	[0xb73, [0xff9, [0x1170, [0x1188, nil]]]]
0x1393S0x1170S0xff9S0xb73S0x75b	[0xb73, [0xff9, [0x1170, [0x1188, nil]]]]
0x1396S0x1170S0xff9S0xb73S0x75b	[0xb73, [0xff9, [0x1170, [0x1188, nil]]]]
0x1399S0x1170S0xff9S0xb73S0x75b	[0xb73, [0xff9, [0x1170, [0x1188, nil]]]]
0x1206S0x1170S0xff9S0xb73S0x75b	[0xb73, [0xff9, [0x1170, [0x1188, nil]]]]
0x1208S0x1170S0xff9S0xb73S0x75b	[0xb73, [0xff9, [0x1170, [0x1188, nil]]]]
0x120bS0x1170S0xff9S0xb73S0x75b	[0xb73, [0xff9, [0x1170, [0x1188, nil]]]]
0x1220S0x1170S0xff9S0xb73S0x75b	[0xb73, [0xff9, [0x1170, [0x1188, nil]]]]
0x1223S0x1170S0xff9S0xb73S0x75b	[0xb73, [0xff9, [0x1170, [0x1188, nil]]]]
0x1225S0x1170S0xff9S0xb73S0x75b	[0xb73, [0xff9, [0x1170, [0x1188, nil]]]]
0x1229S0x1170S0xff9S0xb73S0x75b	[0xb73, [0xff9, [0x1170, [0x1188, nil]]]]
0x122bS0x1170S0xff9S0xb73S0x75b	[0xb73, [0xff9, [0x1170, [0x1188, nil]]]]
0x122dS0x1170S0xff9S0xb73S0x75b	[0xb73, [0xff9, [0x1170, [0x1188, nil]]]]
0x1256S0x1170S0xff9S0xb73S0x75b	[0xb73, [0xff9, [0x1170, [0x1188, nil]]]]
0x1259S0x1170S0xff9S0xb73S0x75b	[0xb73, [0xff9, [0x1170, [0x1188, nil]]]]
0x125bS0x1170S0xff9S0xb73S0x75b	[0xb73, [0xff9, [0x1170, [0x1188, nil]]]]
0x125cS0x1170S0xff9S0xb73S0x75b	[0xb73, [0xff9, [0x1170, [0x1188, nil]]]]
0x125fS0x1170S0xff9S0xb73S0x75b	[0xb73, [0xff9, [0x1170, [0x1188, nil]]]]
0x1260S0x1170S0xff9S0xb73S0x75b	[0xb73, [0xff9, [0x1170, [0x1188, nil]]]]
0x1262S0x1170S0xff9S0xb73S0x75b	[0xb73, [0xff9, [0x1170, [0x1188, nil]]]]
0x1264S0x1170S0xff9S0xb73S0x75b	[0xb73, [0xff9, [0x1170, [0x1188, nil]]]]
0x1265S0x1170S0xff9S0xb73S0x75b	[0xb73, [0xff9, [0x1170, [0x1188, nil]]]]
0x1268S0x1170S0xff9S0xb73S0x75b	[0xb73, [0xff9, [0x1170, [0x1188, nil]]]]
0x1269S0x1170S0xff9S0xb73S0x75b	[0xb73, [0xff9, [0x1170, [0x1188, nil]]]]
0x126cS0x1170S0xff9S0xb73S0x75b	[0xb73, [0xff9, [0x1170, [0x1188, nil]]]]
0x1277S0x1170S0xff9S0xb73S0x75b	[0xb73, [0xff9, [0x1170, [0x1188, nil]]]]
0x127bS0x1170S0xff9S0xb73S0x75b	[0xb73, [0xff9, [0x1170, [0x1188, nil]]]]
0x127dS0x1170S0xff9S0xb73S0x75b	[0xb73, [0xff9, [0x1170, [0x1188, nil]]]]
0x127fS0x1170S0xff9S0xb73S0x75b	[0xb73, [0xff9, [0x1170, [0x1188, nil]]]]
0x1282S0x1170S0xff9S0xb73S0x75b	[0xb73, [0xff9, [0x1170, [0x1188, nil]]]]
0x1286S0x1170S0xff9S0xb73S0x75b	[0xb73, [0xff9, [0x1170, [0x1188, nil]]]]
0x1287S0x1170S0xff9S0xb73S0x75b	[0xb73, [0xff9, [0x1170, [0x1188, nil]]]]
0x128cS0x1170S0xff9S0xb73S0x75b	[0xb73, [0xff9, [0x1170, [0x1188, nil]]]]
0x128eS0x1170S0xff9S0xb73S0x75b	[0xb73, [0xff9, [0x1170, [0x1188, nil]]]]
0x1291S0x1170S0xff9S0xb73S0x75b	[0xb73, [0xff9, [0x1170, [0x1188, nil]]]]
0x1292S0x1170S0xff9S0xb73S0x75b	[0xb73, [0xff9, [0x1170, [0x1188, nil]]]]
0x1255_0x0S0x1170S0xff9S0xb73S0x75b	[0xb73, [0xff9, [0x1170, [0x1188, nil]]]]
0x1255_0x1S0x1170S0xff9S0xb73S0x75b	[0xb73, [0xff9, [0x1170, [0x1188, nil]]]]
0x1255_0x2S0x1170S0xff9S0xb73S0x75b	[0xb73, [0xff9, [0x1170, [0x1188, nil]]]]
0x1233S0x1170S0xff9S0xb73S0x75b	[0xb73, [0xff9, [0x1170, [0x1188, nil]]]]
0x1236S0x1170S0xff9S0xb73S0x75b	[0xb73, [0xff9, [0x1170, [0x1188, nil]]]]
0x1237S0x1170S0xff9S0xb73S0x75b	[0xb73, [0xff9, [0x1170, [0x1188, nil]]]]
0x1232_0x2S0x1170S0xff9S0xb73S0x75b	[0xb73, [0xff9, [0x1170, [0x1188, nil]]]]
0x12b8S0x1170S0xff9S0xb73S0x75b	[0xb73, [0xff9, [0x1170, [0x1188, nil]]]]
0x12c3S0x1170S0xff9S0xb73S0x75b	[0xb73, [0xff9, [0x1170, [0x1188, nil]]]]
0x12c4S0x1170S0xff9S0xb73S0x75b	[0xb73, [0xff9, [0x1170, [0x1188, nil]]]]
0x12d2S0x1170S0xff9S0xb73S0x75b	[0xb73, [0xff9, [0x1170, [0x1188, nil]]]]
0x12d5S0x1170S0xff9S0xb73S0x75b	[0xb73, [0xff9, [0x1170, [0x1188, nil]]]]
0x12d6S0x1170S0xff9S0xb73S0x75b	[0xb73, [0xff9, [0x1170, [0x1188, nil]]]]
0x12d7S0x1170S0xff9S0xb73S0x75b	[0xb73, [0xff9, [0x1170, [0x1188, nil]]]]
0x12d8S0x1170S0xff9S0xb73S0x75b	[0xb73, [0xff9, [0x1170, [0x1188, nil]]]]
0x12d1_0x0S0x1170S0xff9S0xb73S0x75b	[0xb73, [0xff9, [0x1170, [0x1188, nil]]]]
0x1386_0x0S0x1170S0xff9S0xb73S0x75b	[0xb73, [0xff9, [0x1170, [0x1188, nil]]]]
0x12e6S0x1170S0xff9S0xb73S0x75b	[0xb73, [0xff9, [0x1170, [0x1188, nil]]]]
0x12e8S0x1170S0xff9S0xb73S0x75b	[0xb73, [0xff9, [0x1170, [0x1188, nil]]]]
0x12e9S0x1170S0xff9S0xb73S0x75b	[0xb73, [0xff9, [0x1170, [0x1188, nil]]]]
0x130cS0x1170S0xff9S0xb73S0x75b	[0xb73, [0xff9, [0x1170, [0x1188, nil]]]]
0x130eS0x1170S0xff9S0xb73S0x75b	[0xb73, [0xff9, [0x1170, [0x1188, nil]]]]
0x1311S0x1170S0xff9S0xb73S0x75b	[0xb73, [0xff9, [0x1170, [0x1188, nil]]]]
0x1313S0x1170S0xff9S0xb73S0x75b	[0xb73, [0xff9, [0x1170, [0x1188, nil]]]]
0x1316S0x1170S0xff9S0xb73S0x75b	[0xb73, [0xff9, [0x1170, [0x1188, nil]]]]
0x131cS0x1170S0xff9S0xb73S0x75b	[0xb73, [0xff9, [0x1170, [0x1188, nil]]]]
0x131fS0x1170S0xff9S0xb73S0x75b	[0xb73, [0xff9, [0x1170, [0x1188, nil]]]]
0x1321S0x1170S0xff9S0xb73S0x75b	[0xb73, [0xff9, [0x1170, [0x1188, nil]]]]
0x1325S0x1170S0xff9S0xb73S0x75b	[0xb73, [0xff9, [0x1170, [0x1188, nil]]]]
0x1327S0x1170S0xff9S0xb73S0x75b	[0xb73, [0xff9, [0x1170, [0x1188, nil]]]]
0x1329S0x1170S0xff9S0xb73S0x75b	[0xb73, [0xff9, [0x1170, [0x1188, nil]]]]
0x132eS0x1170S0xff9S0xb73S0x75b	[0xb73, [0xff9, [0x1170, [0x1188, nil]]]]
0x1354S0x1170S0xff9S0xb73S0x75b	[0xb73, [0xff9, [0x1170, [0x1188, nil]]]]
0x1356S0x1170S0xff9S0xb73S0x75b	[0xb73, [0xff9, [0x1170, [0x1188, nil]]]]
0x1358S0x1170S0xff9S0xb73S0x75b	[0xb73, [0xff9, [0x1170, [0x1188, nil]]]]
0x135aS0x1170S0xff9S0xb73S0x75b	[0xb73, [0xff9, [0x1170, [0x1188, nil]]]]
0x135bS0x1170S0xff9S0xb73S0x75b	[0xb73, [0xff9, [0x1170, [0x1188, nil]]]]
0x1333S0x1170S0xff9S0xb73S0x75b	[0xb73, [0xff9, [0x1170, [0x1188, nil]]]]
0x1334S0x1170S0xff9S0xb73S0x75b	[0xb73, [0xff9, [0x1170, [0x1188, nil]]]]
0x1335S0x1170S0xff9S0xb73S0x75b	[0xb73, [0xff9, [0x1170, [0x1188, nil]]]]
0x1330_0x0S0x1170S0xff9S0xb73S0x75b	[0xb73, [0xff9, [0x1170, [0x1188, nil]]]]
0x137eS0x1170S0xff9S0xb73S0x75b	[0xb73, [0xff9, [0x1170, [0x1188, nil]]]]
0x1380S0x1170S0xff9S0xb73S0x75b	[0xb73, [0xff9, [0x1170, [0x1188, nil]]]]
0x1383S0x1170S0xff9S0xb73S0x75b	[0xb73, [0xff9, [0x1170, [0x1188, nil]]]]
0x1378_0x1S0x1170S0xff9S0xb73S0x75b	[0xb73, [0xff9, [0x1170, [0x1188, nil]]]]
0x123cS0x1170S0xff9S0xb73S0x75b	[0xb73, [0xff9, [0x1170, [0x1188, nil]]]]
0x123fS0x1170S0xff9S0xb73S0x75b	[0xb73, [0xff9, [0x1170, [0x1188, nil]]]]
0x1242S0x1170S0xff9S0xb73S0x75b	[0xb73, [0xff9, [0x1170, [0x1188, nil]]]]
0x1245S0x1170S0xff9S0xb73S0x75b	[0xb73, [0xff9, [0x1170, [0x1188, nil]]]]
0x1248S0x1170S0xff9S0xb73S0x75b	[0xb73, [0xff9, [0x1170, [0x1188, nil]]]]
0x124bS0x1170S0xff9S0xb73S0x75b	[0xb73, [0xff9, [0x1170, [0x1188, nil]]]]
0x124eS0x1170S0xff9S0xb73S0x75b	[0xb73, [0xff9, [0x1170, [0x1188, nil]]]]
0x1251S0x1170S0xff9S0xb73S0x75b	[0xb73, [0xff9, [0x1170, [0x1188, nil]]]]
0x123b_0x0S0x1170S0xff9S0xb73S0x75b	[0xb73, [0xff9, [0x1170, [0x1188, nil]]]]
0x123b_0x1S0x1170S0xff9S0xb73S0x75b	[0xb73, [0xff9, [0x1170, [0x1188, nil]]]]
0x123b_0x2S0x1170S0xff9S0xb73S0x75b	[0xb73, [0xff9, [0x1170, [0x1188, nil]]]]
0x12cdS0x1170S0xff9S0xb73S0x75b	[0xb73, [0xff9, [0x1170, [0x1188, nil]]]]
0x12ddS0x1170S0xff9S0xb73S0x75b	[0xb73, [0xff9, [0x1170, [0x1188, nil]]]]
0x12e0S0x1170S0xff9S0xb73S0x75b	[0xb73, [0xff9, [0x1170, [0x1188, nil]]]]
0x12e2S0x1170S0xff9S0xb73S0x75b	[0xb73, [0xff9, [0x1170, [0x1188, nil]]]]
0x12dc_0x0S0x1170S0xff9S0xb73S0x75b	[0xb73, [0xff9, [0x1170, [0x1188, nil]]]]
0x133bS0x1170S0xff9S0xb73S0x75b	[0xb73, [0xff9, [0x1170, [0x1188, nil]]]]
0x133cS0x1170S0xff9S0xb73S0x75b	[0xb73, [0xff9, [0x1170, [0x1188, nil]]]]
0x133fS0x1170S0xff9S0xb73S0x75b	[0xb73, [0xff9, [0x1170, [0x1188, nil]]]]
0x1341S0x1170S0xff9S0xb73S0x75b	[0xb73, [0xff9, [0x1170, [0x1188, nil]]]]
0x1344S0x1170S0xff9S0xb73S0x75b	[0xb73, [0xff9, [0x1170, [0x1188, nil]]]]
0x1347S0x1170S0xff9S0xb73S0x75b	[0xb73, [0xff9, [0x1170, [0x1188, nil]]]]
0x1339_0x0S0x1170S0xff9S0xb73S0x75b	[0xb73, [0xff9, [0x1170, [0x1188, nil]]]]
0x1361S0x1170S0xff9S0xb73S0x75b	[0xb73, [0xff9, [0x1170, [0x1188, nil]]]]
0x1363S0x1170S0xff9S0xb73S0x75b	[0xb73, [0xff9, [0x1170, [0x1188, nil]]]]
0x1364S0x1170S0xff9S0xb73S0x75b	[0xb73, [0xff9, [0x1170, [0x1188, nil]]]]
0x1367S0x1170S0xff9S0xb73S0x75b	[0xb73, [0xff9, [0x1170, [0x1188, nil]]]]
0x1369S0x1170S0xff9S0xb73S0x75b	[0xb73, [0xff9, [0x1170, [0x1188, nil]]]]
0x136aS0x1170S0xff9S0xb73S0x75b	[0xb73, [0xff9, [0x1170, [0x1188, nil]]]]
0x136dS0x1170S0xff9S0xb73S0x75b	[0xb73, [0xff9, [0x1170, [0x1188, nil]]]]
0x136eS0x1170S0xff9S0xb73S0x75b	[0xb73, [0xff9, [0x1170, [0x1188, nil]]]]
0x136fS0x1170S0xff9S0xb73S0x75b	[0xb73, [0xff9, [0x1170, [0x1188, nil]]]]
0x1370S0x1170S0xff9S0xb73S0x75b	[0xb73, [0xff9, [0x1170, [0x1188, nil]]]]
0x1373S0x1170S0xff9S0xb73S0x75b	[0xb73, [0xff9, [0x1170, [0x1188, nil]]]]
0x1375S0x1170S0xff9S0xb73S0x75b	[0xb73, [0xff9, [0x1170, [0x1188, nil]]]]
0x10c	nil
0x74c	nil
0x75a	nil
0xed3	nil
0x5a	nil
0xce	nil
0xee	nil
0x14f	nil
0x1a5	nil
0x2f1	nil
0x2fb	nil
0x369	nil
0x387	nil
0x409	nil
0x413	nil
0x809	nil
0x80e	nil
0x82c	nil
0x9f5	nil
0xa02	nil
0xa29	nil
0xa41	nil
0xa8a	nil
0xaa2	nil
0xc2b	nil
0xf32	nil
0x1a7	nil
0x2f3	nil
0xb	nil
0x2a	nil
0x9e	nil
0x13d	nil
0x175	nil
0x1b9	nil
0x1d6	nil
0x1e8	nil
0x20a	nil
0x26a	nil
0x27c	nil
0x29e	nil
0x339	nil
0x4eb	nil
0x545	nil
0x554	nil
0x56f	nil
0x58c	nil
0x5e3	nil
0x5f2	nil
0x665	nil
0x674	nil
0x68f	nil
0x6b7	nil
0x6c4	nil
0x824	nil
0x833	nil
0x848	nil
0x8b3	nil
0x8f2	nil
0x94c	nil
0x9c6	nil
0x9d3	nil
0x9e7	nil
0xa0a	nil
0xc61	nil
0xcba	nil
0xd6f	nil
0x150c	nil
0x150e	nil
0x1510	nil
0x1512	nil
0x1514	nil
0x1516	nil
0x1518	nil
0x151a	nil
0x151c	nil
0xe6	nil
0x104	nil
0x163	nil
0x327	nil
0x37f	nil
0x3b3	nil
0x8c	nil
0xa2	nil
0x179	nil
0x1bd	nil
0x1da	nil
0x1ec	nil
0x20e	nil
0x26e	nil
0x280	nil
0x2a2	nil
0x33d	nil
0x549	nil
0x55d	nil
0x573	nil
0x5e7	nil
0x5fb	nil
0x669	nil
0x67d	nil
0x693	nil
0x898	nil
0x942	nil
0x9b9	nil
0xcb1	nil
0xd27	nil
0xdbf	nil
0x14e6	nil
0x150a	nil
0x88a	nil
0x934	nil
0xca3	nil
0xdb1	nil
0x236	nil
0x2ca	nil
0xd8	nil
0xf6	nil
0x11a	nil
0x120	nil
0x145	nil
0x222	nil
0x22a	nil
0x23c	nil
0x2b6	nil
0x2be	nil
0x2d0	nil
0x319	nil
0x371	nil
0x3a5	nil
0x3e9	nil
0x3ef	nil
0x52d	nil
0x5cb	nil
0x62f	nil
0x64c	nil
0x6ca	nil
0x731	nil
0x737	nil
0x7c9	nil
0x7e5	nil
0x7eb	nil
0x86e	nil
0x87b	nil
0x87f	nil
0x918	nil
0x925	nil
0x929	nil
0x972	nil
0x97f	nil
0x983	nil
0x9aa	nil
0xa77	nil
0xa7d	nil
0xc87	nil
0xc94	nil
0xc98	nil
0xce0	nil
0xced	nil
0xcf1	nil
0xd18	nil
0xd5d	nil
0xd63	nil
0xd95	nil
0xda2	nil
0xda6	nil
0xdd9	nil
0xe58	nil
0xe5e	nil
0xeaf	nil
0xeb5	nil
0xf1a	nil
0xf20	nil
0x8cd	nil
0x8e7	nil
0xa23	nil
0xdcd	nil
0xe22	nil
0xe7a	nil
0xebe	nil
0xed9	nil
0x7fb	nil
0xf2f	nil
0x559	nil
0x5f7	nil
0x679	nil
0x787	nil
0x151f	nil
0x1522	nil
0x1525	nil
0x1528	nil
0x152b	nil
0x152e	nil
0x1531	nil
0x1534	nil
0x1537	nil
0x6c5	nil
0x9d4	nil
0x9e8	nil
0xab5S0x6c6	[0xaa3, nil]
0xb1dS0x6c6	[0xaa3, nil]
0xb0fS0x6c6	[0xaa3, nil]
0xaf3S0x6c6	[0xaa3, nil]
0xb00S0x6c6	[0xaa3, nil]
0xb04S0x6c6	[0xaa3, nil]
0xac6S0x6c6	[0xaa3, nil]
0xaadS0x6c6	[0xaa3, nil]
0xac5S0x6c6	[0xaa3, nil]
0xb28S0x6c6	[0xaa3, nil]
0xacdS0x6c6	[0xaa3, nil]
0xf64S0x74d	[0xb29, nil]
0xf71S0x74d	[0xb29, nil]
0xf77S0x74d	[0xb29, nil]
0xfeaS0x74d	[0xb29, nil]
0xb6aS0x74d	[0xb29, nil]
0xb3aS0x74d	[0xb29, nil]
0xb3fS0x74d	[0xb29, nil]
0xb65S0x74d	[0xb29, nil]
0xb72S0x74d	[0xb29, nil]
0xf3eS0x74d	[0xb29, nil]
0xfe9S0x74d	[0xb29, nil]
0xfb7S0x74d	[0xb29, nil]
0xf91S0x74d	[0xb29, nil]
0xfdeS0x74d	[0xb29, nil]
0xff8S0x74d	[0xb29, nil]
0xfa3S0x74d	[0xb29, nil]
0xf99S0x74d	[0xb29, nil]
0xfcbS0x74d	[0xb29, nil]
0x1165S0xdc0	[0x10e8, nil]
0x111eS0xdc0	[0x10e8, nil]
0x112bS0xdc0	[0x10e8, nil]
0x112fS0xdc0	[0x10e8, nil]
0x1156S0xdc0	[0x10e8, nil]
0x10f8S0xdc0	[0x10e8, nil]
0x116fS0xdc0	[0x10e8, nil]
0x447S0x105	[0x414, nil]
0x43dS0x105	[0x414, nil]
0x42aS0x105	[0x414, nil]
0x431S0x105	[0x414, nil]
0x4a1S0x105	[0x414, nil]
0x497S0x105	[0x414, nil]
0x488S0x105	[0x414, nil]
0xba1S0x75b	[0xb73, nil]
0xba7S0x75b	[0xb73, nil]
0xbb9S0x75b	[0xb73, nil]
0xbbdS0x75b	[0xb73, nil]
0xc07S0x75b	[0xb73, nil]
0xc0fS0x75b	[0xb73, nil]
0xc14S0x75b	[0xb73, nil]
0x107bS0xb73S0x75b	[0xb73, [0xff9, nil]]
0x10e1S0xb73S0x75b	[0xb73, [0xff9, nil]]
0x10d3S0xb73S0x75b	[0xb73, [0xff9, nil]]
0x10b7S0xb73S0x75b	[0xb73, [0xff9, nil]]
0x10c4S0xb73S0x75b	[0xb73, [0xff9, nil]]
0x10c8S0xb73S0x75b	[0xb73, [0xff9, nil]]
0x105aS0xb73S0x75b	[0xb73, [0xff9, nil]]
0x1009S0xb73S0x75b	[0xb73, [0xff9, nil]]
0x100eS0xb73S0x75b	[0xb73, [0xff9, nil]]
0x1034S0xb73S0x75b	[0xb73, [0xff9, nil]]
0x1067S0xb73S0x75b	[0xb73, [0xff9, nil]]
0x10e7S0xb73S0x75b	[0xb73, [0xff9, nil]]
0x1091S0xb73S0x75b	[0xb73, [0xff9, nil]]
0x1077S0xb73S0x75b	[0xb73, [0xff9, nil]]
0x117eS0xff9S0xb73S0x75b	[0xb73, [0xff9, [0x1170, nil]]]
0x1187S0xff9S0xb73S0x75b	[0xb73, [0xff9, [0x1170, nil]]]
0x1204S0x1170S0xff9S0xb73S0x75b	[0xb73, [0xff9, [0x1170, [0x1188, nil]]]]
0x11bdS0x1170S0xff9S0xb73S0x75b	[0xb73, [0xff9, [0x1170, [0x1188, nil]]]]
0x11caS0x1170S0xff9S0xb73S0x75b	[0xb73, [0xff9, [0x1170, [0x1188, nil]]]]
0x11ceS0x1170S0xff9S0xb73S0x75b	[0xb73, [0xff9, [0x1170, [0x1188, nil]]]]
0x11f5S0x1170S0xff9S0xb73S0x75b	[0xb73, [0xff9, [0x1170, [0x1188, nil]]]]
0x12b6S0x1170S0xff9S0xb73S0x75b	[0xb73, [0xff9, [0x1170, [0x1188, nil]]]]
0x12a7S0x1170S0xff9S0xb73S0x75b	[0xb73, [0xff9, [0x1170, [0x1188, nil]]]]
0x12aaS0x1170S0xff9S0xb73S0x75b	[0xb73, [0xff9, [0x1170, [0x1188, nil]]]]
0x12b2S0x1170S0xff9S0xb73S0x75b	[0xb73, [0xff9, [0x1170, [0x1188, nil]]]]
0x1192S0x1170S0xff9S0xb73S0x75b	[0xb73, [0xff9, [0x1170, [0x1188, nil]]]]
0x1197S0x1170S0xff9S0xb73S0x75b	[0xb73, [0xff9, [0x1170, [0x1188, nil]]]]
0x13a0S0x1170S0xff9S0xb73S0x75b	[0xb73, [0xff9, [0x1170, [0x1188, nil]]]]
0x1295S0x1170S0xff9S0xb73S0x75b	[0xb73, [0xff9, [0x1170, [0x1188, nil]]]]
0x126eS0x1170S0xff9S0xb73S0x75b	[0xb73, [0xff9, [0x1170, [0x1188, nil]]]]
0x123aS0x1170S0xff9S0xb73S0x75b	[0xb73, [0xff9, [0x1170, [0x1188, nil]]]]
0x12c7S0x1170S0xff9S0xb73S0x75b	[0xb73, [0xff9, [0x1170, [0x1188, nil]]]]
0x12dbS0x1170S0xff9S0xb73S0x75b	[0xb73, [0xff9, [0x1170, [0x1188, nil]]]]
0x138dS0x1170S0xff9S0xb73S0x75b	[0xb73, [0xff9, [0x1170, [0x1188, nil]]]]
0x130bS0x1170S0xff9S0xb73S0x75b	[0xb73, [0xff9, [0x1170, [0x1188, nil]]]]
0x1318S0x1170S0xff9S0xb73S0x75b	[0xb73, [0xff9, [0x1170, [0x1188, nil]]]]
0x131eS0x1170S0xff9S0xb73S0x75b	[0xb73, [0xff9, [0x1170, [0x1188, nil]]]]
0x135eS0x1170S0xff9S0xb73S0x75b	[0xb73, [0xff9, [0x1170, [0x1188, nil]]]]
0x1338S0x1170S0xff9S0xb73S0x75b	[0xb73, [0xff9, [0x1170, [0x1188, nil]]]]
0x1385S0x1170S0xff9S0xb73S0x75b	[0xb73, [0xff9, [0x1170, [0x1188, nil]]]]
0x1254S0x1170S0xff9S0xb73S0x75b	[0xb73, [0xff9, [0x1170, [0x1188, nil]]]]
0x123eS0x1170S0xff9S0xb73S0x75b	[0xb73, [0xff9, [0x1170, [0x1188, nil]]]]
0x12d0S0x1170S0xff9S0xb73S0x75b	[0xb73, [0xff9, [0x1170, [0x1188, nil]]]]
0x12e3S0x1170S0xff9S0xb73S0x75b	[0xb73, [0xff9, [0x1170, [0x1188, nil]]]]
0x134aS0x1170S0xff9S0xb73S0x75b	[0xb73, [0xff9, [0x1170, [0x1188, nil]]]]
0x1340S0x1170S0xff9S0xb73S0x75b	[0xb73, [0xff9, [0x1170, [0x1188, nil]]]]
0x1372S0x1170S0xff9S0xb73S0x75b	[0xb73, [0xff9, [0x1170, [0x1188, nil]]]]
