0x435d	0x4953	0x30	0x30
