0x3350x197
0x3350x233
0x44f0x35c
0x44f0x4f2
