0x0
0x4
0x2
0x5
0x7
0x8
0xd
0x12
0x30
0x32
0x33
0x34
0x35
0x3b
0x41
0x46
0x4c
0x51
0x57
0x5c
0x62
0x67
0x6d
0x72
0x78
0x7d
0x83
0x88
0x8e
0x93
0x99
0x9e
0xa4
0xa9
0xaf
0xb4
0xba
0xbf
0xc5
0xca
0xd0
0xd5
0xdb
0xe0
0xe6
0xeb
0xed
0xee
0xf2
0xf8
0xfb
0x112
0x114
0x115
0x119
0x11f
0x122
0x127
0x12a
0x12b
0x136
0x13b
0x13c
0x13f
0x142
0x145
0x148
0x14c
0x14d
0x14f
0x153
0x155
0x156
0x15a
0x160
0x163
0x17c
0x17e
0x17f
0x183
0x189
0x18c
0x18e
0x190
0x192
0x193
0x194
0x196
0x197
0x198
0x19f
0x1a1
0x1a2
0x1a6
0x1ac
0x1af
0x1b1
0x1b3
0x1b5
0x1b6
0x1b7
0x1b9
0x1ba
0x1bb
0x1c0
0x1c2
0x1c3
0x1c7
0x1cd
0x1d0
0x1d3
0x1d5
0x1d8
0x1db
0x1dd
0x1de
0x1df
0x1e1
0x1e3
0x1e5
0x1e6
0x1e7
0x1e9
0x1ea
0x1eb
0x1f0
0x1f2
0x1f3
0x1f7
0x1fd
0x200
0x205
0x208
0x209
0x20f
0x212
0x215
0x21c
0x220
0x222
0x226
0x22b
0x22c
0x22d
0x233
0x234
0x237
0x239
0x23b
0x23c
0x247
0x24c
0x24e
0x251
0x255
0x257
0x258
0x25c
0x262
0x265
0x267
0x268
0x26d
0x26f
0x270
0x274
0x27a
0x27d
0x282
0x284
0x285
0x289
0x28f
0x292
0x294
0x296
0x298
0x299
0x29a
0x29c
0x29d
0x29e
0x2bf
0x2c1
0x2c2
0x2c6
0x2cc
0x2cf
0x2d4
0x2d6
0x2d7
0x2db
0x2e1
0x2e4
0x2e6
0x2e8
0x2ea
0x2eb
0x2ec
0x2ee
0x2ef
0x2f0
0x2f5
0x2f7
0x2f8
0x2fc
0x302
0x305
0x30a
0x30c
0x30d
0x311
0x317
0x31a
0x31f
0x321
0x322
0x326
0x32c
0x32f
0x331
0x333
0x335
0x336
0x337
0x339
0x33a
0x33b
0x340
0x342
0x343
0x347
0x34d
0x350
0x352
0x354
0x356
0x357
0x358
0x35a
0x35b
0x35c
0x3af
0x3b1
0x3b3
0x40b
0x40e
0x413
0x415
0x417
0x419
0x41a
0x41b
0x41c
0x41d
0x41e
0x422
0x427
0x42b
0x430
0x432
0x433
0x435
0x437
0x439
0x43a
0x43c
0x43e
0x460
0x467
0x46a
0x46f
0x471
0x473
0x475
0x476
0x477
0x478
0x479
0x47a
0x47e
0x483
0x487
0x48c
0x48e
0x48f
0x491
0x493
0x495
0x496
0x498
0x49a
0x4bc
0x9c7
0x9ca
0x9cf
0x9d1
0x9d3
0x9d5
0x9d6
0x9d7
0x9d8
0x9d9
0x9da
0x9de
0x9e4
0x9e7
0x9ec
0x9ed
0x9ee
0x9f2
0x9f8
0x9f9
0x9fa
0x9fe
0xa03
0xa24
0xa29
0xa2e
0xa52
0xa55
0xa5a
0xa5b
0xa80
0xa83
0xad7
0xad9
0xadb
0xade
0xae0
0xae1
0xae3
0xae6
0xb0a
0xb0c
0xb0e
0xb10
0xb12
0xb14
0xb15
0xb16
0xb17
0xb19
0xb1b
0xb1d
0xb1e
0xb1f
0xb20
0xb2e
0xb31
0xb33
0xb37
0xb39
0xb3a
0xb3e
0xb3f
0xb43
0xb46
0xb48
0xb4c
0xb4e
0xb50
0xb56
0xb59
0xb5a
0xb5f
0xb62
0xb64
0xb67
0xb69
0xb6d
0xb6f
0xb70
0xb75
0xb77
0xb78
0xb7c
0xb7d
0xb80
0xb81
0xb83
0xb84
0xb86
0xb89
0xb8b
0xb8c
0xb8f
0xb92
0xb96
0xb99
0xb9c
0xba0
0xba8
0xba9
0xbab
0xbac
0xbad
0xbaf
0xbb1
0xbb3
0xbb4
0xbb5
0xcbe
0xcdf
0xce4
0xce7
0xd08
0xd0c
0xd0e
0xd10
0xd12
0xd13
0xd3f
0xd41
0xd43
0xd45
0xd47
0xd48
0xd4b
0xd4c
0xd4e
0xd50
0xf3f
0xf41
0xf43
0xf45
0xf46
0xf48
0xf49
0xf4a
0xf4b
0xf4f
0xf54
0xf75
0xf78
0xf7d
0xf80
0xf81
0xf83
0xf85
0xf87
0xf88
0xf8b
0xf90
0xf91
0xf94
0xf97
0xf9b
0xf9c
0xf9f
0xfc0
0xfc3
0xfc5
0xfc8
0xfea
0xfeb
0x1000
0x1001
0x1002
0x1004
0x1006
0x1008
0x1009
0x100d
0x1011
0x1017
0x1019
0x101c
0x101e
0x101f
0x1021
0x1024
0x1048
0x104a
0x104c
0x104e
0x1050
0x1052
0x1053
0x1054
0x1055
0x1057
0x1059
0x105b
0x105c
0x105d
0x105e
0x106c
0x106f
0x1071
0x1075
0x1077
0x1078
0x107c
0x107d
0x1081
0x1084
0x1086
0x108a
0x108c
0x108e
0x1346
0x1349
0x134d
0x1351
0x1352
0x1354
0x1377
0x137a
0x137c
0x137d
0x1380
0x1384
0x1385
0x1387
0x13ec
0x13ef
0x13f1
0x13f2
0x13f5
0x13f9
0x13fa
0x13fc
0x1440
0x1443
0x1447
0x144b
0x144c
0x144e
0x1471
0x1474
0x1475
0x1477
0x1479
0x147b
0x147c
0x147f
0x1482
0x1486
0x1487
0x1489
0x14ac
0x14af
0x14b0
0x14b2
0x14b4
0x14b6
0x14b7
0x14ba
0x14bd
0x14c1
0x14c2
0x14c4
0x14e7
0x14ea
0x14ec
0x14ed
0x14f0
0x14f4
0x14f5
0x14f7
0x151a
0x151d
0x1521
0x1525
0x1526
0x1528
0x154b
0x154e
0x154f
0x1551
0x1553
0x1555
0x1556
0x1559
0x155c
0x1560
0x1561
0x1563
0x15a7
0x15aa
0x15ac
0x15ad
0x15b0
0x15b4
0x15b5
0x15b7
0x16b8
0x16ba
0x16bc
0x16be
0x16c0
0x16c2
0x16c4
0x16c6
0x16c8
0x16ca
0x16cc
0x16ce
0x16d0
0x16d2
0x16d4
0x16d6
0x16d8
0x16db
0x16de
0x16e1
0x16e4
0x16e7
0x16ea
0x16ed
0x16f0
0x16f3
0x16f6
0x16f9
0x16fc
0x16ff
0x1702
0x1705
0x1708
0x170b
0x2a1
0x35f
0xd5e0xd3e
0x10ae0x1015
0x10980x1015
0xd570xd3e
0x228_0x0
0x231_0x0
0xb55_0x2
0xb5e_0x0
0xb5e_0x1
0xb5e_0x2
0xb74_0x0
0xb74_0x1
0xb74_0x2
0x10930x1015_0x2
0x109c0x1015_0x0
0x109c0x1015_0x1
0x109c0x1015_0x2
0x10b20x1015_0x0
0x10b20x1015_0x1
0x10b20x1015_0x2
0x11120x1015
0x110e0x1015
0x110a0x1015
0x11090x1015
0x11070x1015
0x11050x1015
0x11030x1015
0x11020x1015
0x11010x1015
0x10ec0x1015
0x10eb0x1015
0x10e90x1015
0x10e70x1015
0x10e60x1015
0x10de0x1015
0x10da0x1015
0x10d70x1015
0x10d40x1015
0x10d00x1015
0x10cd0x1015
0x10ca0x1015
0x10c90x1015
0x10c70x1015
0x10c40x1015
0x10c20x1015
0x10c10x1015
0x10bf0x1015
0x10be0x1015
0x10bb0x1015
0x10ba0x1015
0x10b60x1015
0x10b50x1015
0x10b30x1015
0x10ad0x1015
0x10ab0x1015
0x10a70x1015
0x10a50x1015
0x10a20x1015
0x10a00x1015
0x109d0x1015
0x10970x1015
0x10940x1015
0xd6a0xd3e
0xd690xd3e
0xd680xd3e
0xd670xd3e
0xd660xd3e
0xd640xd3e
0xd620xd3e
0xd600xd3e
0xd5b0xd3e
0xd550xd3e
0x361S0xf6
0x382S0xf6
0x387S0xf6
0x38aS0xf6
0x3abS0xf6
0x3baS0x15e
0x3dbS0x15e
0x3deS0x15e
0x3e0S0x15e
0x3e3S0x15e
0x404S0x15e
0x405S0x15e
0x407S0x15e
0xbbfS0x40a
0xbe0S0x40a
0xbe3S0x40a
0xbe5S0x40a
0xbe8S0x40a
0xc09S0x40a
0xc0aS0x40a
0xc0cS0x40a
0xc0eS0x40a
0xc10S0x40a
0xc11S0x40a
0xc12S0x40a
0xbbfS0x466
0xbe0S0x466
0xbe3S0x466
0xbe5S0x466
0xbe8S0x466
0xc09S0x466
0xc0aS0x466
0xc0cS0x466
0xc0eS0x466
0xc10S0x466
0xc11S0x466
0xc12S0x466
0xbbfS0x9c6
0xbe0S0x9c6
0xbe3S0x9c6
0xbe5S0x9c6
0xbe8S0x9c6
0xc09S0x9c6
0xc0aS0x9c6
0xc0cS0x9c6
0xc0eS0x9c6
0xc10S0x9c6
0xc11S0x9c6
0xc12S0x9c6
0xa89S0x278
0xaaaS0x278
0xaafS0x278
0xab2S0x278
0xad3S0x278
0xbbfS0x2ca
0xbe0S0x2ca
0xbe3S0x2ca
0xbe5S0x2ca
0xbe8S0x2ca
0xc09S0x2ca
0xc0aS0x2ca
0xc0cS0x2ca
0xc0eS0x2ca
0xc10S0x2ca
0xc11S0x2ca
0xc12S0x2ca
0x361S0x9e2
0x382S0x9e2
0x387S0x9e2
0x38aS0x9e2
0x3abS0x9e2
0xbbfS0xf53
0xbe0S0xf53
0xbe3S0xf53
0xbe5S0xf53
0xbe8S0xf53
0xc09S0xf53
0xc0aS0xf53
0xc0cS0xf53
0xc0eS0xf53
0xc10S0xf53
0xc11S0xf53
0xc12S0xf53
0x5e2S0x1cb
0x5f1S0x1cb
0x5f2S0x1cb
0x5f6S0x1cb
0x5f7S0x1cb
0x60cS0x1cb
0x62fS0x1cb
0x641S0x1cb
0x656S0x1cb
0x663S0x1cb
0x674S0x1cb
0x67bS0x1cb
0x67cS0x1cb
0x674_0x0S0x1cb
0x6daS0x1cb
0x708S0x1cb
0x714S0x1cb
0x717S0x1cb
0x719S0x1cb
0x71bS0x1cb
0x71dS0x1cb
0x71eS0x1cb
0x724S0x1cb
0x725S0x1cb
0x714_0x0S0x1cb
0x749S0x1cb
0x751S0x1cb
0x752S0x1cb
0x749_0x0S0x1cb
0x786S0x1cb
0x78bS0x1cb
0x78dS0x1cb
0x78fS0x1cb
0x792S0x1cb
0x793S0x1cb
0x786_0x0S0x1cb
0x4c3S0x1cb
0x4c6S0x1cb
0x4c7S0x1cb
0x4cbS0x1cb
0x4ceS0x1cb
0x4d1S0x1cb
0x4d4S0x1cb
0x4d6S0x1cb
0x4d7S0x1cb
0x4f4S0x1cb
0x4f5S0x1cb
0x516S0x1cb
0x51aS0x1cb
0x51cS0x1cb
0x51dS0x1cb
0x522S0x1cb
0x54fS0x1cb
0x551S0x1cb
0x553S0x1cb
0x555S0x1cb
0x556S0x1cb
0x531S0x1cb
0x532S0x1cb
0x533S0x1cb
0x52e_0x0S0x1cb
0x578S0x1cb
0x57aS0x1cb
0x57cS0x1cb
0x57fS0x1cb
0x581S0x1cb
0x584S0x1cb
0x585S0x1cb
0x589S0x1cb
0x58bS0x1cb
0x573_0x1S0x1cb
0x620S0x1cb
0x61e_0x0S0x1cb
0x5e8S0x1cb
0x5e9S0x1cb
0x5eaS0x1cb
0x5ecS0x1cb
0x5edS0x1cb
0x5ffS0x1cb
0x601S0x1cb
0x602S0x1cb
0x603S0x1cb
0x606S0x1cb
0x607S0x1cb
0x608S0x1cb
0x612S0x1cb
0x613S0x1cb
0x615S0x1cb
0x617S0x1cb
0x619S0x1cb
0x61aS0x1cb
0x61bS0x1cb
0x61cS0x1cb
0x61dS0x1cb
0x629S0x1cb
0x62aS0x1cb
0x62bS0x1cb
0x628_0x0S0x1cb
0x634S0x1cb
0x637S0x1cb
0x63cS0x1cb
0x63dS0x1cb
0x646S0x1cb
0x64aS0x1cb
0x650S0x1cb
0x651S0x1cb
0x652S0x1cb
0x65dS0x1cb
0x65eS0x1cb
0x65fS0x1cb
0x669S0x1cb
0x832S0x1cb
0x836S0x1cb
0x684S0x1cb
0x686S0x1cb
0x687S0x1cb
0x688S0x1cb
0x689S0x1cb
0x68bS0x1cb
0x68dS0x1cb
0x68fS0x1cb
0x690S0x1cb
0x691S0x1cb
0x692S0x1cb
0x694S0x1cb
0x696S0x1cb
0x698S0x1cb
0x699S0x1cb
0x69aS0x1cb
0x69bS0x1cb
0x69cS0x1cb
0x69eS0x1cb
0x69fS0x1cb
0x681_0x0S0x1cb
0x6d4S0x1cb
0x6d5S0x1cb
0x6d6S0x1cb
0x6d3_0x0S0x1cb
0x6baS0x1cb
0x6bcS0x1cb
0x6bdS0x1cb
0x6beS0x1cb
0x6bfS0x1cb
0x6c1S0x1cb
0x6c3S0x1cb
0x6c5S0x1cb
0x6c6S0x1cb
0x6c7S0x1cb
0x6c8S0x1cb
0x6caS0x1cb
0x6ccS0x1cb
0x6ceS0x1cb
0x6cfS0x1cb
0x6d0S0x1cb
0x6d1S0x1cb
0x6d2S0x1cb
0x6b7_0x0S0x1cb
0x6dfS0x1cb
0x6e7S0x1cb
0x6e8S0x1cb
0x6de_0x0S0x1cb
0x703S0x1cb
0x704S0x1cb
0x702_0x0S0x1cb
0x6f0S0x1cb
0x6f2S0x1cb
0x6f3S0x1cb
0x6f4S0x1cb
0x6f5S0x1cb
0x6f7S0x1cb
0x6f9S0x1cb
0x6fbS0x1cb
0x6fcS0x1cb
0x6fdS0x1cb
0x6feS0x1cb
0x6ed_0x0S0x1cb
0x70eS0x1cb
0x70fS0x1cb
0x710S0x1cb
0x70c_0x0S0x1cb
0x77aS0x1cb
0x77cS0x1cb
0x77eS0x1cb
0x780S0x1cb
0x781S0x1cb
0x782S0x1cb
0x779_0x0S0x1cb
0x740S0x1cb
0x743S0x1cb
0x744S0x1cb
0x745S0x1cb
0x72dS0x1cb
0x72fS0x1cb
0x730S0x1cb
0x731S0x1cb
0x732S0x1cb
0x734S0x1cb
0x736S0x1cb
0x738S0x1cb
0x739S0x1cb
0x73aS0x1cb
0x73bS0x1cb
0x72a_0x0S0x1cb
0x15daS0x1cb
0x15feS0x1cb
0x75aS0x1cb
0x75cS0x1cb
0x75dS0x1cb
0x75eS0x1cb
0x75fS0x1cb
0x761S0x1cb
0x763S0x1cb
0x765S0x1cb
0x766S0x1cb
0x767S0x1cb
0x768S0x1cb
0x76aS0x1cb
0x76cS0x1cb
0x76eS0x1cb
0x76fS0x1cb
0x770S0x1cb
0x757_0x0S0x1cb
0x7c6S0x1cb
0x7cbS0x1cb
0x7cdS0x1cb
0x7cfS0x1cb
0x7d2S0x1cb
0x7d3S0x1cb
0x7c5_0x0S0x1cb
0x7b7S0x1cb
0x7bfS0x1cb
0x7c0S0x1cb
0x7b6_0x0S0x1cb
0x79bS0x1cb
0x79dS0x1cb
0x79eS0x1cb
0x79fS0x1cb
0x7a0S0x1cb
0x7a2S0x1cb
0x7a4S0x1cb
0x7a6S0x1cb
0x7a7S0x1cb
0x7a8S0x1cb
0x7aeS0x1cb
0x7afS0x1cb
0x7b0S0x1cb
0x7b1S0x1cb
0x798_0x0S0x1cb
0x798_0x4S0x1cb
0x1622S0x1cb
0x7deS0x1cb
0x7dfS0x1cb
0x7d8_0x0S0x1cb
0x7e7S0x1cb
0x7e9S0x1cb
0x7eaS0x1cb
0x7ebS0x1cb
0x7ecS0x1cb
0x7eeS0x1cb
0x7f0S0x1cb
0x7f2S0x1cb
0x7f3S0x1cb
0x7f4S0x1cb
0x7f5S0x1cb
0x7f7S0x1cb
0x7f9S0x1cb
0x7fbS0x1cb
0x7fcS0x1cb
0x7fdS0x1cb
0x7feS0x1cb
0x81fS0x1cb
0x821S0x1cb
0x822S0x1cb
0x824S0x1cb
0x827S0x1cb
0x82aS0x1cb
0x82cS0x1cb
0x82dS0x1cb
0x7e4_0x0S0x1cb
0x7e4_0x3S0x1cb
0x66eS0x1cb
0x66fS0x1cb
0x670S0x1cb
0x66b_0x0S0x1cb
0x83bS0x1cb
0x83dS0x1cb
0x842S0x1cb
0x866S0x1cb
0x889S0x1cb
0x88aS0x1cb
0x8acS0x1cb
0x8afS0x1cb
0x8b4S0x1cb
0x8b7S0x1cb
0x8bcS0x1cb
0x8bdS0x1cb
0x8e1S0x1cb
0x8e2S0x1cb
0x8e4S0x1cb
0x8e7S0x1cb
0x8eaS0x1cb
0x1178S0x1cb
0x1199S0x1cb
0x119cS0x1cb
0x119eS0x1cb
0x11a1S0x1cb
0x11c3S0x1cb
0x11c4S0x1cb
0x11c6S0x1cb
0x11c7S0x1cb
0x11c8S0x1cb
0x11caS0x1cb
0x539S0x1cb
0x53aS0x1cb
0x53dS0x1cb
0x53fS0x1cb
0x541S0x1cb
0x542S0x1cb
0x537_0x0S0x1cb
0x55cS0x1cb
0x55eS0x1cb
0x55fS0x1cb
0x562S0x1cb
0x564S0x1cb
0x565S0x1cb
0x568S0x1cb
0x569S0x1cb
0x56aS0x1cb
0x56bS0x1cb
0x56eS0x1cb
0x570S0x1cb
0x590S0x1cb
0x591S0x1cb
0x593S0x1cb
0x595S0x1cb
0x597S0x1cb
0x598S0x1cb
0x599S0x1cb
0x59aS0x1cb
0x59fS0x1cb
0x5a1S0x1cb
0x5a3S0x1cb
0x5a8S0x1cb
0x5a9S0x1cb
0x5c7S0x1cb
0x5caS0x1cb
0x5ccS0x1cb
0x5cdS0x1cb
0x5cfS0x1cb
0x5d1S0x1cb
0x5d4S0x1cb
0x5d6S0x1cb
0x5daS0x1cb
0x5dbS0x1cb
0x5ddS0x1cb
0x5deS0x1cb
0x625S0x1cb
0x626S0x1cb
0x627S0x1cb
0x6a4S0x1cb
0x6a6S0x1cb
0x6a8S0x1cb
0x6aaS0x1cb
0x6abS0x1cb
0x6b1S0x1cb
0x6b2S0x1cb
0x6a3_0x1S0x1cb
0xd5e0x4c2S0x1cb
0xd570x4c2S0x1cb
0xd5b0x4c2S0x1cb
0xd550x4c2S0x1cb
0x10ae0x4c2S0x1cb
0x109c0x4c2_0x0S0x1cb
0x109c0x4c2_0x1S0x1cb
0x109c0x4c2_0x2S0x1cb
0x10ad0x4c2S0x1cb
0x10ab0x4c2S0x1cb
0x10a70x4c2S0x1cb
0x10a50x4c2S0x1cb
0x10a20x4c2S0x1cb
0x10a00x4c2S0x1cb
0x109d0x4c2S0x1cb
0x10980x4c2S0x1cb
0x10930x4c2_0x2S0x1cb
0x10970x4c2S0x1cb
0x10940x4c2S0x1cb
0xd500x4c2S0x1cb
0xd4e0x4c2S0x1cb
0xd4c0x4c2S0x1cb
0xd4b0x4c2S0x1cb
0xd480x4c2S0x1cb
0xd470x4c2S0x1cb
0xd450x4c2S0x1cb
0xd430x4c2S0x1cb
0xd410x4c2S0x1cb
0xd3f0x4c2S0x1cb
0x10150x4c2_0x1S0x1cb
0x108e0x4c2S0x1cb
0x108c0x4c2S0x1cb
0x108a0x4c2S0x1cb
0x10860x4c2S0x1cb
0x10840x4c2S0x1cb
0x10810x4c2S0x1cb
0x107d0x4c2S0x1cb
0x107c0x4c2S0x1cb
0x10780x4c2S0x1cb
0x10770x4c2S0x1cb
0x10750x4c2S0x1cb
0x10710x4c2S0x1cb
0x106f0x4c2S0x1cb
0x106c0x4c2S0x1cb
0x105e0x4c2S0x1cb
0x105d0x4c2S0x1cb
0x105c0x4c2S0x1cb
0x105b0x4c2S0x1cb
0x10590x4c2S0x1cb
0x10570x4c2S0x1cb
0x10550x4c2S0x1cb
0x10540x4c2S0x1cb
0x10530x4c2S0x1cb
0x10520x4c2S0x1cb
0x10500x4c2S0x1cb
0x104e0x4c2S0x1cb
0x104c0x4c2S0x1cb
0x104a0x4c2S0x1cb
0x10480x4c2S0x1cb
0x10240x4c2S0x1cb
0x10210x4c2S0x1cb
0x101f0x4c2S0x1cb
0x101e0x4c2S0x1cb
0x101c0x4c2S0x1cb
0x10190x4c2S0x1cb
0x10170x4c2S0x1cb
0x10b20x4c2_0x0S0x1cb
0x10b20x4c2_0x1S0x1cb
0x10b20x4c2_0x2S0x1cb
0x10b20x4c2_0xaS0x1cb
0x10b20x4c2_0xdS0x1cb
0x11120x4c2S0x1cb
0x110e0x4c2S0x1cb
0x110a0x4c2S0x1cb
0x11090x4c2S0x1cb
0x11070x4c2S0x1cb
0x11050x4c2S0x1cb
0x11030x4c2S0x1cb
0x11020x4c2S0x1cb
0x11010x4c2S0x1cb
0x10ec0x4c2S0x1cb
0x10eb0x4c2S0x1cb
0x10e90x4c2S0x1cb
0x10e70x4c2S0x1cb
0x10e60x4c2S0x1cb
0x10de0x4c2S0x1cb
0x10da0x4c2S0x1cb
0x10d70x4c2S0x1cb
0x10d40x4c2S0x1cb
0x10d00x4c2S0x1cb
0x10cd0x4c2S0x1cb
0x10ca0x4c2S0x1cb
0x10c90x4c2S0x1cb
0x10c70x4c2S0x1cb
0x10c40x4c2S0x1cb
0x10c20x4c2S0x1cb
0x10c10x4c2S0x1cb
0x10bf0x4c2S0x1cb
0x10be0x4c2S0x1cb
0x10bb0x4c2S0x1cb
0x10ba0x4c2S0x1cb
0x10b60x4c2S0x1cb
0x10b50x4c2S0x1cb
0x10b30x4c2S0x1cb
0xd6a0x4c2S0x1cb
0xd690x4c2S0x1cb
0xd680x4c2S0x1cb
0xd670x4c2S0x1cb
0xd660x4c2S0x1cb
0xd640x4c2S0x1cb
0xd620x4c2S0x1cb
0xd600x4c2S0x1cb
0x3baS0x633S0x1cb
0x3dbS0x633S0x1cb
0x3deS0x633S0x1cb
0x3e0S0x633S0x1cb
0x3e3S0x633S0x1cb
0x404S0x633S0x1cb
0x405S0x633S0x1cb
0x407S0x633S0x1cb
0x1126S0x831S0x1cb
0x111dS0x831S0x1cb
0x1120S0x831S0x1cb
0x1121S0x831S0x1cb
0x1122S0x831S0x1cb
0x112bS0x831S0x1cb
0x114cS0x831S0x1cb
0x1151S0x831S0x1cb
0x1154S0x831S0x1cb
0x3baS0x8b3S0x1cb
0x3dbS0x8b3S0x1cb
0x3deS0x8b3S0x1cb
0x3e0S0x8b3S0x1cb
0x3e3S0x8b3S0x1cb
0x404S0x8b3S0x1cb
0x405S0x8b3S0x1cb
0x407S0x8b3S0x1cb
0x959S0x1fb
0x9b5S0x1fb
0x8f9S0x1fb
0x8fcS0x1fb
0x8ffS0x1fb
0x902S0x1fb
0x907S0x1fb
0x909S0x1fb
0x90fS0x1fb
0x911S0x1fb
0x912S0x1fb
0x914S0x1fb
0x916S0x1fb
0x917S0x1fb
0x91bS0x1fb
0x91cS0x1fb
0x933S0x1fb
0x937S0x1fb
0x93aS0x1fb
0x93cS0x1fb
0x93eS0x1fb
0x940S0x1fb
0x941S0x1fb
0x942S0x1fb
0x945S0x1fb
0x949S0x1fb
0x94bS0x1fb
0x94dS0x1fb
0x94fS0x1fb
0x950S0x1fb
0x952S0x1fb
0x953S0x1fb
0x954S0x1fb
0x955S0x1fb
0x95eS0x1fb
0x960S0x1fb
0x962S0x1fb
0x964S0x1fb
0x965S0x1fb
0x968S0x1fb
0x969S0x1fb
0x96aS0x1fb
0x95d_0x0S0x1fb
0x97dS0x1fb
0x97fS0x1fb
0x981S0x1fb
0x983S0x1fb
0x984S0x1fb
0x987S0x1fb
0x988S0x1fb
0x98cS0x1fb
0x98fS0x1fb
0x992S0x1fb
0x994S0x1fb
0x998S0x1fb
0x99bS0x1fb
0x97c_0x0S0x1fb
0x97c_0x2S0x1fb
0x97c_0x3S0x1fb
0x99dS0x1fb
0x9a1S0x1fb
0x9a5S0x1fb
0x9a7S0x1fb
0x9a9S0x1fb
0x9abS0x1fb
0x9acS0x1fb
0x9aeS0x1fb
0x9afS0x1fb
0x9b0S0x1fb
0x9b1S0x1fb
0x99c_0x2S0x1fb
0x9baS0x1fb
0x921S0x1fb
0x923S0x1fb
0x924S0x1fb
0x927S0x1fb
0x929S0x1fb
0x92cS0x1fb
0x972S0x1fb
0x974S0x1fb
0x975S0x1fb
0x976S0x1fb
0x977S0x1fb
0x96e_0x1S0x1fb
0x361S0x8f8S0x1fb
0x382S0x8f8S0x1fb
0x387S0x8f8S0x1fb
0x38aS0x8f8S0x1fb
0x3abS0x8f8S0x1fb
0xc3cS0x2df
0xca8S0x2df
0xc16S0x2df
0xc1aS0x2df
0xc1dS0x2df
0xc1fS0x2df
0xc21S0x2df
0xc23S0x2df
0xc24S0x2df
0xc25S0x2df
0xc28S0x2df
0xc2cS0x2df
0xc2eS0x2df
0xc30S0x2df
0xc32S0x2df
0xc33S0x2df
0xc35S0x2df
0xc36S0x2df
0xc37S0x2df
0xc38S0x2df
0xc41S0x2df
0xc43S0x2df
0xc45S0x2df
0xc47S0x2df
0xc48S0x2df
0xc4bS0x2df
0xc4cS0x2df
0xc4dS0x2df
0xc40_0x0S0x2df
0xcb2S0x2df
0xc87S0x2df
0xc8bS0x2df
0xc8eS0x2df
0xc86_0x0S0x2df
0xc74S0x2df
0xc76S0x2df
0xc77S0x2df
0xc78S0x2df
0xc7eS0x2df
0xc7fS0x2df
0xc82S0x2df
0xc7d_0x2S0x2df
0xcb6_0x2S0x2df
0xc90S0x2df
0xc94S0x2df
0xc98S0x2df
0xc9aS0x2df
0xc9cS0x2df
0xc9eS0x2df
0xc9fS0x2df
0xca1S0x2df
0xca2S0x2df
0xca3S0x2df
0xca4S0x2df
0xc8f_0x2S0x2df
0xcadS0x2df
0xc52S0x2df
0xc54S0x2df
0xc56S0x2df
0xc58S0x2df
0xc59S0x2df
0xc5aS0x2df
0xc5cS0x2df
0xc5eS0x2df
0xc60S0x2df
0xc62S0x2df
0xc63S0x2df
0xc64S0x2df
0xc65S0x2df
0xc66S0x2df
0xc67S0x2df
0xc51_0x0S0x2df
0xc6cS0x2df
0xc6fS0x2df
0x361S0xc6bS0x2df
0x382S0xc6bS0x2df
0x387S0xc6bS0x2df
0x38aS0xc6bS0x2df
0x3abS0xc6bS0x2df
0xd2eS0x32a
0xd17S0x32a
0xd1aS0x32a
0xd1fS0x32a
0xd21S0x32a
0xd23S0x32a
0xd25S0x32a
0xd26S0x32a
0xd27S0x32a
0xd28S0x32a
0xd29S0x32a
0xd2aS0x32a
0xd33S0x32a
0xd37S0x32a
0xbbfS0xd16S0x32a
0xbe0S0xd16S0x32a
0xbe3S0xd16S0x32a
0xbe5S0xd16S0x32a
0xbe8S0xd16S0x32a
0xc09S0xd16S0x32a
0xc0aS0xd16S0x32a
0xc0cS0xd16S0x32a
0xc0eS0xd16S0x32a
0xc10S0xd16S0x32a
0xc11S0xd16S0x32a
0xc12S0xd16S0x32a
0xd8cS0x426
0xda0S0x426
0xdd5S0x426
0xe22S0x426
0xd72S0x426
0xd75S0x426
0xd77S0x426
0xd7aS0x426
0xd7fS0x426
0xd82S0x426
0xd87S0x426
0xd88S0x426
0xd91S0x426
0xd95S0x426
0xd98S0x426
0xd9aS0x426
0xd9bS0x426
0xd9cS0x426
0xda5S0x426
0xda9S0x426
0xdacS0x426
0xdb0S0x426
0xdb2S0x426
0xdb4S0x426
0xdb6S0x426
0xdb7S0x426
0xdbaS0x426
0xdbeS0x426
0xdc1S0x426
0xdc5S0x426
0xdc7S0x426
0xdc9S0x426
0xdcbS0x426
0xdccS0x426
0xdceS0x426
0xdcfS0x426
0xdd0S0x426
0xdd1S0x426
0xddaS0x426
0xddcS0x426
0xddeS0x426
0xde0S0x426
0xde1S0x426
0xde4S0x426
0xde7S0x426
0xde8S0x426
0xde9S0x426
0xdd9_0x0S0x426
0xe2cS0x426
0xe31S0x426
0xe2b_0x1S0x426
0xdfbS0x426
0xdfdS0x426
0xdffS0x426
0xe01S0x426
0xe02S0x426
0xe05S0x426
0xe06S0x426
0xe08S0x426
0xe0aS0x426
0xe1cS0x426
0xe1dS0x426
0xe1eS0x426
0xe1b_0x0S0x426
0xe27S0x426
0xe36S0x426
0xe39S0x426
0xe3cS0x426
0xe3fS0x426
0xe40S0x426
0xe44S0x426
0xe48S0x426
0xe4aS0x426
0xe4bS0x426
0xe70S0x426
0xe75S0x426
0xe78S0x426
0xe7bS0x426
0xe7dS0x426
0xe80S0x426
0x11cfS0x426
0x11d1S0x426
0x11d5S0x426
0x11d7S0x426
0x11d8S0x426
0x11daS0x426
0x11deS0x426
0x11e0S0x426
0x11e2S0x426
0x166bS0x426
0xe86S0x426
0xe8bS0x426
0xe8eS0x426
0x12ebS0x426
0x12efS0x426
0x12f0S0x426
0x12f1S0x426
0x1207S0x426
0x120aS0x426
0x120cS0x426
0x120dS0x426
0x1210S0x426
0x1211S0x426
0x1213S0x426
0x1215S0x426
0x1216S0x426
0x1219S0x426
0x121aS0x426
0x121dS0x426
0x1228S0x426
0x122aS0x426
0x122cS0x426
0x122eS0x426
0x1230S0x426
0x1231S0x426
0x1232S0x426
0x1233S0x426
0x1235S0x426
0x1237S0x426
0x1239S0x426
0x123aS0x426
0x123bS0x426
0x123cS0x426
0x124aS0x426
0x124dS0x426
0x124fS0x426
0x1254S0x426
0x1256S0x426
0x1257S0x426
0x125bS0x426
0x125cS0x426
0x1260S0x426
0x1263S0x426
0x1265S0x426
0x1269S0x426
0x126bS0x426
0x126dS0x426
0x1206_0x0S0x426
0x1206_0x1S0x426
0x1206_0x2S0x426
0x11e8S0x426
0x11ebS0x426
0x11ecS0x426
0x11e7_0x2S0x426
0x1292S0x426
0x1294S0x426
0x1295S0x426
0x1299S0x426
0x129aS0x426
0x129dS0x426
0x129eS0x426
0x12a0S0x426
0x12a1S0x426
0x12a3S0x426
0x12a6S0x426
0x12a8S0x426
0x12a9S0x426
0x12acS0x426
0x12afS0x426
0x12b3S0x426
0x12b6S0x426
0x12b9S0x426
0x12bdS0x426
0x12c5S0x426
0x12c6S0x426
0x12c8S0x426
0x12caS0x426
0x12cbS0x426
0x12e0S0x426
0x12e1S0x426
0x1291_0x0S0x426
0x1291_0x1S0x426
0x1291_0x2S0x426
0x1273S0x426
0x1276S0x426
0x1277S0x426
0x1272_0x2S0x426
0x12f9S0x426
0xdf0S0x426
0xdf4S0x426
0xdf7S0x426
0xded_0x0S0x426
0xe0fS0x426
0xe11S0x426
0xe13S0x426
0xe15S0x426
0xe16S0x426
0xe18S0x426
0xe19S0x426
0xe1aS0x426
0x11f1S0x426
0x11f4S0x426
0x11f6S0x426
0x11f9S0x426
0x11fbS0x426
0x11ffS0x426
0x1201S0x426
0x1202S0x426
0x11f0_0x0S0x426
0x11f0_0x1S0x426
0x11f0_0x2S0x426
0x127cS0x426
0x127fS0x426
0x1281S0x426
0x1284S0x426
0x1286S0x426
0x128aS0x426
0x128cS0x426
0x128dS0x426
0x127b_0x0S0x426
0x127b_0x1S0x426
0x127b_0x2S0x426
0xa89S0xd71S0x426
0xaaaS0xd71S0x426
0xaafS0xd71S0x426
0xab2S0xd71S0x426
0xad3S0xd71S0x426
0x361S0xd7eS0x426
0x382S0xd7eS0x426
0x387S0xd7eS0x426
0x38aS0xd7eS0x426
0x3abS0xd7eS0x426
0x361S0xe74S0x426
0x382S0xe74S0x426
0x387S0xe74S0x426
0x38aS0xe74S0x426
0x3abS0xe74S0x426
0x1126S0x166aS0x426
0x111dS0x166aS0x426
0x1120S0x166aS0x426
0x1121S0x166aS0x426
0x1122S0x166aS0x426
0x112bS0x166aS0x426
0x114cS0x166aS0x426
0x1151S0x166aS0x426
0x1154S0x166aS0x426
0xec5S0x482
0xed8S0x482
0xeffS0x482
0xe9cS0x482
0xe9eS0x482
0xea0S0x482
0xea2S0x482
0xea4S0x482
0xea5S0x482
0xea7S0x482
0xea8S0x482
0xeaaS0x482
0xeacS0x482
0xebfS0x482
0xec0S0x482
0xec1S0x482
0xebe_0x0S0x482
0xecaS0x482
0xeceS0x482
0xed1S0x482
0xed3S0x482
0xed4S0x482
0xeddS0x482
0xee0S0x482
0xee2S0x482
0xee4S0x482
0xee6S0x482
0xee7S0x482
0xee8S0x482
0xeebS0x482
0xeefS0x482
0xef1S0x482
0xef3S0x482
0xef5S0x482
0xef6S0x482
0xef8S0x482
0xef9S0x482
0xefaS0x482
0xefbS0x482
0xf04S0x482
0xf09S0x482
0xf0eS0x482
0xf11S0x482
0xf13S0x482
0xf15S0x482
0xf17S0x482
0xf18S0x482
0xf1aS0x482
0xf1fS0x482
0xf22S0x482
0xf25S0x482
0xf27S0x482
0xf2aS0x482
0x168fS0x482
0xf30S0x482
0xf35S0x482
0xf38S0x482
0xeb1S0x482
0xeb3S0x482
0xeb5S0x482
0xeb7S0x482
0xeb8S0x482
0xebbS0x482
0xebcS0x482
0xebdS0x482
0x361S0xf1eS0x482
0x382S0xf1eS0x482
0x387S0xf1eS0x482
0x38aS0xf1eS0x482
0x3abS0xf1eS0x482
0x1126S0x168eS0x482
0x111dS0x168eS0x482
0x1120S0x168eS0x482
0x1121S0x168eS0x482
0x1122S0x168eS0x482
0x112bS0x168eS0x482
0x114cS0x168eS0x482
0x1151S0x168eS0x482
0x1154S0x168eS0x482
0x12ffS0xf2eS0x482
0x1302S0xf2eS0x482
0x1303S0xf2eS0x482
0x1304S0xf2eS0x482
0x1ee
0x203
0x2f3
0xfe
0x9ea
0x166
0x280
0x2d2
0x411
0x46d
0x9cd
0xf7b
0x125
0x19b
0x1be
0x23f
0x26b
0x308
0x31d
0x3b8
0x465
0x4c1
0xa87
0xb73
0xd0a
0xd15
0x10b10x1015
0x13aa
0x13cb
0x141f
0x1586
0xf1
0x118
0x159
0x182
0x1a5
0x1c6
0x1f6
0x230
0x25b
0x273
0x288
0x2c5
0x2da
0x2fb
0x310
0x325
0x346
0x421
0x47d
0x9dd
0x9f1
0x9fd
0xb5d
0xd53
0xf4e
0x16b9
0x16bb
0x16bd
0x16bf
0x16c1
0x16c3
0x16c5
0x16c7
0x16c9
0x16cb
0x16cd
0x16cf
0x16d1
0x16d3
0x16d5
0x16d7
0x16d9
0x109b0x1015
0x151
0x253
0x1356
0x1389
0x13fe
0x1450
0x148b
0x14c6
0x14f9
0x152a
0x1565
0x15b9
0xe9
0xf5
0x11c
0x15d
0x186
0x1a9
0x1ca
0x1fa
0x25f
0x277
0x28c
0x2c9
0x2de
0x2ff
0x314
0x329
0x34a
0x425
0x481
0x9e1
0x9f5
0xa01
0xf52
0x138
0x140
0x146
0x20d
0x213
0x238
0xa28
0xa2d
0xa58
0xb08
0xb30
0xb41
0xb45
0xb61
0xb8e
0xb9e
0xba4
0xce3
0xce6
0xf8d
0xf95
0xfc2
0xfc7
0x1046
0x106e
0x107f
0x1083
0x134c
0x137f
0x13f4
0x1446
0x1481
0x14bc
0x14ef
0x1520
0x155b
0x15af
0x109f0x1015
0x10cc0x1015
0x10dc0x1015
0x10e20x1015
0xa51
0x1013
0x11150x1015
0xa85
0xf9e
0x463
0x4bf
0x33e
0x42e
0x48a
0x16dc
0x16df
0x16e2
0x16e5
0x16e8
0x16eb
0x16ee
0x16f1
0x16f4
0x16f7
0x16fa
0x16fd
0x1700
0x1703
0x1706
0x1709
0x170c
0xbbd
0x1014
0xd700xd3e
0x111b0x1015
0x164a0xd3e
0x386S0xf6
0x389S0xf6
0x3adS0xf6
0x3ddS0x15e
0x3e2S0x15e
0x409S0x15e
0xbe2S0x40a
0xbe7S0x40a
0xc14S0x40a
0xbe2S0x466
0xbe7S0x466
0xc14S0x466
0xbe2S0x9c6
0xbe7S0x9c6
0xc14S0x9c6
0xaaeS0x278
0xab1S0x278
0xad5S0x278
0xbe2S0x2ca
0xbe7S0x2ca
0xc14S0x2ca
0x386S0x9e2
0x389S0x9e2
0x3adS0x9e2
0xbe2S0xf53
0xbe7S0xf53
0xc14S0xf53
0x5e5S0x1cb
0x5f9S0x1cb
0x5f5S0x1cb
0x60fS0x1cb
0x632S0x1cb
0x644S0x1cb
0x659S0x1cb
0x666S0x1cb
0x67fS0x1cb
0x6ddS0x1cb
0x70bS0x1cb
0x728S0x1cb
0x755S0x1cb
0x796S0x1cb
0x680S0x1cb
0x6b6S0x1cb
0x6ecS0x1cb
0x729S0x1cb
0x756S0x1cb
0x797S0x1cb
0x7b5S0x1cb
0x7c4S0x1cb
0x7d7S0x1cb
0x7e3S0x1cb
0x4caS0x1cb
0x4d0S0x1cb
0x518S0x1cb
0x559S0x1cb
0x536S0x1cb
0x58eS0x1cb
0x623S0x1cb
0x5f0S0x1cb
0x60bS0x1cb
0x62eS0x1cb
0x63aS0x1cb
0x640S0x1cb
0x64dS0x1cb
0x655S0x1cb
0x662S0x1cb
0x839S0x1cb
0x6a2S0x1cb
0x6d9S0x1cb
0x6ebS0x1cb
0x707S0x1cb
0x701S0x1cb
0x713S0x1cb
0x785S0x1cb
0x748S0x1cb
0x73eS0x1cb
0x15ddS0x1cb
0x1601S0x1cb
0x773S0x1cb
0x7d6S0x1cb
0x7c3S0x1cb
0x7b4S0x1cb
0x1625S0x1cb
0x7e2S0x1cb
0x830S0x1cb
0x829S0x1cb
0x673S0x1cb
0x8b2S0x1cb
0x841S0x1cb
0x888S0x1cb
0x865S0x1cb
0x8abS0x1cb
0x8edS0x1cb
0x8baS0x1cb
0x8e6S0x1cb
0x11cdS0x1cb
0x119bS0x1cb
0x11a0S0x1cb
0x11ccS0x1cb
0x8f7S0x1cb
0x545S0x1cb
0x53eS0x1cb
0x56dS0x1cb
0x5e1S0x1cb
0x5c9S0x1cb
0x6b5S0x1cb
0x10b10x4c2S0x1cb
0x109f0x4c2S0x1cb
0x109b0x4c2S0x1cb
0xd530x4c2S0x1cb
0x10460x4c2S0x1cb
0x106e0x4c2S0x1cb
0x107f0x4c2S0x1cb
0x10830x4c2S0x1cb
0x111b0x4c2S0x1cb
0x10cc0x4c2S0x1cb
0x10dc0x4c2S0x1cb
0x10e20x4c2S0x1cb
0x11150x4c2S0x1cb
0xd700x4c2S0x1cb
0x164a0x4c2S0x1cb
0x3ddS0x633S0x1cb
0x3e2S0x633S0x1cb
0x409S0x633S0x1cb
0x1129S0x831S0x1cb
0x1125S0x831S0x1cb
0x1150S0x831S0x1cb
0x1153S0x831S0x1cb
0x1175S0x831S0x1cb
0x1176S0x831S0x1cb
0x3ddS0x8b3S0x1cb
0x3e2S0x8b3S0x1cb
0x409S0x8b3S0x1cb
0x95cS0x1fb
0x9b8S0x1fb
0x97bS0x1fb
0x905S0x1fb
0x91fS0x1fb
0x90dS0x1fb
0x919S0x1fb
0x958S0x1fb
0x96dS0x1fb
0x9c5S0x1fb
0x993S0x1fb
0x9b4S0x1fb
0x9bdS0x1fb
0x92bS0x1fb
0x97aS0x1fb
0x386S0x8f8S0x1fb
0x389S0x8f8S0x1fb
0x3adS0x8f8S0x1fb
0xc3fS0x2df
0xcabS0x2df
0xc7cS0x2df
0xc3bS0x2df
0xc50S0x2df
0xc7bS0x2df
0xc85S0x2df
0xcbcS0x2df
0xca7S0x2df
0xcb0S0x2df
0xc6aS0x2df
0xc72S0x2df
0x386S0xc6bS0x2df
0x389S0xc6bS0x2df
0x3adS0xc6bS0x2df
0xd31S0x32a
0xd1dS0x32a
0xd2dS0x32a
0xd3aS0x32a
0xd3dS0x32a
0xbe2S0xd16S0x32a
0xbe7S0xd16S0x32a
0xc14S0xd16S0x32a
0xd8fS0x426
0xda3S0x426
0xdd8S0x426
0xe25S0x426
0x12f5S0x426
0xd7dS0x426
0xd85S0x426
0xd8bS0x426
0xd9fS0x426
0xdd4S0x426
0xdecS0x426
0xe34S0x426
0xe0dS0x426
0xe21S0x426
0xe2aS0x426
0xe73S0x426
0xe42S0x426
0xe47S0x426
0xe6dS0x426
0xe83S0x426
0xe9aS0x426
0x166eS0x426
0xe8fS0x426
0x12f4S0x426
0x121fS0x426
0x124cS0x426
0x125eS0x426
0x1262S0x426
0x11efS0x426
0x12e9S0x426
0x12abS0x426
0x12bbS0x426
0x12c1S0x426
0x12e3S0x426
0x127aS0x426
0x12fbS0x426
0x1205S0x426
0x11f3S0x426
0x1290S0x426
0x127eS0x426
0xaaeS0xd71S0x426
0xab1S0xd71S0x426
0xad5S0xd71S0x426
0x386S0xd7eS0x426
0x389S0xd7eS0x426
0x3adS0xd7eS0x426
0x386S0xe74S0x426
0x389S0xe74S0x426
0x3adS0xe74S0x426
0x1129S0x166aS0x426
0x1125S0x166aS0x426
0x1150S0x166aS0x426
0x1153S0x166aS0x426
0x1175S0x166aS0x426
0x1176S0x166aS0x426
0xec8S0x482
0xedbS0x482
0xf02S0x482
0xeafS0x482
0xec4S0x482
0xed7S0x482
0xefeS0x482
0xf0cS0x482
0xf1dS0x482
0xf2dS0x482
0xf3dS0x482
0x1692S0x482
0xf39S0x482
0x386S0xf1eS0x482
0x389S0xf1eS0x482
0x3adS0xf1eS0x482
0x1129S0x168eS0x482
0x1125S0x168eS0x482
0x1150S0x168eS0x482
0x1153S0x168eS0x482
0x1175S0x168eS0x482
0x1176S0x168eS0x482
0x1308S0xf2eS0x482
0x1307S0xf2eS0x482
0x16b7S0xf2eS0x482
