0x40	0x3f
0x0	0x0
0x60	0x60
0x1f	0x1e
0x4	0x0
0xf	0xd
0x2	0x0
0x5	0x0
0x7	0x0
0x8	0x0
0xd	0xd
0x10	0xd
0x12	0xd
0x14	0xd
0x19	0xd
0x1a	0xd
0x24	0x1e
0x25	0x1e
0x2a	0x29
0x2f	0x29
0x35	0x34
0x3a	0x34
0x45	0x3f
0x4b	0x4a
0x50	0x4a
0x56	0x55
0x5b	0x55
0x66	0x64
0x6b	0x64
0x71	0x70
0x76	0x70
0x7c	0x7b
0x81	0x7b
0x87	0x86
0x8c	0x86
0x91	0x91
0x97	0x95
0x9c	0x95
0x9d	0x95
0xa2	0xa1
0xa7	0xa1
0xad	0xac
0xb2	0xac
0xb8	0xb7
0xbd	0xb7
0xc3	0xc2
0xc8	0xc2
0xce	0xcd
0xd3	0xcd
0xd8	0xd8
0xde	0xdc
0xe3	0xdc
0xe9	0xe8
0xee	0xe8
0xf4	0xf3
0xf9	0xf3
0xff	0xfe
0x104	0xfe
0x10a	0x109
0x10f	0x10e
0x111	0x10e
0x112	0x10e
0x116	0x116
0x11c	0x11a
0x11f	0x11a
0x122	0x11a
0x123	0x11a
0x125	0x11a
0x12a	0x129
0x12f	0x12e
0x131	0x12e
0x132	0x12e
0x137	0x12e
0x145	0x144
0x147	0x144
0x148	0x144
0x14c	0x14c
0x152	0x150
0x155	0x150
0x158	0x150
0x159	0x150
0x15b	0x150
0x160	0x15f
0x167	0x166
0x169	0x166
0x16a	0x166
0x16e	0x16e
0x174	0x172
0x177	0x172
0x17a	0x172
0x17b	0x172
0x17d	0x172
0x182	0x181
0x187	0x186
0x189	0x186
0x18a	0x186
0x18e	0x18e
0x194	0x192
0x197	0x192
0x1a9	0x1a8
0x1ab	0x1a8
0x1ac	0x1a8
0x1b0	0x1b0
0x1b6	0x1b4
0x1b9	0x1b4
0x1bc	0x1b4
0x1bd	0x1b4
0x1bf	0x1b4
0x1c4	0x1c3
0x1c9	0x1c8
0x1cb	0x1c8
0x1cc	0x1c8
0x1d0	0x1d0
0x1d6	0x1d4
0x1d9	0x1d4
0x1dc	0x1d4
0x1dd	0x1d4
0x1df	0x1d4
0x1e4	0x1e3
0x1f6	0x1f5
0x1f8	0x1f5
0x1f9	0x1f5
0x1fd	0x1fd
0x203	0x201
0x206	0x201
0x209	0x201
0x20a	0x201
0x20c	0x201
0x211	0x210
0x216	0x215
0x218	0x215
0x219	0x215
0x21d	0x21d
0x223	0x221
0x226	0x221
0x229	0x221
0x22a	0x221
0x22c	0x221
0x231	0x230
0x236	0x235
0x239	0x235
0x23c	0x235
0x23d	0x235
0x23f	0x235
0x244	0x243
0x249	0x248
0x24b	0x248
0x24c	0x248
0x250	0x250
0x256	0x254
0x259	0x254
0x25c	0x254
0x25d	0x254
0x25f	0x254
0x264	0x263
0x269	0x268
0x26b	0x268
0x26c	0x268
0x270	0x270
0x276	0x274
0x279	0x274
0x27e	0x27d
0x280	0x27d
0x281	0x27d
0x285	0x285
0x28b	0x289
0x28e	0x289
0x291	0x289
0x292	0x289
0x294	0x289
0x299	0x298
0x29e	0x29d
0x2a0	0x29d
0x2a1	0x29d
0x2a5	0x2a5
0x2ab	0x2a9
0x2ae	0x2a9
0x2c0	0x2bf
0x2c2	0x2bf
0x2c3	0x2bf
0x2c7	0x2c7
0x2cd	0x2cb
0x2d0	0x2cb
0x2d3	0x2cb
0x2d4	0x2cb
0x2d6	0x2cb
0x2db	0x2da
0x2e0	0x2df
0x2e2	0x2df
0x2e3	0x2df
0x2e7	0x2e7
0x2ed	0x2eb
0x2f0	0x2eb
0x2f3	0x2eb
0x2f4	0x2eb
0x2f6	0x2eb
0x2fb	0x2fa
0x300	0x2ff
0x302	0x2ff
0x303	0x2ff
0x307	0x307
0x30d	0x30b
0x310	0x30b
0x313	0x30b
0x314	0x30b
0x316	0x30b
0x31b	0x31a
0x320	0x31f
0x322	0x31f
0x323	0x31f
0x327	0x327
0x32d	0x32b
0x330	0x32b
0x335	0x334
0x337	0x334
0x338	0x334
0x33c	0x33c
0x342	0x340
0x345	0x340
0x348	0x340
0x349	0x340
0x34b	0x340
0x350	0x34f
0x355	0x354
0x358	0x354
0x35e	0x35c
0x363	0x35c
0x365	0x35c
0x36a	0x35c
0x36f	0x35c
0x371	0x35c
0x372	0x35c
0x376	0x35c
0x37a	0x35c
0x37b	0x35c
0x37d	0x35c
0x37f	0x35c
0x381	0x35c
0x382	0x35c
0x385	0x35c
0x389	0x35c
0x38c	0x35c
0x38d	0x35c
0x38f	0x35c
0x392	0x35c
0x397	0x35c
0x39a	0x35c
0x39b	0x35c
0x39e	0x35c
0x3a3	0x35c
0x3a6	0x35c
0x3a7	0x35c
0x3a8	0x35c
0x3ab	0x35c
0x3ad	0x35c
0x3b0	0x35c
0x3b1	0x35c
0x3b3	0x35c
0x3b4	0x35c
0x3b7	0x35c
0x3b9	0x35c
0x3bc	0x35c
0x3bd	0x35c
0x3be	0x35c
0x3c1	0x35c
0x3c5	0x35c
0x3c6	0x35c
0x3c9	0x35c
0x3ca	0x35c
0x3cd	0x35c
0x3cf	0x35c
0x3d2	0x35c
0x3d3	0x35c
0x3d4	0x35c
0x3d7	0x35c
0x3d9	0x35c
0x3dc	0x35c
0x3dd	0x35c
0x3de	0x35c
0x3e2	0x35c
0x3e4	0x35c
0x3e7	0x35c
0x3e8	0x35c
0x3e9	0x35c
0x3ed	0x35c
0x3ef	0x35c
0x3f3	0x35c
0x3f4	0x35c
0x3f5	0x35c
0x3f7	0x35c
0x3f8	0x35c
0x3f9	0x35c
0x3fa	0x35c
0x3fe	0x35c
0x401	0x35c
0x405	0x405
0x407	0x405
0x408	0x405
0x40c	0x405
0x40e	0x405
0x411	0x405
0x413	0x405
0x414	0x405
0x418	0x405
0x42b	0x42a
0x42d	0x42a
0x42e	0x42a
0x430	0x42a
0x431	0x42a
0x432	0x42a
0x436	0x436
0x438	0x436
0x439	0x436
0x43d	0x436
0x43f	0x436
0x442	0x436
0x444	0x436
0x445	0x436
0x449	0x436
0x44e	0x44d
0x452	0x44d
0x458	0x456
0x45b	0x456
0x45c	0x456
0x45e	0x456
0x45f	0x456
0x460	0x456
0x462	0x456
0x467	0x466
0x469	0x466
0x46b	0x466
0x46c	0x466
0x46d	0x466
0x46e	0x466
0x472	0x472
0x474	0x472
0x475	0x472
0x479	0x472
0x47b	0x472
0x47e	0x472
0x480	0x472
0x481	0x472
0x485	0x472
0x48a	0x489
0x48c	0x489
0x48f	0x489
0x490	0x489
0x495	0x489
0x497	0x489
0x49a	0x489
0x49d	0x489
0x49e	0x489
0x49f	0x489
0x4a1	0x489
0x4a2	0x489
0x4a6	0x4a6
0x4a8	0x4a6
0x4a9	0x4a6
0x4ad	0x4a6
0x4af	0x4a6
0x4b2	0x4a6
0x4b4	0x4a6
0x4b5	0x4a6
0x4b9	0x4a6
0x4be	0x4bd
0x4c0	0x4bd
0x4c2	0x4bd
0x4c4	0x4bd
0x4c5	0x4bd
0x4c7	0x4bd
0x4c8	0x4bd
0x4cd	0x4bd
0x4cf	0x4bd
0x4d2	0x4bd
0x4d5	0x4bd
0x4d6	0x4bd
0x4d9	0x4bd
0x4db	0x4bd
0x4dc	0x4bd
0x4e0	0x4e0
0x4e2	0x4e0
0x4e3	0x4e0
0x4e7	0x4e0
0x4e9	0x4e0
0x4ec	0x4e0
0x4ee	0x4e0
0x4ef	0x4e0
0x4f3	0x4e0
0x4f8	0x4f7
0x4fb	0x4f7
0x500	0x4ff
0x504	0x4ff
0x50b	0x508
0x50d	0x508
0x510	0x508
0x511	0x508
0x512	0x508
0x513	0x508
0x517	0x517
0x519	0x517
0x51a	0x517
0x51e	0x517
0x520	0x517
0x523	0x517
0x525	0x517
0x526	0x517
0x52a	0x517
0x530	0x52e
0x533	0x52e
0x534	0x52e
0x535	0x52e
0x539	0x539
0x53b	0x539
0x53c	0x539
0x540	0x539
0x542	0x539
0x545	0x539
0x547	0x539
0x548	0x539
0x54c	0x539
0x552	0x550
0x553	0x550
0x555	0x550
0x557	0x550
0x559	0x550
0x55a	0x550
0x55b	0x550
0x55c	0x550
0x55d	0x550
0x55e	0x550
0x562	0x562
0x564	0x562
0x565	0x562
0x569	0x562
0x56b	0x562
0x56e	0x562
0x570	0x562
0x571	0x562
0x575	0x562
0x57a	0x579
0x57d	0x579
0x584	0x579
0x589	0x588
0x58c	0x588
0x58d	0x588
0x591	0x591
0x596	0x591
0x5a0	0x59d
0x5a2	0x59d
0x5a4	0x59d
0x5a6	0x59d
0x5a8	0x59d
0x5aa	0x59d
0x5ab	0x59d
0x5ac	0x59d
0x5af	0x59d
0x5b1	0x59d
0x5b3	0x59d
0x5b5	0x59d
0x5b6	0x59d
0x5b7	0x59d
0x5be	0x59d
0x5c0	0x59d
0x5c8	0x59d
0x5ca	0x59d
0x5d2	0x59d
0x5d4	0x59d
0x5d6	0x59d
0x5d8	0x59d
0x5da	0x59d
0x5dc	0x59d
0x5dd	0x59d
0x5de	0x59d
0x5e1	0x59d
0x5e3	0x59d
0x5e5	0x59d
0x5e7	0x59d
0x5e8	0x59d
0x5e9	0x59d
0x5f0	0x59d
0x5f2	0x59d
0x5fa	0x59d
0x5fc	0x59d
0x5fe	0x59d
0x600	0x59d
0x602	0x59d
0x604	0x59d
0x605	0x59d
0x606	0x59d
0x609	0x59d
0x60b	0x59d
0x60d	0x59d
0x60f	0x59d
0x610	0x59d
0x611	0x59d
0x618	0x59d
0x61a	0x59d
0x622	0x59d
0x625	0x59d
0x62d	0x59d
0x630	0x59d
0x637	0x59d
0x639	0x59d
0x63e	0x59d
0x640	0x59d
0x644	0x59d
0x646	0x59d
0x647	0x59d
0x649	0x59d
0x64a	0x59d
0x64d	0x59d
0x64e	0x59d
0x650	0x59d
0x652	0x59d
0x653	0x59d
0x655	0x59d
0x658	0x59d
0x65a	0x59d
0x65c	0x59d
0x65e	0x59d
0x660	0x59d
0x662	0x59d
0x663	0x59d
0x664	0x59d
0x665	0x59d
0x666	0x59d
0x669	0x59d
0x66b	0x59d
0x66d	0x59d
0x66f	0x59d
0x670	0x59d
0x671	0x59d
0x672	0x59d
0x673	0x59d
0x677	0x59d
0x67a	0x59d
0x67b	0x59d
0x67d	0x59d
0x67f	0x59d
0x680	0x59d
0x682	0x59d
0x685	0x59d
0x687	0x59d
0x689	0x59d
0x68b	0x59d
0x68d	0x59d
0x68f	0x59d
0x690	0x59d
0x691	0x59d
0x692	0x59d
0x693	0x59d
0x696	0x59d
0x698	0x59d
0x69a	0x59d
0x69c	0x59d
0x69d	0x59d
0x69e	0x59d
0x69f	0x59d
0x6a0	0x59d
0x6a4	0x59d
0x6a7	0x59d
0x6a8	0x59d
0x6aa	0x59d
0x6ac	0x59d
0x6ae	0x59d
0x6b1	0x59d
0x6b2	0x59d
0x6b4	0x59d
0x6b6	0x59d
0x6b8	0x59d
0x6bb	0x59d
0x6bc	0x59d
0x6be	0x59d
0x6c0	0x59d
0x6c1	0x59d
0x6c3	0x59d
0x6c6	0x59d
0x6c8	0x59d
0x6ca	0x59d
0x6cc	0x59d
0x6ce	0x59d
0x6d0	0x59d
0x6d1	0x59d
0x6d2	0x59d
0x6d3	0x59d
0x6d4	0x59d
0x6d7	0x59d
0x6d9	0x59d
0x6db	0x59d
0x6dd	0x59d
0x6de	0x59d
0x6df	0x59d
0x6e0	0x59d
0x6e1	0x59d
0x6e5	0x59d
0x6e8	0x59d
0x6e9	0x59d
0x6eb	0x59d
0x6ed	0x59d
0x6ef	0x59d
0x6f2	0x59d
0x6f3	0x59d
0x6f5	0x59d
0x6f7	0x59d
0x6f8	0x59d
0x6fa	0x59d
0x6fd	0x59d
0x6ff	0x59d
0x701	0x59d
0x703	0x59d
0x705	0x59d
0x707	0x59d
0x708	0x59d
0x709	0x59d
0x70a	0x59d
0x70b	0x59d
0x70e	0x59d
0x710	0x59d
0x712	0x59d
0x714	0x59d
0x715	0x59d
0x716	0x59d
0x717	0x59d
0x718	0x59d
0x71c	0x59d
0x71f	0x59d
0x720	0x59d
0x722	0x59d
0x724	0x59d
0x726	0x59d
0x72a	0x59d
0x72b	0x59d
0x72d	0x59d
0x72f	0x59d
0x731	0x59d
0x735	0x59d
0x736	0x59d
0x738	0x59d
0x73a	0x59d
0x73c	0x59d
0x740	0x59d
0x741	0x59d
0x743	0x59d
0x745	0x59d
0x746	0x59d
0x748	0x59d
0x74b	0x59d
0x74d	0x59d
0x74f	0x59d
0x751	0x59d
0x752	0x59d
0x753	0x59d
0x756	0x59d
0x757	0x59d
0x758	0x59d
0x759	0x59d
0x760	0x59d
0x783	0x59d
0x785	0x59d
0x786	0x59d
0x788	0x59d
0x78a	0x59d
0x78b	0x59d
0x78d	0x59d
0x78f	0x59d
0x790	0x59d
0x792	0x59d
0x794	0x59d
0x795	0x59d
0x797	0x59d
0x799	0x59d
0x79a	0x59d
0x79c	0x59d
0x79e	0x59d
0x79f	0x59d
0x7a1	0x59d
0x7a3	0x59d
0x7a4	0x59d
0x7a6	0x59d
0x7a8	0x59d
0x7a9	0x59d
0x7ab	0x59d
0x7ae	0x59d
0x7af	0x59d
0x7b1	0x59d
0x7b4	0x59d
0x7b5	0x59d
0x7b6	0x59d
0x7b8	0x59d
0x7b9	0x59d
0x7c8	0x59d
0x7e8	0x7e7
0x7ea	0x7e7
0x7ee	0x7ed
0x7f1	0x7ed
0x7f6	0x7f5
0x7f8	0x7f5
0x7fa	0x7f5
0x7fc	0x7f5
0x7fd	0x7f5
0x7fe	0x7f5
0x7ff	0x7f5
0x802	0x7f5
0x807	0x806
0x809	0x806
0x80b	0x806
0x80d	0x806
0x80e	0x806
0x80f	0x806
0x810	0x806
0x811	0x806
0x815	0x815
0x817	0x815
0x818	0x815
0x81c	0x815
0x81e	0x815
0x821	0x815
0x823	0x815
0x824	0x815
0x828	0x815
0x82d	0x82c
0x82f	0x82c
0x831	0x82c
0x833	0x82c
0x834	0x82c
0x836	0x82c
0x837	0x82c
0x83c	0x82c
0x83e	0x82c
0x841	0x82c
0x846	0x82c
0x848	0x82c
0x849	0x82c
0x84b	0x82c
0x84c	0x82c
0x84e	0x82c
0x84f	0x82c
0x850	0x82c
0x853	0x82c
0x854	0x82c
0x876	0x82c
0x87e	0x82c
0x88f	0x88e
0x891	0x88e
0x893	0x88e
0x895	0x88e
0x896	0x88e
0x897	0x88e
0x898	0x88e
0x89d	0x88e
0x89f	0x88e
0x8a2	0x88e
0x8a5	0x88e
0x8a6	0x88e
0x8a7	0x88e
0x8a9	0x88e
0x8e4	0x8e3
0x8e7	0x8e3
0x8ec	0x8eb
0x8ee	0x8eb
0x8f0	0x8eb
0x8f2	0x8eb
0x8f3	0x8eb
0x8f4	0x8eb
0x8f5	0x8eb
0x8f8	0x8eb
0x8fd	0x8fc
0x8ff	0x8fc
0x901	0x8fc
0x903	0x8fc
0x904	0x8fc
0x905	0x8fc
0x906	0x8fc
0x907	0x8fc
0x90b	0x90b
0x90d	0x90b
0x90e	0x90b
0x912	0x90b
0x914	0x90b
0x917	0x90b
0x919	0x90b
0x91a	0x90b
0x91e	0x90b
0x923	0x922
0x926	0x922
0x927	0x922
0x929	0x922
0x92b	0x922
0x92d	0x922
0x92e	0x922
0x92f	0x922
0x930	0x922
0x931	0x922
0x933	0x922
0x935	0x922
0x937	0x922
0x938	0x922
0x93c	0x922
0x940	0x922
0x945	0x944
0x947	0x944
0x949	0x944
0x94a	0x944
0x94b	0x944
0x94c	0x944
0x950	0x950
0x952	0x950
0x953	0x950
0x957	0x950
0x959	0x950
0x95c	0x950
0x95e	0x950
0x95f	0x950
0x963	0x950
0x968	0x967
0x96a	0x967
0x96f	0x967
0x971	0x967
0x972	0x967
0x975	0x967
0x976	0x967
0x97a	0x967
0x97c	0x967
0x981	0x967
0x983	0x967
0x985	0x967
0x987	0x967
0x988	0x967
0x98b	0x967
0x98e	0x967
0x99a	0x967
0x99f	0x99e
0x9a1	0x99e
0x9a3	0x99e
0x9a4	0x99e
0x9a7	0x99e
0x9ab	0x99e
0x9ae	0x99e
0x9af	0x99e
0x9b0	0x99e
0x9b2	0x99e
0x9b3	0x99e
0x9b7	0x9b7
0x9b8	0x9b7
0x9bc	0x9b7
0x9bd	0x9b7
0x9c4	0x9c0
0x9c6	0x9c0
0x9c8	0x9c0
0x9c9	0x9c0
0x9ca	0x9c0
0x9cb	0x9c0
0x9cd	0x9c0
0x9cf	0x9c0
0x9d1	0x9c0
0x9d2	0x9c0
0x9d3	0x9c0
0x9d4	0x9c0
0x9d5	0x9c0
0x9d9	0x9d9
0x9db	0x9d9
0x9dc	0x9d9
0x9e0	0x9d9
0x9e2	0x9d9
0x9e5	0x9d9
0x9e7	0x9d9
0x9e8	0x9d9
0x9ec	0x9d9
0x9f1	0x9f0
0x9f6	0x9f0
0x9f8	0x9f0
0x9fb	0x9f0
0x9fe	0x9f0
0x9ff	0x9f0
0xa01	0x9f0
0xa02	0x9f0
0xa03	0x9f0
0xa07	0xa07
0xa09	0xa07
0xa0a	0xa07
0xa0e	0xa07
0xa10	0xa07
0xa13	0xa07
0xa15	0xa07
0xa16	0xa07
0xa1a	0xa07
0xa1f	0xa1e
0xa24	0xa1e
0xa26	0xa1e
0xa29	0xa1e
0xa2c	0xa1e
0xa30	0xa1e
0xa33	0xa1e
0xa38	0xa37
0xa3c	0xa37
0xa43	0xa40
0xa46	0xa40
0xa47	0xa40
0xa4b	0xa4b
0xa4d	0xa4b
0xa4e	0xa4b
0xa52	0xa4b
0xa54	0xa4b
0xa57	0xa4b
0xa59	0xa4b
0xa5a	0xa4b
0xa5e	0xa4b
0xa64	0xa62
0xa67	0xa62
0xa68	0xa62
0xa69	0xa62
0xa6d	0xa6d
0xa6f	0xa6d
0xa70	0xa6d
0xa74	0xa6d
0xa76	0xa6d
0xa79	0xa6d
0xa7b	0xa6d
0xa7c	0xa6d
0xa80	0xa6d
0xa86	0xa84
0xa87	0xa84
0xa89	0xa84
0xa8b	0xa84
0xa8d	0xa84
0xa8e	0xa84
0xa8f	0xa84
0xa90	0xa84
0xa91	0xa84
0xa92	0xa84
0xa93	0xa84
0xa97	0xa97
0xa99	0xa97
0xa9a	0xa97
0xa9e	0xa97
0xaa0	0xa97
0xaa3	0xa97
0xaa5	0xa97
0xaa6	0xa97
0xaaa	0xa97
0xaaf	0xaae
0xab3	0xaae
0xab4	0xaae
0xab5	0xaae
0xab8	0xaae
0xab9	0xaae
0xaba	0xaae
0xabe	0xabe
0xac0	0xabe
0xac1	0xabe
0xac5	0xabe
0xac7	0xabe
0xaca	0xabe
0xacc	0xabe
0xacd	0xabe
0xad1	0xabe
0xad6	0xad5
0xada	0xad5
0xadb	0xad5
0xadc	0xad5
0xade	0xad5
0xae0	0xad5
0xae7	0xae4
0xaea	0xae4
0xaeb	0xae4
0xaec	0xae4
0xaed	0xae4
0xaef	0xaee
0xaf0	0xaee
0xaf4	0xaf4
0xaf9	0xaf4
0xafb	0xaf4
0xafe	0xaf4
0xb03	0xaf4
0xb04	0xaf4
0xb06	0xaf4
0xb08	0xaf4
0xb09	0xaf4
0xb0b	0xaf4
0xb0c	0xaf4
0xb0f	0xaf4
0xb10	0xaf4
0xb32	0xaf4
0xb38	0xaf4
0xb3a	0xaf4
0xb3f	0xb3e
0xb41	0xb3e
0xb44	0xb3e
0xb49	0xb3e
0xb4f	0xb4d
0xb51	0xb4d
0xb52	0xb4d
0xb54	0xb4d
0xb55	0xb4d
0xb56	0xb4d
0xb5a	0xb5a
0xb5c	0xb5a
0xb5d	0xb5a
0xb61	0xb5a
0xb63	0xb5a
0xb66	0xb5a
0xb68	0xb5a
0xb69	0xb5a
0xb6d	0xb5a
0xb72	0xb71
0xb77	0xb71
0xb79	0xb71
0xb7e	0xb71
0xb82	0xb71
0xb83	0xb71
0xb8a	0xb71
0xb8b	0xb71
0xb8c	0xb71
0xb91	0xb71
0xb99	0xb95
0xb9b	0xb95
0xb9c	0xb95
0xb9e	0xb95
0xb9f	0xb95
0xba0	0xb95
0xba4	0xba4
0xba6	0xba4
0xba7	0xba4
0xbab	0xba4
0xbad	0xba4
0xbb0	0xba4
0xbb2	0xba4
0xbb3	0xba4
0xbb7	0xba4
0xbbc	0xbbb
0xbc1	0xbbb
0xbc3	0xbbb
0xbc8	0xbbb
0xbcc	0xbbb
0xbcd	0xbbb
0xbd4	0xbbb
0xbd8	0xbbb
0xbdb	0xbbb
0xbdc	0xbbb
0xbdd	0xbbb
0xbe2	0xbbb
0xbe7	0xbe6
0xbea	0xbe6
0xbeb	0xbe6
0xbef	0xbe6
0xbf1	0xbe6
0xbf3	0xbe6
0xbf5	0xbe6
0xbf6	0xbe6
0xbf7	0xbe6
0xbf8	0xbe6
0xbf9	0xbe6
0xbfd	0xbfd
0xc00	0xbfd
0xc02	0xbfd
0xc04	0xbfd
0xc05	0xbfd
0xc08	0xbfd
0xc0a	0xbfd
0xc0b	0xbfd
0xc0c	0xbfd
0xc0e	0xbfd
0xc10	0xbfd
0xc12	0xbfd
0xc13	0xbfd
0xc14	0xbfd
0xc15	0xbfd
0xc1d	0xbfd
0xc22	0xbfd
0xc25	0xc24
0xc2b	0xc29
0xc2c	0xc29
0xc2d	0xc29
0xc2e	0xc29
0xc32	0xc32
0xc34	0xc32
0xc35	0xc32
0xc39	0xc32
0xc3b	0xc32
0xc3e	0xc32
0xc40	0xc32
0xc41	0xc32
0xc45	0xc32
0xc4a	0xc49
0xc6c	0xc49
0xc6e	0xc49
0xc6f	0xc49
0xc74	0xc49
0xc79	0xc78
0xc7b	0xc78
0xc7e	0xc78
0xc82	0xc78
0xc84	0xc78
0xc85	0xc78
0xc86	0xc78
0xc88	0xc78
0xc8a	0xc78
0xc8c	0xc78
0xc8d	0xc78
0xc8e	0xc78
0xc8f	0xc78
0xc95	0xc78
0xc96	0xc78
0xc98	0xc78
0xc9a	0xc78
0xc9b	0xc78
0xc9d	0xc78
0xc9f	0xc78
0xca2	0xc78
0xca7	0xc78
0xcad	0xc78
0xcaf	0xc78
0xcb0	0xc78
0xcb4	0xcb4
0xcb5	0xcb4
0xcb9	0xcb4
0xcba	0xcb4
0xcc0	0xcbf
0xcc3	0xcbf
0xcc4	0xcbf
0xcc5	0xcbf
0xcc8	0xcbf
0xccd	0xcbf
0xcd2	0xcd1
0xcd7	0xcd1
0xcd9	0xcd1
0xcdc	0xcd1
0xcdf	0xcd1
0xce0	0xcd1
0xce2	0xcd1
0xce9	0xcd1
0xced	0xced
0xcf2	0xced
0xcf4	0xced
0xcf7	0xced
0xcfa	0xced
0xcfb	0xced
0xcfd	0xced
0xcff	0xced
0xd00	0xced
0xd02	0xced
0xd03	0xced
0xd08	0xd06
0xd0a	0xd06
0xd0b	0xd06
0xd0c	0xd06
0xd0e	0xd06
0xd10	0xd06
0xd12	0xd06
0xd13	0xd06
0xd14	0xd06
0xd15	0xd06
0xd1b	0xd06
0xd1d	0xd06
0xd1e	0xd06
0xd1f	0xd06
0xd21	0xd06
0xd23	0xd06
0xd24	0xd06
0xd26	0xd06
0xd28	0xd06
0xd2a	0xd06
0xd2f	0xd06
0xd30	0xd06
0xd32	0xd06
0xd35	0xd06
0xd37	0xd06
0xd38	0xd06
0xd40	0xd06
0xd45	0xd44
0xd47	0xd44
0xd49	0xd44
0xd4c	0xd44
0xd4e	0xd44
0xd52	0xd44
0xd53	0xd44
0xd55	0xd44
0xd56	0xd44
0xd5a	0xd5a
0xd60	0xd5e
0xd61	0xd5e
0xd62	0xd5e
0xd64	0xd5e
0xd65	0xd5e
0xd69	0xd69
0xd6a	0xd69
0xd6e	0xd69
0xd6f	0xd69
0xd77	0xd72
0xd99	0xd72
0xd9b	0xd72
0xd9d	0xd72
0xd9e	0xd72
0xda0	0xd72
0xda2	0xd72
0xda3	0xd72
0xda6	0xd72
0xda8	0xd72
0xda9	0xd72
0xdab	0xd72
0xdad	0xd72
0xdae	0xd72
0xdb9	0xd72
0xdbe	0xdbd
0xdc0	0xdbd
0xdc3	0xdbd
0xdce	0xdcb
0xdd8	0xdd7
0xddb	0xdd7
0xde0	0xddf
0xde2	0xddf
0xde4	0xddf
0xde6	0xddf
0xde7	0xddf
0xde8	0xddf
0xde9	0xddf
0xdec	0xddf
0xdf1	0xdf0
0xdf3	0xdf0
0xdf5	0xdf0
0xdf7	0xdf0
0xdf8	0xdf0
0xdf9	0xdf0
0xdfa	0xdf0
0xdfb	0xdf0
0xdff	0xdff
0xe01	0xdff
0xe02	0xdff
0xe06	0xdff
0xe08	0xdff
0xe0b	0xdff
0xe0d	0xdff
0xe0e	0xdff
0xe12	0xdff
0xe17	0xe16
0xe19	0xe16
0xe1b	0xe16
0xe1d	0xe16
0xe1e	0xe16
0xe20	0xe16
0xe21	0xe16
0xe26	0xe16
0xe28	0xe16
0xe2b	0xe16
0xe30	0xe16
0xe32	0xe16
0xe33	0xe16
0xe35	0xe16
0xe36	0xe16
0xe38	0xe16
0xe39	0xe16
0xe3a	0xe16
0xe3d	0xe16
0xe3e	0xe16
0xe60	0xe16
0xe68	0xe16
0xe6d	0xe6c
0xe70	0xe6c
0xe75	0xe74
0xe77	0xe74
0xe79	0xe74
0xe7b	0xe74
0xe7c	0xe74
0xe7d	0xe74
0xe7e	0xe74
0xe81	0xe74
0xe86	0xe85
0xe88	0xe85
0xe8a	0xe85
0xe8c	0xe85
0xe8d	0xe85
0xe8e	0xe85
0xe8f	0xe85
0xe90	0xe85
0xe94	0xe94
0xe96	0xe94
0xe97	0xe94
0xe9b	0xe94
0xe9d	0xe94
0xea0	0xe94
0xea2	0xe94
0xea3	0xe94
0xea7	0xe94
0xeac	0xeab
0xeaf	0xeab
0xeb0	0xeab
0xeb2	0xeab
0xeb3	0xeab
0xeb5	0xeab
0xeb7	0xeab
0xeb9	0xeab
0xeba	0xeab
0xebd	0xeab
0xebf	0xeab
0xee4	0xeab
0xee7	0xeab
0xee8	0xeab
0xeea	0xeab
0xeec	0xeab
0xeee	0xeab
0xeef	0xeab
0xef0	0xeab
0xef1	0xeab
0xef6	0xef5
0xef8	0xef5
0xefa	0xef5
0xefc	0xef5
0xefd	0xef5
0xefe	0xef5
0xeff	0xef5
0xf04	0xef5
0xf06	0xef5
0xf09	0xef5
0xf0c	0xef5
0xf0d	0xef5
0xf0e	0xef5
0xf10	0xef5
0xf23	0xf22
0xf25	0xf22
0xf27	0xf22
0xf28	0xf22
0xf29	0xf22
0xf2a	0xf22
0xf2e	0xf2e
0xf30	0xf2e
0xf31	0xf2e
0xf35	0xf2e
0xf37	0xf2e
0xf3a	0xf2e
0xf3c	0xf2e
0xf3d	0xf2e
0xf41	0xf2e
0xf46	0xf45
0xf48	0xf45
0xf4b	0xf45
0xf4c	0xf45
0xf51	0xf45
0xf53	0xf45
0xf56	0xf45
0xf59	0xf45
0xf5a	0xf45
0xf5b	0xf45
0xf5d	0xf45
0xf5e	0xf45
0xf62	0xf62
0xf64	0xf62
0xf65	0xf62
0xf69	0xf62
0xf6b	0xf62
0xf6e	0xf62
0xf70	0xf62
0xf71	0xf62
0xf75	0xf62
0xf7a	0xf79
0xf7c	0xf79
0xf7e	0xf79
0xf80	0xf79
0xf81	0xf79
0xf83	0xf79
0xf84	0xf79
0xf89	0xf79
0xf8b	0xf79
0xf8e	0xf79
0xf91	0xf79
0xf92	0xf79
0xf95	0xf79
0xf97	0xf79
0xf98	0xf79
0xf9c	0xf9c
0xf9e	0xf9c
0xf9f	0xf9c
0xfa3	0xf9c
0xfa5	0xf9c
0xfa8	0xf9c
0xfaa	0xf9c
0xfab	0xf9c
0xfaf	0xf9c
0xfb4	0xfb3
0xfb7	0xfb3
0xfbe	0xfb3
0xfc3	0xfc2
0xfc6	0xfc2
0xfc7	0xfc2
0xfcb	0xfcb
0xfd0	0xfcb
0xfd8	0xfd7
0xfdb	0xfd7
0xfe1	0xfdf
0xfe4	0xfdf
0xfe5	0xfdf
0xfe9	0xfdf
0xfec	0xfdf
0xfef	0xfdf
0xff1	0xfdf
0xff3	0xfdf
0xff5	0xfdf
0xff6	0xfdf
0xff9	0xfdf
0xffa	0xfdf
0xffd	0xfdf
0x1001	0xfdf
0x1005	0xfdf
0x1008	0xfdf
0x100e	0xfdf
0x100f	0xfdf
0x1012	0xfdf
0x1014	0xfdf
0x1017	0xfdf
0x101d	0xfdf
0x101e	0xfdf
0x1021	0xfdf
0x1023	0xfdf
0x1026	0xfdf
0x102a	0xfdf
0x102e	0xfdf
0x1032	0xfdf
0x1036	0xfdf
0x103a	0xfdf
0x103c	0xfdf
0x1040	0xfdf
0x1044	0xfdf
0x1046	0xfdf
0x1048	0xfdf
0x104e	0xfdf
0x1053	0x1052
0x1058	0x1052
0x105d	0x1052
0x105f	0x1052
0x1064	0x1052
0x1069	0x1052
0x106b	0x1052
0x106d	0x1052
0x106e	0x1052
0x1070	0x1052
0x1072	0x1052
0x1074	0x1052
0x1075	0x1052
0x1076	0x1052
0x1079	0x1052
0x107a	0x1052
0x107c	0x1052
0x107e	0x1052
0x1080	0x1052
0x1081	0x1052
0x1084	0x1052
0x1088	0x1052
0x108d	0x1052
0x108e	0x1052
0x108f	0x1052
0x1092	0x1052
0x1094	0x1052
0x1096	0x1052
0x1099	0x1052
0x109a	0x1052
0x109f	0x1052
0x10a0	0x1052
0x10a3	0x1052
0x10a7	0x1052
0x10aa	0x1052
0x10ab	0x1052
0x10ac	0x1052
0x10af	0x1052
0x10b3	0x1052
0x10b6	0x1052
0x10b7	0x1052
0x10b8	0x1052
0x10bb	0x1052
0x10bd	0x1052
0x10bf	0x1052
0x10c2	0x1052
0x10c3	0x1052
0x10c6	0x1052
0x10c9	0x1052
0x10ca	0x1052
0x10cb	0x1052
0x10ce	0x1052
0x10d2	0x1052
0x10d5	0x1052
0x10d6	0x1052
0x10d9	0x1052
0x10db	0x1052
0x10de	0x1052
0x10e1	0x1052
0x10e5	0x1052
0x10e9	0x1052
0x10ec	0x1052
0x10ed	0x1052
0x10ee	0x1052
0x10f1	0x1052
0x10f5	0x1052
0x10f9	0x1052
0x10fa	0x1052
0x10fb	0x1052
0x10fe	0x1052
0x1102	0x1052
0x1106	0x1052
0x1107	0x1052
0x1108	0x1052
0x110b	0x1052
0x110f	0x1052
0x1113	0x1052
0x1114	0x1052
0x1115	0x1052
0x1119	0x1052
0x111b	0x1052
0x111c	0x1052
0x111e	0x1052
0x111f	0x1052
0x1121	0x1052
0x1122	0x1052
0x1126	0x1052
0x112b	0x1052
0x112c	0x1052
0x114e	0x1052
0x1163	0x1052
0x1168	0x1167
0x1169	0x1167
0x116e	0x1167
0x1170	0x1167
0x1173	0x1167
0x1176	0x1167
0x1177	0x1167
0x1178	0x1167
0x117a	0x1167
0x117b	0x1167
0x117f	0x117f
0x1181	0x117f
0x1182	0x117f
0x1186	0x117f
0x1188	0x117f
0x118b	0x117f
0x118d	0x117f
0x118e	0x117f
0x1192	0x117f
0x1197	0x1196
0x119a	0x1196
0x119f	0x119e
0x11a3	0x119e
0x11ab	0x11a7
0x11ae	0x11a7
0x11af	0x11a7
0x11b0	0x11a7
0x11b4	0x11b4
0x11b6	0x11b4
0x11b7	0x11b4
0x11bb	0x11b4
0x11bd	0x11b4
0x11c0	0x11b4
0x11c2	0x11b4
0x11c3	0x11b4
0x11c7	0x11b4
0x11cd	0x11cb
0x11ce	0x11cb
0x11d0	0x11cb
0x11d2	0x11cb
0x11d4	0x11cb
0x11d5	0x11cb
0x11d6	0x11cb
0x11d7	0x11cb
0x11d8	0x11cb
0x11d9	0x11cb
0x11dd	0x11dd
0x11df	0x11dd
0x11e0	0x11dd
0x11e4	0x11dd
0x11e6	0x11dd
0x11e9	0x11dd
0x11eb	0x11dd
0x11ec	0x11dd
0x11f0	0x11dd
0x11f5	0x11f4
0x11fa	0x11f4
0x11fc	0x11f4
0x11ff	0x11f4
0x1204	0x11f4
0x1205	0x11f4
0x1207	0x11f4
0x1209	0x11f4
0x120a	0x11f4
0x120c	0x11f4
0x120d	0x11f4
0x1210	0x11f4
0x1211	0x11f4
0x1233	0x11f4
0x1239	0x11f4
0x123b	0x11f4
0x1240	0x123f
0x1243	0x123f
0x1248	0x1247
0x124a	0x1247
0x124c	0x1247
0x124e	0x1247
0x124f	0x1247
0x1250	0x1247
0x1251	0x1247
0x1254	0x1247
0x1259	0x1258
0x125b	0x1258
0x125d	0x1258
0x125f	0x1258
0x1260	0x1258
0x1261	0x1258
0x1262	0x1258
0x1263	0x1258
0x1267	0x1267
0x1269	0x1267
0x126a	0x1267
0x126e	0x1267
0x1270	0x1267
0x1273	0x1267
0x1275	0x1267
0x1276	0x1267
0x127a	0x1267
0x127f	0x127e
0x1283	0x127e
0x1285	0x127e
0x1287	0x127e
0x1289	0x127e
0x128a	0x127e
0x128b	0x127e
0x128c	0x127e
0x1291	0x1290
0x1292	0x1290
0x1296	0x1296
0x1299	0x1296
0x129b	0x1296
0x129d	0x1296
0x129f	0x1296
0x12a0	0x1296
0x12a2	0x1296
0x12a5	0x1296
0x12aa	0x12a9
0x12af	0x12ae
0x12b2	0x12ae
0x12b4	0x12ae
0x12b6	0x12ae
0x12b8	0x12ae
0x12b9	0x12ae
0x12bb	0x12ae
0x12bd	0x12ae
0x12c2	0x12c1
0x12e6	0x12c1
0x12e8	0x12c1
0x12e9	0x12c1
0x12f0	0x12c1
0x12f5	0x12f4
0x12f7	0x12f4
0x12fa	0x12f4
0x1302	0x1301
0x1304	0x1301
0x1305	0x1301
0x1307	0x1301
0x1309	0x1301
0x130b	0x1301
0x130c	0x1301
0x130d	0x1301
0x13d1	0x13d0
0x13d3	0x13d0
0x13d4	0x13d0
0x13d8	0x13d0
0x13da	0x13d0
0x13e1	0x13d0
0x13e3	0x13d0
0x13e5	0x13d0
0x13e7	0x13d0
0x13e8	0x13d0
0x13ea	0x13d0
0x13ec	0x13d0
0x13f1	0x13d0
0x13f9	0x13d0
0x13fb	0x13d0
0x13fc	0x13d0
0x1401	0x1400
0x1403	0x1400
0x1405	0x1400
0x1408	0x1400
0x140c	0x1400
0x140d	0x1400
0x140f	0x1400
0x1410	0x1400
0x1414	0x1414
0x141a	0x1418
0x141b	0x1418
0x141c	0x1418
0x141e	0x1418
0x141f	0x1418
0x1423	0x1423
0x1424	0x1423
0x1428	0x1423
0x1429	0x1423
0x1431	0x142c
0x1433	0x142c
0x1434	0x142c
0x1435	0x142c
0x1437	0x142c
0x1438	0x142c
0x143b	0x142c
0x143c	0x142c
0x143e	0x142c
0x1440	0x142c
0x1445	0x142c
0x1447	0x142c
0x144c	0x142c
0x1451	0x1450
0x1452	0x1450
0x1453	0x1450
0x1457	0x1457
0x1459	0x1457
0x145a	0x1457
0x145e	0x1457
0x1460	0x1457
0x1463	0x1457
0x1465	0x1457
0x1466	0x1457
0x146a	0x1457
0x146f	0x146e
0x1471	0x146e
0x1472	0x146e
0x1477	0x146e
0x1479	0x146e
0x147c	0x146e
0x147e	0x146e
0x1480	0x146e
0x1482	0x146e
0x1483	0x146e
0x1485	0x146e
0x1487	0x146e
0x148d	0x146e
0x1493	0x146e
0x1495	0x146e
0x1497	0x146e
0x1498	0x146e
0x149d	0x149c
0x149f	0x149c
0x14a1	0x149c
0x14a4	0x149c
0x14a8	0x149c
0x14a9	0x149c
0x14ab	0x149c
0x14ac	0x149c
0x14b0	0x14b0
0x14b6	0x14b4
0x14b7	0x14b4
0x14b8	0x14b4
0x14ba	0x14b4
0x14bb	0x14b4
0x14bf	0x14bf
0x14c0	0x14bf
0x14c4	0x14bf
0x14c5	0x14bf
0x14cd	0x14c8
0x14cf	0x14c8
0x14d0	0x14c8
0x14d1	0x14c8
0x14d3	0x14c8
0x14d4	0x14c8
0x14d7	0x14c8
0x14d8	0x14c8
0x14da	0x14c8
0x14dc	0x14c8
0x14e1	0x14c8
0x14e3	0x14c8
0x14e8	0x14c8
0x14ed	0x14ec
0x14f1	0x14f1
0x14f3	0x14f1
0x14f4	0x14f1
0x14f8	0x14f1
0x14fa	0x14f1
0x14fd	0x14f1
0x14ff	0x14f1
0x1500	0x14f1
0x1504	0x14f1
0x1509	0x1508
0x150c	0x1508
0x150d	0x1508
0x1511	0x1511
0x1513	0x1511
0x1514	0x1511
0x1518	0x1511
0x151a	0x1511
0x151d	0x1511
0x151f	0x1511
0x1520	0x1511
0x1524	0x1511
0x1529	0x1528
0x152b	0x1528
0x152c	0x1528
0x152d	0x1528
0x1531	0x1531
0x1533	0x1531
0x1534	0x1531
0x1538	0x1531
0x153a	0x1531
0x153d	0x1531
0x153f	0x1531
0x1540	0x1531
0x1544	0x1531
0x1549	0x1548
0x154c	0x1548
0x154d	0x1548
0x1551	0x1551
0x1553	0x1551
0x1554	0x1551
0x1558	0x1551
0x155a	0x1551
0x155d	0x1551
0x155f	0x1551
0x1560	0x1551
0x1564	0x1551
0x156b	0x1568
0x156c	0x1568
0x156d	0x1568
0x1571	0x1571
0x1573	0x1571
0x1574	0x1571
0x1578	0x1571
0x157a	0x1571
0x157d	0x1571
0x157f	0x1571
0x1580	0x1571
0x1584	0x1571
0x1593	0x1592
0x1597	0x1592
0x159a	0x1592
0x159b	0x1592
0x159c	0x1592
0x15a0	0x15a0
0x15a2	0x15a0
0x15a3	0x15a0
0x15a7	0x15a0
0x15a9	0x15a0
0x15ac	0x15a0
0x15ae	0x15a0
0x15af	0x15a0
0x15b3	0x15a0
0x15c3	0x15c2
0x15c6	0x15c2
0x15cb	0x15ca
0x15cd	0x15ca
0x15d4	0x15d1
0x15d9	0x15d1
0x15df	0x15de
0x15e0	0x15de
0x15e1	0x15de
0x15e5	0x15e5
0x15e7	0x15e5
0x15e8	0x15e5
0x15ec	0x15e5
0x15ee	0x15e5
0x15f1	0x15e5
0x15f3	0x15e5
0x15f4	0x15e5
0x15f8	0x15e5
0x165b	0x165a
0x165f	0x165a
0x1660	0x165a
0x1661	0x165a
0x1665	0x1665
0x1667	0x1665
0x1668	0x1665
0x166c	0x1665
0x166e	0x1665
0x1671	0x1665
0x1673	0x1665
0x1674	0x1665
0x1678	0x1665
0x167f	0x167c
0x199b	0x199a
0x199e	0x199a
0x19a0	0x199a
0x19a4	0x199a
0x19a5	0x199a
0x19a6	0x199a
0x19a7	0x199a
0x19b0	0x19ae
0x19b1	0x19ae
0x19b5	0x19ae
0x19bc	0x19b9
0x19bf	0x19b9
0x19c0	0x19b9
0x19c1	0x19b9
0x19c5	0x19b9
0x19d1	0x19c9
0x19d6	0x19c9
0x19d7	0x19c9
0x1a12	0x1a11
0x1a15	0x1a11
0x1a18	0x1a11
0x1a1b	0x1a11
0x1a1e	0x1a11
0x1a20	0x1a11
0x1a25	0x1a11
0x1a26	0x1a11
0x1a27	0x1a11
0x1a28	0x1a11
0x1a30	0x1a2f
0x1a35	0x1a2f
0x1a3c	0x1a39
0x1a3f	0x1a39
0x1a40	0x1a39
0x1a43	0x1a39
0x1a46	0x1a39
0x1a47	0x1a39
0x1a4a	0x1a39
0x1a4e	0x1a39
0x1a51	0x1a39
0x1a52	0x1a39
0x1a59	0x1a56
0x1a5c	0x1a56
0x1a5d	0x1a56
0x1a60	0x1a56
0x1a64	0x1a56
0x1a67	0x1a56
0x1a68	0x1a56
0x1a6f	0x1a6c
0x1a72	0x1a6c
0x1a73	0x1a6c
0x1a76	0x1a6c
0x1a79	0x1a6c
0x1a7a	0x1a6c
0x1a7d	0x1a6c
0x1a81	0x1a6c
0x1a82	0x1a6c
0x1ac6	0x1ac5
0x1ac8	0x1ac5
0x1acc	0x1ac5
0x1acd	0x1ac5
0x1ace	0x1ac5
0x1acf	0x1ac5
0x1ad8	0x1ad6
0x1b0a	0x1b09
0x1b0d	0x1b09
0x1b10	0x1b09
0x1b13	0x1b09
0x1b16	0x1b09
0x1b19	0x1b09
0x1b1e	0x1b09
0x1b1f	0x1b09
0x1b20	0x1b09
0x1b21	0x1b09
0x1b2a	0x1b28
0x1b2d	0x1b28
0x1b31	0x1b28
0x1b34	0x1b28
0x1b35	0x1b28
0x1b3c	0x1b39
0x1b3f	0x1b39
0x1b40	0x1b39
0x1b43	0x1b39
0x1b46	0x1b39
0x1b47	0x1b39
0x1b4a	0x1b39
0x1b4e	0x1b39
0x1b51	0x1b39
0x1b52	0x1b39
0x1b59	0x1b56
0x1b5c	0x1b56
0x1b5d	0x1b56
0x1b60	0x1b56
0x1b64	0x1b56
0x1b67	0x1b56
0x1b68	0x1b56
0x1b6f	0x1b6c
0x1b72	0x1b6c
0x1b73	0x1b6c
0x1b76	0x1b6c
0x1b7a	0x1b6c
0x1b7b	0x1b6c
0x1b7e	0x1b6c
0x1b82	0x1b6c
0x1b83	0x1b6c
0x1b95	0x1b94
0x1b98	0x1b94
0x1b9b	0x1b94
0x1b9e	0x1b94
0x1ba2	0x1b94
0x1ba3	0x1b94
0x1ba4	0x1b94
0x1ba5	0x1b94
0x1bae	0x1bac
0x1bb1	0x1bac
0x1bb4	0x1bac
0x1bb5	0x1bac
0x1bb8	0x1bac
0x1bbb	0x1bac
0x1bbc	0x1bac
0x1bbf	0x1bac
0x1bc2	0x1bac
0x1bc3	0x1bac
0x1bc4	0x1bac
0x1bc7	0x1bac
0x1bc9	0x1bac
0x1bca	0x1bac
0x1bd9	0x1bd1
0x1bdc	0x1bd1
0x1bdd	0x1bd1
0x1bdf	0x1bd1
0x1be3	0x1bd1
0x1be4	0x1bd1
0x1c32	0x1c31
0x1c34	0x1c31
0x1c36	0x1c31
0x1c38	0x1c31
0x1c39	0x1c31
0x1c3c	0x1c31
0x1c40	0x1c31
0x1c41	0x1c31
0x1c44	0x1c31
0x1c46	0x1c31
0x1c48	0x1c31
0x1c4c	0x1c4b
0x1c4e	0x1c4b
0x1c50	0x1c4b
0x1c52	0x1c4b
0x1c53	0x1c4b
0x1c56	0x1c4b
0x1c5c	0x1c4b
0x1c5d	0x1c4b
0x1c60	0x1c4b
0x1c62	0x1c4b
0x1c65	0x1c4b
0x1c67	0x1c4b
0x1c6a	0x1c4b
0x1c6f	0x1c4b
0x1c71	0x1c4b
0x1c74	0x1c4b
0x1c78	0x1c4b
0x1c7c	0x1c4b
0x1c7e	0x1c4b
0x1c80	0x1c4b
0x1cea	0x1ce6
0x1cef	0x1ce6
0x1cf0	0x1ce6
0x1cf3	0x1ce6
0x1cf5	0x1ce6
0x1cf8	0x1ce6
0x1cfa	0x1ce6
0x1cfd	0x1ce6
0x1cff	0x1ce6
0x1d01	0x1ce6
0x1d38	0x1d37
0x1d3d	0x1d37
0x1d41	0x1d37
0x1d43	0x1d37
0x1d64	0x1d37
0x1d67	0x1d37
0x1d69	0x1d37
0x1d6b	0x1d37
0x1da6	0x1da5
0x1dab	0x1da5
0x1daf	0x1da5
0x1db1	0x1da5
0x1dd2	0x1da5
0x1dd5	0x1da5
0x1dd7	0x1da5
0x1ddb	0x1da5
0x1ddd	0x1da5
0x1dde	0x1da5
0x1de1	0x1da5
0x1de3	0x1da5
0x1de5	0x1da5
0x1de9	0x1de8
0x1dee	0x1de8
0x1df2	0x1de8
0x1df4	0x1de8
0x1e15	0x1de8
0x1e18	0x1de8
0x1e1a	0x1de8
0x1e3b	0x1de8
0x1e3e	0x1de8
0x1e40	0x1de8
0x1e42	0x1de8
0x1e92	0x1e91
0x1e97	0x1e91
0x1e9b	0x1e91
0x1e9d	0x1e91
0x1ebe	0x1e91
0x1ec1	0x1e91
0x1ec3	0x1e91
0x1ec5	0x1e91
0x1f0f	0x1f0e
0x1f14	0x1f0e
0x1f18	0x1f0e
0x1f1a	0x1f0e
0x1f2f	0x1f0e
0x1f31	0x1f0e
0x1f32	0x1f0e
0x1f35	0x1f0e
0x1f37	0x1f0e
0x1f39	0x1f0e
0x1f3d	0x1f3c
0x1f42	0x1f3c
0x1f46	0x1f3c
0x1f48	0x1f3c
0x1f69	0x1f3c
0x1f6c	0x1f3c
0x1f6e	0x1f3c
0x1f8f	0x1f3c
0x1f92	0x1f3c
0x1f94	0x1f3c
0x1f96	0x1f3c
0x1f9a	0x1f99
0x1f9f	0x1f99
0x1fa3	0x1f99
0x1fa5	0x1f99
0x1fc6	0x1f99
0x1fc9	0x1f99
0x1fcb	0x1f99
0x1fcd	0x1f99
0x1fd1	0x1fd0
0x1fd6	0x1fd0
0x1fda	0x1fd0
0x1fdc	0x1fd0
0x1ffd	0x1fd0
0x2000	0x1fd0
0x2002	0x1fd0
0x2015	0x1fd0
0x2017	0x1fd0
0x2018	0x1fd0
0x201b	0x1fd0
0x201d	0x1fd0
0x201f	0x1fd0
0x2023	0x2022
0x2028	0x2022
0x202c	0x2022
0x202e	0x2022
0x204f	0x2022
0x2052	0x2022
0x2054	0x2022
0x2075	0x2022
0x2078	0x2022
0x207a	0x2022
0x207c	0x2022
0x20c1	0x20c0
0x20c6	0x20c0
0x20ca	0x20c0
0x20cc	0x20c0
0x20ed	0x20c0
0x20f0	0x20c0
0x20f2	0x20c0
0x2103	0x20c0
0x2105	0x20c0
0x2106	0x20c0
0x2109	0x20c0
0x210b	0x20c0
0x210d	0x20c0
0x2111	0x2110
0x2116	0x2110
0x211a	0x2110
0x211c	0x2110
0x213d	0x2110
0x2140	0x2110
0x2142	0x2110
0x2144	0x2110
0x2222	0x2221
0x2227	0x2221
0x222b	0x2221
0x222d	0x2221
0x224e	0x2221
0x2251	0x2221
0x2253	0x2221
0x2255	0x2221
0x2259	0x2258
0x225e	0x2258
0x2262	0x2258
0x2264	0x2258
0x227b	0x2258
0x227d	0x2258
0x227e	0x2258
0x2281	0x2258
0x2283	0x2258
0x2285	0x2258
0x2289	0x2288
0x228e	0x2288
0x2292	0x2288
0x2294	0x2288
0x22a8	0x2288
0x22aa	0x2288
0x22ab	0x2288
0x22ae	0x2288
0x22b0	0x2288
0x22b2	0x2288
0x22b6	0x22b5
0x22bb	0x22b5
0x22bf	0x22b5
0x22c1	0x22b5
0x22e2	0x22b5
0x22e5	0x22b5
0x22e7	0x22b5
0x22e9	0x22b5
0x22eb	0x22b5
0x22ec	0x22b5
0x22ef	0x22b5
0x22f1	0x22b5
0x22f3	0x22b5
0x22f7	0x22f6
0x22fc	0x22f6
0x2300	0x22f6
0x2302	0x22f6
0x2323	0x22f6
0x2326	0x22f6
0x2328	0x22f6
0x2349	0x22f6
0x234c	0x22f6
0x234e	0x22f6
0x2350	0x22f6
0x2354	0x2353
0x2359	0x2353
0x235d	0x2353
0x235f	0x2353
0x2380	0x2353
0x2383	0x2353
0x2385	0x2353
0x2387	0x2353
0x238b	0x238a
0x2390	0x238a
0x2394	0x238a
0x2396	0x238a
0x23a7	0x238a
0x23a9	0x238a
0x23aa	0x238a
0x23ad	0x238a
0x23af	0x238a
0x23b1	0x238a
0x23b5	0x23b4
0x23ba	0x23b4
0x23be	0x23b4
0x23c0	0x23b4
0x23e1	0x23b4
0x23e4	0x23b4
0x23e6	0x23b4
0x23e8	0x23b4
0x23ea	0x23b4
0x23eb	0x23b4
0x23ee	0x23b4
0x23f0	0x23b4
0x23f2	0x23b4
0x23f6	0x23f5
0x23fb	0x23f5
0x23ff	0x23f5
0x2401	0x23f5
0x2422	0x23f5
0x2425	0x23f5
0x2427	0x23f5
0x2429	0x23f5
0x2462	0x2461
0x2467	0x2461
0x246b	0x2461
0x246d	0x2461
0x248e	0x2461
0x2491	0x2461
0x2493	0x2461
0x249f	0x2461
0x24a1	0x2461
0x24a2	0x2461
0x24a5	0x2461
0x24a7	0x2461
0x24a9	0x2461
0x24ad	0x24ac
0x24b2	0x24ac
0x24b6	0x24ac
0x24b8	0x24ac
0x24d9	0x24ac
0x24dc	0x24ac
0x24de	0x24ac
0x24e3	0x24ac
0x24e5	0x24ac
0x24e6	0x24ac
0x24e9	0x24ac
0x24eb	0x24ac
0x24ed	0x24ac
0x24f1	0x24f0
0x24f6	0x24f0
0x24fa	0x24f0
0x24fc	0x24f0
0x251d	0x24f0
0x2520	0x24f0
0x2522	0x24f0
0x2524	0x24f0
0x26a9	0x26a5
0x26ab	0x26a5
0x26ad	0x26a5
0x26af	0x26a5
0x26b0	0x26a5
0x26b3	0x26a5
0x26b4	0x26a5
0x26b7	0x26a5
0x26bb	0x26a5
0x26bc	0x26a5
0x26bf	0x26a5
0x26c1	0x26a5
0x26c4	0x26a5
0x26c9	0x26a5
0x26cc	0x26a5
0x26d0	0x26a5
0x26d1	0x26a5
0x26d4	0x26a5
0x26d6	0x26a5
0x26d9	0x26a5
0x26db	0x26a5
0x26dd	0x26a5
0x27e7	0x27e6
0x280b	0x280a
0x282f	0x282e
0x2853	0x2852
0x2877	0x2876
0x2879	0x2876
0x287c	0x2876
0x2a82	0x2a81
0x2a84	0x2a81
0x2a87	0x2a81
0x2aaa	0x2aa9
0x2aac	0x2aa9
0x2aaf	0x2aa9
0x2ad2	0x2ad1
0x2ad4	0x2ad1
0x2ad7	0x2ad1
0x2afa	0x2af9
0x2afc	0x2af9
0x2aff	0x2af9
0x2b22	0x2b21
0x2b24	0x2b21
0x2b27	0x2b21
0x2b4a	0x2b49
0x2b4c	0x2b49
0x2b4f	0x2b49
0x2b72	0x2b71
0x2b74	0x2b71
0x2b77	0x2b71
0x2b9a	0x2b99
0x2b9c	0x2b99
0x2b9f	0x2b99
0x2bc2	0x2bc1
0x2bc4	0x2bc1
0x2bc7	0x2bc1
0x2bcc	0x2bc1
0x2bfc	0x2bfb
0x2bfe	0x2bfb
0x2c01	0x2bfb
0x2c24	0x2c23
0x2c26	0x2c23
0x2c29	0x2c23
0x2c4f	0x2c4e
0x2c51	0x2c4e
0x2c54	0x2c4e
0x2c77	0x2c76
0x2c79	0x2c76
0x2c7c	0x2c76
0x2c9f	0x2c9e
0x2ca1	0x2c9e
0x2ca4	0x2c9e
0x2cc7	0x2cc6
0x2cc9	0x2cc6
0x2ccc	0x2cc6
0x2cef	0x2cee
0x2cf1	0x2cee
0x2cf4	0x2cee
0x2d17	0x2d16
0x2d19	0x2d16
0x2d1c	0x2d16
0x2d3f	0x2d3e
0x2d41	0x2d3e
0x2d44	0x2d3e
0x2d67	0x2d66
0x2d69	0x2d66
0x2d6c	0x2d66
0x2d8f	0x2d8e
0x2d91	0x2d8e
0x2d94	0x2d8e
0x2db7	0x2db6
0x2db9	0x2db6
0x2dbc	0x2db6
0x2ddf	0x2dde
0x2de1	0x2dde
0x2de4	0x2dde
0x2e07	0x2e06
0x2e09	0x2e06
0x2e0c	0x2e06
0x2e2f	0x2e2e
0x2e31	0x2e2e
0x2e34	0x2e2e
0x2e5a	0x2e59
0x2e5c	0x2e59
0x2e5f	0x2e59
0x2e82	0x2e81
0x2e84	0x2e81
0x2e87	0x2e81
0x2eaa	0x2ea9
0x2eac	0x2ea9
0x2eaf	0x2ea9
0x2ed2	0x2ed1
0x2ed4	0x2ed1
0x2ed7	0x2ed1
0x2efa	0x2ef9
0x2efc	0x2ef9
0x2eff	0x2ef9
0x2f04	0x2ef9
0x2f34	0x2f33
0x2f36	0x2f33
0x2f39	0x2f33
0x2f5c	0x2f5b
0x2f5e	0x2f5b
0x2f61	0x2f5b
0x2f84	0x2f83
0x2f86	0x2f83
0x2f89	0x2f83
0x2fac	0x2fab
0x2fae	0x2fab
0x2fb1	0x2fab
0x2fd7	0x2fd6
0x2fd9	0x2fd6
0x2fdc	0x2fd6
0x304f	0x304e
0x3051	0x304e
0x3054	0x304e
0x3077	0x3076
0x3079	0x3076
0x307c	0x3076
0x309f	0x309e
0x30a1	0x309e
0x30a4	0x309e
0x30c7	0x30c6
0x30c9	0x30c6
0x30cc	0x30c6
0x30ef	0x30ee
0x30f1	0x30ee
0x30f4	0x30ee
0x3117	0x3116
0x3119	0x3116
0x311c	0x3116
0x3165	0x3164
0x3167	0x3164
0x316a	0x3164
0x31d8	0x31d7
0x31da	0x31d7
0x31dd	0x31d7
0x327b	0x327a
0x327d	0x327a
0x3280	0x327a
0x3559	0x0
0x355b	0x29
0x355d	0x34
0x355f	0x3f
0x3561	0x4a
0x3563	0x55
0x3565	0x64
0x3567	0x70
0x3569	0x7b
0x356b	0x86
0x356d	0xa1
0x356f	0xac
0x3571	0xb7
0x3573	0xc2
0x3575	0xcd
0x3577	0xdc
0x3579	0xe8
0x357b	0xf3
0x357d	0xfe
0x3580	0x357f
0x3583	0x3582
0x3586	0x3585
0x3589	0x3588
0x358c	0x358b
0x358f	0x358e
0x3592	0x3591
0x3595	0x3594
0x3598	0x3597
0x359b	0x359a
0x359e	0x359d
0x35a1	0x35a0
0x35a4	0x35a3
0x35a7	0x35a6
0x35aa	0x35a9
0x35ad	0x35ac
0x35b0	0x35af
0x35b3	0x35b2
0x35b6	0x35b5
0x12d	0x129
0x507	0x4ff
0xa3f	0xa37
0x11a6	0x119e
0x599	0x591
0xb94	0xb71
0xfd3	0xfcb
0x1051	0xfdf
0xbe5	0xbbb
0x2bb0x29d	0x2b20x29d
0x2bb0x31f	0x2b20x31f
0x2b60x29d	0x2b20x29d
0x2b60x31f	0x2b20x31f
0x1f10x1c8	0x1e80x1c8
0x1f10x27d	0x1e80x27d
0x1ec0x1c8	0x1e80x1c8
0x1ec0x27d	0x1e80x27d
0x19f0x186	0x19b0x186
0x19f0x1f5	0x19b0x1f5
0x59d_0x0	0x59d
0xaee_0x0	0xaee
0xfdf_0x1	0xfdf
0x29db0x29d	0x29d50x29d
0x29db0x31f	0x29d50x31f
0x29d80x29d	0x29d50x29d
0x29d80x31f	0x29d50x31f
0x29d60x29d	0x29d50x29d
0x29d60x31f	0x29d50x31f
0x292f0x1c8	0x29290x1c8
0x292f0x27d	0x29290x27d
0x292c0x1c8	0x29290x1c8
0x292c0x27d	0x29290x27d
0x292a0x1c8	0x29290x1c8
0x292a0x27d	0x29290x27d
0x28e60x186	0x28e00x186
0x28e60x1f5	0x28e00x1f5
0x28e30x186	0x28e00x186
0x28e30x1f5	0x28e00x1f5
0x28e10x186	0x28e00x186
0x28e10x1f5	0x28e00x1f5
0x1ce30x1c8	0x1cdb0x1c8
0x1ce30x27d	0x1cdb0x27d
0x1ce10x1c8	0x1cdb0x1c8
0x1ce10x27d	0x1cdb0x27d
0x1cde0x1c8	0x1cdb0x1c8
0x1cde0x27d	0x1cdb0x27d
0x1cdd0x1c8	0x1cdb0x1c8
0x1cdd0x27d	0x1cdb0x27d
0x1c2e0x29d	0x1c1d0x29d
0x1c2e0x31f	0x1c1d0x31f
0x1c2c0x29d	0x1c1d0x29d
0x1c2c0x31f	0x1c1d0x31f
0x1c290x29d	0x1c1d0x29d
0x1c290x31f	0x1c1d0x31f
0x1c250x29d	0x1c1d0x29d
0x1c250x31f	0x1c1d0x31f
0x1c240x29d	0x1c1d0x29d
0x1c240x31f	0x1c1d0x31f
0x1c220x29d	0x1c1d0x29d
0x1c220x31f	0x1c1d0x31f
0x1c200x29d	0x1c1d0x29d
0x1c200x31f	0x1c1d0x31f
0x1c1e0x29d	0x1c1d0x29d
0x1c1e0x31f	0x1c1d0x31f
0x2b50x29d	0x2b20x29d
0x2b50x31f	0x2b20x31f
0x2b30x29d	0x2b20x29d
0x2b30x31f	0x2b20x31f
0x1eb0x1c8	0x1e80x1c8
0x1eb0x27d	0x1e80x27d
0x1e90x1c8	0x1e80x1c8
0x1e90x27d	0x1e80x27d
0x1a40x186	0x19b0x186
0x1a40x1f5	0x19b0x1f5
0x19e0x186	0x19b0x186
0x19e0x1f5	0x19b0x1f5
0x19c0x186	0x19b0x186
0x19c0x1f5	0x19b0x1f5
0x25a9S0x472	0x25a8B0x472
0x25aeS0x472	0x25a8B0x472
0x25b2S0x472	0x25a8B0x472
0x25b4S0x472	0x25a8B0x472
0x25d5S0x472	0x25a8B0x472
0x25d8S0x472	0x25a8B0x472
0x25daS0x472	0x25a8B0x472
0x25dcS0x472	0x25a8B0x472
0x2080S0x4a6	0x207fB0x4a6
0x2085S0x4a6	0x207fB0x4a6
0x2089S0x4a6	0x207fB0x4a6
0x208bS0x4a6	0x207fB0x4a6
0x20acS0x4a6	0x207fB0x4a6
0x20afS0x4a6	0x207fB0x4a6
0x20b1S0x4a6	0x207fB0x4a6
0x20b3S0x4a6	0x207fB0x4a6
0x20b5S0x4a6	0x207fB0x4a6
0x20b6S0x4a6	0x207fB0x4a6
0x20b9S0x4a6	0x207fB0x4a6
0x20bbS0x4a6	0x207fB0x4a6
0x20bdS0x4a6	0x207fB0x4a6
0x1e46S0x4e0	0x1e45B0x4e0
0x1e4bS0x4e0	0x1e45B0x4e0
0x1e4fS0x4e0	0x1e45B0x4e0
0x1e51S0x4e0	0x1e45B0x4e0
0x1e72S0x4e0	0x1e45B0x4e0
0x1e75S0x4e0	0x1e45B0x4e0
0x1e77S0x4e0	0x1e45B0x4e0
0x1e84S0x4e0	0x1e45B0x4e0
0x1e86S0x4e0	0x1e45B0x4e0
0x1e87S0x4e0	0x1e45B0x4e0
0x1e8aS0x4e0	0x1e45B0x4e0
0x1e8cS0x4e0	0x1e45B0x4e0
0x1e8eS0x4e0	0x1e45B0x4e0
0x242dS0x815	0x242cB0x815
0x2434S0x815	0x242cB0x815
0x2436S0x815	0x242cB0x815
0x2457S0x815	0x242cB0x815
0x245aS0x815	0x242cB0x815
0x245cS0x815	0x242cB0x815
0x245eS0x815	0x242cB0x815
0x242dS0x90b	0x242cB0x90b
0x2434S0x90b	0x242cB0x90b
0x2436S0x90b	0x242cB0x90b
0x2457S0x90b	0x242cB0x90b
0x245aS0x90b	0x242cB0x90b
0x245cS0x90b	0x242cB0x90b
0x245eS0x90b	0x242cB0x90b
0x25a9S0x950	0x25a8B0x950
0x25aeS0x950	0x25a8B0x950
0x25b2S0x950	0x25a8B0x950
0x25b4S0x950	0x25a8B0x950
0x25d5S0x950	0x25a8B0x950
0x25d8S0x950	0x25a8B0x950
0x25daS0x950	0x25a8B0x950
0x25dcS0x950	0x25a8B0x950
0x1d6fS0xa6d	0x1d6eB0xa6d
0x1d74S0xa6d	0x1d6eB0xa6d
0x1d78S0xa6d	0x1d6eB0xa6d
0x1d7aS0xa6d	0x1d6eB0xa6d
0x1d9bS0xa6d	0x1d6eB0xa6d
0x1d9eS0xa6d	0x1d6eB0xa6d
0x1da0S0xa6d	0x1d6eB0xa6d
0x1da2S0xa6d	0x1d6eB0xa6d
0x2692S0xaf4	0x268eB0xaf4
0x2694S0xaf4	0x268eB0xaf4
0x2696S0xaf4	0x268eB0xaf4
0x2698S0xaf4	0x268eB0xaf4
0x2699S0xaf4	0x268eB0xaf4
0x269aS0xaf4	0x268eB0xaf4
0x269bS0xaf4	0x268eB0xaf4
0x269eS0xaf4	0x268eB0xaf4
0x26a0S0xaf4	0x268eB0xaf4
0x26a2S0xaf4	0x268eB0xaf4
0x242dS0xdff	0x242cB0xdff
0x2434S0xdff	0x242cB0xdff
0x2436S0xdff	0x242cB0xdff
0x2457S0xdff	0x242cB0xdff
0x245aS0xdff	0x242cB0xdff
0x245cS0xdff	0x242cB0xdff
0x245eS0xdff	0x242cB0xdff
0x242dS0xe94	0x242cB0xe94
0x2434S0xe94	0x242cB0xe94
0x2436S0xe94	0x242cB0xe94
0x2457S0xe94	0x242cB0xe94
0x245aS0xe94	0x242cB0xe94
0x245cS0xe94	0x242cB0xe94
0x245eS0xe94	0x242cB0xe94
0x25a9S0xf2e	0x25a8B0xf2e
0x25aeS0xf2e	0x25a8B0xf2e
0x25b2S0xf2e	0x25a8B0xf2e
0x25b4S0xf2e	0x25a8B0xf2e
0x25d5S0xf2e	0x25a8B0xf2e
0x25d8S0xf2e	0x25a8B0xf2e
0x25daS0xf2e	0x25a8B0xf2e
0x25dcS0xf2e	0x25a8B0xf2e
0x2080S0xf62	0x207fB0xf62
0x2085S0xf62	0x207fB0xf62
0x2089S0xf62	0x207fB0xf62
0x208bS0xf62	0x207fB0xf62
0x20acS0xf62	0x207fB0xf62
0x20afS0xf62	0x207fB0xf62
0x20b1S0xf62	0x207fB0xf62
0x20b3S0xf62	0x207fB0xf62
0x20b5S0xf62	0x207fB0xf62
0x20b6S0xf62	0x207fB0xf62
0x20b9S0xf62	0x207fB0xf62
0x20bbS0xf62	0x207fB0xf62
0x20bdS0xf62	0x207fB0xf62
0x1e46S0xf9c	0x1e45B0xf9c
0x1e4bS0xf9c	0x1e45B0xf9c
0x1e4fS0xf9c	0x1e45B0xf9c
0x1e51S0xf9c	0x1e45B0xf9c
0x1e72S0xf9c	0x1e45B0xf9c
0x1e75S0xf9c	0x1e45B0xf9c
0x1e77S0xf9c	0x1e45B0xf9c
0x1e84S0xf9c	0x1e45B0xf9c
0x1e86S0xf9c	0x1e45B0xf9c
0x1e87S0xf9c	0x1e45B0xf9c
0x1e8aS0xf9c	0x1e45B0xf9c
0x1e8cS0xf9c	0x1e45B0xf9c
0x1e8eS0xf9c	0x1e45B0xf9c
0x2080S0x117f	0x207fB0x117f
0x2085S0x117f	0x207fB0x117f
0x2089S0x117f	0x207fB0x117f
0x208bS0x117f	0x207fB0x117f
0x20acS0x117f	0x207fB0x117f
0x20afS0x117f	0x207fB0x117f
0x20b1S0x117f	0x207fB0x117f
0x20b3S0x117f	0x207fB0x117f
0x20b5S0x117f	0x207fB0x117f
0x20b6S0x117f	0x207fB0x117f
0x20b9S0x117f	0x207fB0x117f
0x20bbS0x117f	0x207fB0x117f
0x20bdS0x117f	0x207fB0x117f
0x1d6fS0x11b4	0x1d6eB0x11b4
0x1d74S0x11b4	0x1d6eB0x11b4
0x1d78S0x11b4	0x1d6eB0x11b4
0x1d7aS0x11b4	0x1d6eB0x11b4
0x1d9bS0x11b4	0x1d6eB0x11b4
0x1d9eS0x11b4	0x1d6eB0x11b4
0x1da0S0x11b4	0x1d6eB0x11b4
0x1da2S0x11b4	0x1d6eB0x11b4
0x242dS0x1267	0x242cB0x1267
0x2434S0x1267	0x242cB0x1267
0x2436S0x1267	0x242cB0x1267
0x2457S0x1267	0x242cB0x1267
0x245aS0x1267	0x242cB0x1267
0x245cS0x1267	0x242cB0x1267
0x245eS0x1267	0x242cB0x1267
0x1aaeS0x11a	0x1aadB0x11a
0x1ab0S0x11a	0x1aadB0x11a
0x1ab4S0x11a	0x1aadB0x11a
0x1ab5S0x11a	0x1aadB0x11a
0x1ab6S0x11a	0x1aadB0x11a
0x1ab7S0x11a	0x1aadB0x11a
0x1ac0S0x11a	0x1abeB0x11a
0x18e9S0x354	0x18e8B0x354
0x18ebS0x354	0x18e8B0x354
0x18edS0x354	0x18e8B0x354
0x18f0S0x354	0x18e8B0x354
0x18f1S0x354	0x18e8B0x354
0x18f5S0x354	0x18e8B0x354
0x18f7S0x354	0x18e8B0x354
0x18f9S0x354	0x18e8B0x354
0x18fbS0x354	0x18e8B0x354
0x18fdS0x354	0x18e8B0x354
0x18feS0x354	0x18e8B0x354
0x18ffS0x354	0x18e8B0x354
0x1902S0x354	0x18e8B0x354
0x1904S0x354	0x18e8B0x354
0x1905S0x354	0x18e8B0x354
0x1907S0x354	0x18e8B0x354
0x1909S0x354	0x18e8B0x354
0x190bS0x354	0x18e8B0x354
0x190dS0x354	0x18e8B0x354
0x190eS0x354	0x18e8B0x354
0x190fS0x354	0x18e8B0x354
0x1912S0x354	0x18e8B0x354
0x1914S0x354	0x18e8B0x354
0x1915S0x354	0x18e8B0x354
0x1919S0x354	0x18e8B0x354
0x191bS0x354	0x18e8B0x354
0x191cS0x354	0x18e8B0x354
0x1920S0x354	0x18e8B0x354
0x1922S0x354	0x18e8B0x354
0x1923S0x354	0x18e8B0x354
0x1925S0x354	0x18e8B0x354
0x1927S0x354	0x18e8B0x354
0x1929S0x354	0x18e8B0x354
0x192bS0x354	0x18e8B0x354
0x192cS0x354	0x18e8B0x354
0x192dS0x354	0x18e8B0x354
0x1930S0x354	0x18e8B0x354
0x1932S0x354	0x18e8B0x354
0x1933S0x354	0x18e8B0x354
0x1937S0x354	0x18e8B0x354
0x1939S0x354	0x18e8B0x354
0x193aS0x354	0x18e8B0x354
0x193cS0x354	0x18e8B0x354
0x193eS0x354	0x18e8B0x354
0x1940S0x354	0x18e8B0x354
0x1942S0x354	0x18e8B0x354
0x1943S0x354	0x18e8B0x354
0x1944S0x354	0x18e8B0x354
0x1947S0x354	0x18e8B0x354
0x1949S0x354	0x18e8B0x354
0x194aS0x354	0x18e8B0x354
0x194eS0x354	0x18e8B0x354
0x1950S0x354	0x18e8B0x354
0x1951S0x354	0x18e8B0x354
0x1955S0x354	0x18e8B0x354
0x1957S0x354	0x18e8B0x354
0x1958S0x354	0x18e8B0x354
0x195cS0x354	0x18e8B0x354
0x195eS0x354	0x18e8B0x354
0x195fS0x354	0x18e8B0x354
0x1961S0x354	0x18e8B0x354
0x1962S0x354	0x18e8B0x354
0x15bfS0x7ed	0x15beB0x7ed
0x8adS0x210	0x8acB0x210
0x8afS0x210	0x8acB0x210
0x8b3S0x210	0x8acB0x210
0x8b6S0x210	0x8acB0x210
0x8baS0x210	0x8b7B0x210
0x8bfS0x210	0x8b7B0x210
0x8c1S0x210	0x8b7B0x210
0x8c6S0x210	0x8b7B0x210
0x8caS0x210	0x8b7B0x210
0x8cbS0x210	0x8b7B0x210
0x8cdS0x210	0x8b7B0x210
0x8cfS0x210	0x8b7B0x210
0x8d1S0x210	0x8b7B0x210
0x8d2S0x210	0x8b7B0x210
0x8d4S0x210	0x8b7B0x210
0x8dbS0x210	0x8b7B0x210
0x8dcS0x210	0x8b7B0x210
0x15bfS0x8e3	0x15beB0x8e3
0x15bfS0xdd7	0x15beB0xdd7
0x15bfS0xe6c	0x15beB0xe6c
0xf14S0x2a9	0xf13B0x2a9
0xf16S0x2a9	0xf13B0x2a9
0xf17S0x2a9	0xf13B0x2a9
0xf19S0x2a9	0xf13B0x2a9
0xf1bS0x2a9	0xf13B0x2a9
0xf1dS0x2a9	0xf13B0x2a9
0xf1eS0x2a9	0xf13B0x2a9
0xf1fS0x2a9	0xf13B0x2a9
0x1aaeS0x2eb	0x1aadB0x2eb
0x1ab0S0x2eb	0x1aadB0x2eb
0x1ab4S0x2eb	0x1aadB0x2eb
0x1ab5S0x2eb	0x1aadB0x2eb
0x1ab6S0x2eb	0x1aadB0x2eb
0x1ab7S0x2eb	0x1aadB0x2eb
0x1ac0S0x2eb	0x1abeB0x2eb
0x15bfS0x123f	0x15beB0x123f
0x13710x134fS0x44d	0x135e0x134fB0x44d
0x136d0x134fS0x44d	0x135e0x134fB0x44d
0x136c0x134fS0x44d	0x135e0x134fB0x44d
0x136a0x134fS0x44d	0x135e0x134fB0x44d
0x13670x134fS0x44d	0x135e0x134fB0x44d
0x13650x134fS0x44d	0x135e0x134fB0x44d
0x13610x134fS0x44d	0x135e0x134fB0x44d
0x13600x134fS0x44d	0x135e0x134fB0x44d
0x135e0x134fS0x44d	0x135e0x134fB0x44d
0x1350S0x44d	0x134fB0x44d
0x1352S0x44d	0x134fB0x44d
0x1354S0x44d	0x134fB0x44d
0x1356S0x44d	0x134fB0x44d
0x1357S0x44d	0x134fB0x44d
0x1359S0x44d	0x134fB0x44d
0x135aS0x44d	0x134fB0x44d
0x13cc0x134fS0x44d	0x13750x134fB0x44d
0x13c80x134fS0x44d	0x13750x134fB0x44d
0x13c40x134fS0x44d	0x13750x134fB0x44d
0x13c30x134fS0x44d	0x13750x134fB0x44d
0x13c10x134fS0x44d	0x13750x134fB0x44d
0x13bf0x134fS0x44d	0x13750x134fB0x44d
0x13bd0x134fS0x44d	0x13750x134fB0x44d
0x13bc0x134fS0x44d	0x13750x134fB0x44d
0x13bb0x134fS0x44d	0x13750x134fB0x44d
0x13ba0x134fS0x44d	0x13750x134fB0x44d
0x13b90x134fS0x44d	0x13750x134fB0x44d
0x13b70x134fS0x44d	0x13750x134fB0x44d
0x13b50x134fS0x44d	0x13750x134fB0x44d
0x13b30x134fS0x44d	0x13750x134fB0x44d
0x13b20x134fS0x44d	0x13750x134fB0x44d
0x13af0x134fS0x44d	0x13750x134fB0x44d
0x138c0x134fS0x44d	0x13750x134fB0x44d
0x138a0x134fS0x44d	0x13750x134fB0x44d
0x13870x134fS0x44d	0x13750x134fB0x44d
0x13840x134fS0x44d	0x13750x134fB0x44d
0x13830x134fS0x44d	0x13750x134fB0x44d
0x13810x134fS0x44d	0x13750x134fB0x44d
0x137f0x134fS0x44d	0x13750x134fB0x44d
0x137d0x134fS0x44d	0x13750x134fB0x44d
0x137c0x134fS0x44d	0x13750x134fB0x44d
0x137a0x134fS0x44d	0x13750x134fB0x44d
0x13790x134fS0x44d	0x13750x134fB0x44d
0x13760x134fS0x44d	0x13750x134fB0x44d
0x1f0b0x134fS0x44d	0x1ec80x134fB0x44d
0x1f090x134fS0x44d	0x1ec80x134fB0x44d
0x1f070x134fS0x44d	0x1ec80x134fB0x44d
0x1f040x134fS0x44d	0x1ec80x134fB0x44d
0x1f030x134fS0x44d	0x1ec80x134fB0x44d
0x1f010x134fS0x44d	0x1ec80x134fB0x44d
0x1efa0x134fS0x44d	0x1ec80x134fB0x44d
0x1ef80x134fS0x44d	0x1ec80x134fB0x44d
0x1ef50x134fS0x44d	0x1ec80x134fB0x44d
0x1ed40x134fS0x44d	0x1ec80x134fB0x44d
0x1ed20x134fS0x44d	0x1ec80x134fB0x44d
0x1ece0x134fS0x44d	0x1ec80x134fB0x44d
0x1ec90x134fS0x44d	0x1ec80x134fB0x44d
0x302c0x134fS0x44d	0x30260x134fB0x44d
0x30290x134fS0x44d	0x30260x134fB0x44d
0x30270x134fS0x44d	0x30260x134fB0x44d
0x18e9S0x4f7	0x18e8B0x4f7
0x18ebS0x4f7	0x18e8B0x4f7
0x18edS0x4f7	0x18e8B0x4f7
0x18f0S0x4f7	0x18e8B0x4f7
0x18f1S0x4f7	0x18e8B0x4f7
0x18f5S0x4f7	0x18e8B0x4f7
0x18f7S0x4f7	0x18e8B0x4f7
0x18f9S0x4f7	0x18e8B0x4f7
0x18fbS0x4f7	0x18e8B0x4f7
0x18fdS0x4f7	0x18e8B0x4f7
0x18feS0x4f7	0x18e8B0x4f7
0x18ffS0x4f7	0x18e8B0x4f7
0x1902S0x4f7	0x18e8B0x4f7
0x1904S0x4f7	0x18e8B0x4f7
0x1905S0x4f7	0x18e8B0x4f7
0x1907S0x4f7	0x18e8B0x4f7
0x1909S0x4f7	0x18e8B0x4f7
0x190bS0x4f7	0x18e8B0x4f7
0x190dS0x4f7	0x18e8B0x4f7
0x190eS0x4f7	0x18e8B0x4f7
0x190fS0x4f7	0x18e8B0x4f7
0x1912S0x4f7	0x18e8B0x4f7
0x1914S0x4f7	0x18e8B0x4f7
0x1915S0x4f7	0x18e8B0x4f7
0x1919S0x4f7	0x18e8B0x4f7
0x191bS0x4f7	0x18e8B0x4f7
0x191cS0x4f7	0x18e8B0x4f7
0x1920S0x4f7	0x18e8B0x4f7
0x1922S0x4f7	0x18e8B0x4f7
0x1923S0x4f7	0x18e8B0x4f7
0x1925S0x4f7	0x18e8B0x4f7
0x1927S0x4f7	0x18e8B0x4f7
0x1929S0x4f7	0x18e8B0x4f7
0x192bS0x4f7	0x18e8B0x4f7
0x192cS0x4f7	0x18e8B0x4f7
0x192dS0x4f7	0x18e8B0x4f7
0x1930S0x4f7	0x18e8B0x4f7
0x1932S0x4f7	0x18e8B0x4f7
0x1933S0x4f7	0x18e8B0x4f7
0x1937S0x4f7	0x18e8B0x4f7
0x1939S0x4f7	0x18e8B0x4f7
0x193aS0x4f7	0x18e8B0x4f7
0x193cS0x4f7	0x18e8B0x4f7
0x193eS0x4f7	0x18e8B0x4f7
0x1940S0x4f7	0x18e8B0x4f7
0x1942S0x4f7	0x18e8B0x4f7
0x1943S0x4f7	0x18e8B0x4f7
0x1944S0x4f7	0x18e8B0x4f7
0x1947S0x4f7	0x18e8B0x4f7
0x1949S0x4f7	0x18e8B0x4f7
0x194aS0x4f7	0x18e8B0x4f7
0x194eS0x4f7	0x18e8B0x4f7
0x1950S0x4f7	0x18e8B0x4f7
0x1951S0x4f7	0x18e8B0x4f7
0x1955S0x4f7	0x18e8B0x4f7
0x1957S0x4f7	0x18e8B0x4f7
0x1958S0x4f7	0x18e8B0x4f7
0x195cS0x4f7	0x18e8B0x4f7
0x195eS0x4f7	0x18e8B0x4f7
0x195fS0x4f7	0x18e8B0x4f7
0x1961S0x4f7	0x18e8B0x4f7
0x1962S0x4f7	0x18e8B0x4f7
0x1cc3S0x13d0	0x1cc2B0x13d0
0x1cc5S0x13d0	0x1cc2B0x13d0
0x1cc7S0x13d0	0x1cc2B0x13d0
0x1cc9S0x13d0	0x1cc2B0x13d0
0x1ccaS0x13d0	0x1cc2B0x13d0
0x1cceS0x13d0	0x1cc2B0x13d0
0x1cd1S0x13d0	0x1cc2B0x13d0
0x1cd4S0x13d0	0x1cc2B0x13d0
0x1cd6S0x13d0	0x1cc2B0x13d0
0x1cd8S0x13d0	0x1cc2B0x13d0
0x26e4S0x59d	0x26e0B0x59d
0x26e6S0x59d	0x26e0B0x59d
0x26e8S0x59d	0x26e0B0x59d
0x26eaS0x59d	0x26e0B0x59d
0x26ebS0x59d	0x26e0B0x59d
0x26eeS0x59d	0x26e0B0x59d
0x26efS0x59d	0x26e0B0x59d
0x26f2S0x59d	0x26e0B0x59d
0x26f6S0x59d	0x26e0B0x59d
0x26f7S0x59d	0x26e0B0x59d
0x26faS0x59d	0x26e0B0x59d
0x26fcS0x59d	0x26e0B0x59d
0x26ffS0x59d	0x26e0B0x59d
0x2704S0x59d	0x26e0B0x59d
0x2707S0x59d	0x26e0B0x59d
0x270eS0x59d	0x26e0B0x59d
0x270fS0x59d	0x26e0B0x59d
0x2712S0x59d	0x26e0B0x59d
0x2714S0x59d	0x26e0B0x59d
0x2717S0x59d	0x26e0B0x59d
0x271bS0x59d	0x26e0B0x59d
0x271cS0x59d	0x26e0B0x59d
0x271fS0x59d	0x26e0B0x59d
0x2721S0x59d	0x26e0B0x59d
0x2725S0x59d	0x26e0B0x59d
0x272aS0x59d	0x26e0B0x59d
0x272eS0x59d	0x26e0B0x59d
0x2733S0x59d	0x26e0B0x59d
0x2737S0x59d	0x26e0B0x59d
0x2739S0x59d	0x26e0B0x59d
0x273cS0x59d	0x26e0B0x59d
0xf14S0x7f5	0xf13B0x7f5
0xf16S0x7f5	0xf13B0x7f5
0xf17S0x7f5	0xf13B0x7f5
0xf19S0x7f5	0xf13B0x7f5
0xf1bS0x7f5	0xf13B0x7f5
0xf1dS0x7f5	0xf13B0x7f5
0xf1eS0x7f5	0xf13B0x7f5
0xf1fS0x7f5	0xf13B0x7f5
0x1ca8S0x82c	0x1ca7B0x82c
0x1caaS0x82c	0x1ca7B0x82c
0x1cacS0x82c	0x1ca7B0x82c
0x1caeS0x82c	0x1ca7B0x82c
0x1cafS0x82c	0x1ca7B0x82c
0x1cb3S0x82c	0x1ca7B0x82c
0x1cb6S0x82c	0x1ca7B0x82c
0x1cb7S0x82c	0x1ca7B0x82c
0x1cb8S0x82c	0x1ca7B0x82c
0x1cbbS0x82c	0x1ca7B0x82c
0x1cbdS0x82c	0x1ca7B0x82c
0x1cbfS0x82c	0x1ca7B0x82c
0xf14S0x8eb	0xf13B0x8eb
0xf16S0x8eb	0xf13B0x8eb
0xf17S0x8eb	0xf13B0x8eb
0xf19S0x8eb	0xf13B0x8eb
0xf1bS0x8eb	0xf13B0x8eb
0xf1dS0x8eb	0xf13B0x8eb
0xf1eS0x8eb	0xf13B0x8eb
0xf1fS0x8eb	0xf13B0x8eb
0x18e9S0xa1e	0x18e8B0xa1e
0x18ebS0xa1e	0x18e8B0xa1e
0x18edS0xa1e	0x18e8B0xa1e
0x18f0S0xa1e	0x18e8B0xa1e
0x18f1S0xa1e	0x18e8B0xa1e
0x18f5S0xa1e	0x18e8B0xa1e
0x18f7S0xa1e	0x18e8B0xa1e
0x18f9S0xa1e	0x18e8B0xa1e
0x18fbS0xa1e	0x18e8B0xa1e
0x18fdS0xa1e	0x18e8B0xa1e
0x18feS0xa1e	0x18e8B0xa1e
0x18ffS0xa1e	0x18e8B0xa1e
0x1902S0xa1e	0x18e8B0xa1e
0x1904S0xa1e	0x18e8B0xa1e
0x1905S0xa1e	0x18e8B0xa1e
0x1907S0xa1e	0x18e8B0xa1e
0x1909S0xa1e	0x18e8B0xa1e
0x190bS0xa1e	0x18e8B0xa1e
0x190dS0xa1e	0x18e8B0xa1e
0x190eS0xa1e	0x18e8B0xa1e
0x190fS0xa1e	0x18e8B0xa1e
0x1912S0xa1e	0x18e8B0xa1e
0x1914S0xa1e	0x18e8B0xa1e
0x1915S0xa1e	0x18e8B0xa1e
0x1919S0xa1e	0x18e8B0xa1e
0x191bS0xa1e	0x18e8B0xa1e
0x191cS0xa1e	0x18e8B0xa1e
0x1920S0xa1e	0x18e8B0xa1e
0x1922S0xa1e	0x18e8B0xa1e
0x1923S0xa1e	0x18e8B0xa1e
0x1925S0xa1e	0x18e8B0xa1e
0x1927S0xa1e	0x18e8B0xa1e
0x1929S0xa1e	0x18e8B0xa1e
0x192bS0xa1e	0x18e8B0xa1e
0x192cS0xa1e	0x18e8B0xa1e
0x192dS0xa1e	0x18e8B0xa1e
0x1930S0xa1e	0x18e8B0xa1e
0x1932S0xa1e	0x18e8B0xa1e
0x1933S0xa1e	0x18e8B0xa1e
0x1937S0xa1e	0x18e8B0xa1e
0x1939S0xa1e	0x18e8B0xa1e
0x193aS0xa1e	0x18e8B0xa1e
0x193cS0xa1e	0x18e8B0xa1e
0x193eS0xa1e	0x18e8B0xa1e
0x1940S0xa1e	0x18e8B0xa1e
0x1942S0xa1e	0x18e8B0xa1e
0x1943S0xa1e	0x18e8B0xa1e
0x1944S0xa1e	0x18e8B0xa1e
0x1947S0xa1e	0x18e8B0xa1e
0x1949S0xa1e	0x18e8B0xa1e
0x194aS0xa1e	0x18e8B0xa1e
0x194eS0xa1e	0x18e8B0xa1e
0x1950S0xa1e	0x18e8B0xa1e
0x1951S0xa1e	0x18e8B0xa1e
0x1955S0xa1e	0x18e8B0xa1e
0x1957S0xa1e	0x18e8B0xa1e
0x1958S0xa1e	0x18e8B0xa1e
0x195cS0xa1e	0x18e8B0xa1e
0x195eS0xa1e	0x18e8B0xa1e
0x195fS0xa1e	0x18e8B0xa1e
0x1961S0xa1e	0x18e8B0xa1e
0x1962S0xa1e	0x18e8B0xa1e
0x2689S0xc49	0x2685B0xc49
0x268bS0xc49	0x2685B0xc49
0xf14S0xddf	0xf13B0xddf
0xf16S0xddf	0xf13B0xddf
0xf17S0xddf	0xf13B0xddf
0xf19S0xddf	0xf13B0xddf
0xf1bS0xddf	0xf13B0xddf
0xf1dS0xddf	0xf13B0xddf
0xf1eS0xddf	0xf13B0xddf
0xf1fS0xddf	0xf13B0xddf
0x1ca8S0xe16	0x1ca7B0xe16
0x1caaS0xe16	0x1ca7B0xe16
0x1cacS0xe16	0x1ca7B0xe16
0x1caeS0xe16	0x1ca7B0xe16
0x1cafS0xe16	0x1ca7B0xe16
0x1cb3S0xe16	0x1ca7B0xe16
0x1cb6S0xe16	0x1ca7B0xe16
0x1cb7S0xe16	0x1ca7B0xe16
0x1cb8S0xe16	0x1ca7B0xe16
0x1cbbS0xe16	0x1ca7B0xe16
0x1cbdS0xe16	0x1ca7B0xe16
0x1cbfS0xe16	0x1ca7B0xe16
0xf14S0xe74	0xf13B0xe74
0xf16S0xe74	0xf13B0xe74
0xf17S0xe74	0xf13B0xe74
0xf19S0xe74	0xf13B0xe74
0xf1bS0xe74	0xf13B0xe74
0xf1dS0xe74	0xf13B0xe74
0xf1eS0xe74	0xf13B0xe74
0xf1fS0xe74	0xf13B0xe74
0x18e9S0xfd7	0x18e8B0xfd7
0x18ebS0xfd7	0x18e8B0xfd7
0x18edS0xfd7	0x18e8B0xfd7
0x18f0S0xfd7	0x18e8B0xfd7
0x18f1S0xfd7	0x18e8B0xfd7
0x18f5S0xfd7	0x18e8B0xfd7
0x18f7S0xfd7	0x18e8B0xfd7
0x18f9S0xfd7	0x18e8B0xfd7
0x18fbS0xfd7	0x18e8B0xfd7
0x18fdS0xfd7	0x18e8B0xfd7
0x18feS0xfd7	0x18e8B0xfd7
0x18ffS0xfd7	0x18e8B0xfd7
0x1902S0xfd7	0x18e8B0xfd7
0x1904S0xfd7	0x18e8B0xfd7
0x1905S0xfd7	0x18e8B0xfd7
0x1907S0xfd7	0x18e8B0xfd7
0x1909S0xfd7	0x18e8B0xfd7
0x190bS0xfd7	0x18e8B0xfd7
0x190dS0xfd7	0x18e8B0xfd7
0x190eS0xfd7	0x18e8B0xfd7
0x190fS0xfd7	0x18e8B0xfd7
0x1912S0xfd7	0x18e8B0xfd7
0x1914S0xfd7	0x18e8B0xfd7
0x1915S0xfd7	0x18e8B0xfd7
0x1919S0xfd7	0x18e8B0xfd7
0x191bS0xfd7	0x18e8B0xfd7
0x191cS0xfd7	0x18e8B0xfd7
0x1920S0xfd7	0x18e8B0xfd7
0x1922S0xfd7	0x18e8B0xfd7
0x1923S0xfd7	0x18e8B0xfd7
0x1925S0xfd7	0x18e8B0xfd7
0x1927S0xfd7	0x18e8B0xfd7
0x1929S0xfd7	0x18e8B0xfd7
0x192bS0xfd7	0x18e8B0xfd7
0x192cS0xfd7	0x18e8B0xfd7
0x192dS0xfd7	0x18e8B0xfd7
0x1930S0xfd7	0x18e8B0xfd7
0x1932S0xfd7	0x18e8B0xfd7
0x1933S0xfd7	0x18e8B0xfd7
0x1937S0xfd7	0x18e8B0xfd7
0x1939S0xfd7	0x18e8B0xfd7
0x193aS0xfd7	0x18e8B0xfd7
0x193cS0xfd7	0x18e8B0xfd7
0x193eS0xfd7	0x18e8B0xfd7
0x1940S0xfd7	0x18e8B0xfd7
0x1942S0xfd7	0x18e8B0xfd7
0x1943S0xfd7	0x18e8B0xfd7
0x1944S0xfd7	0x18e8B0xfd7
0x1947S0xfd7	0x18e8B0xfd7
0x1949S0xfd7	0x18e8B0xfd7
0x194aS0xfd7	0x18e8B0xfd7
0x194eS0xfd7	0x18e8B0xfd7
0x1950S0xfd7	0x18e8B0xfd7
0x1951S0xfd7	0x18e8B0xfd7
0x1955S0xfd7	0x18e8B0xfd7
0x1957S0xfd7	0x18e8B0xfd7
0x1958S0xfd7	0x18e8B0xfd7
0x195cS0xfd7	0x18e8B0xfd7
0x195eS0xfd7	0x18e8B0xfd7
0x195fS0xfd7	0x18e8B0xfd7
0x1961S0xfd7	0x18e8B0xfd7
0x1962S0xfd7	0x18e8B0xfd7
0x26e4S0x1052	0x26e0B0x1052
0x26e6S0x1052	0x26e0B0x1052
0x26e8S0x1052	0x26e0B0x1052
0x26eaS0x1052	0x26e0B0x1052
0x26ebS0x1052	0x26e0B0x1052
0x26eeS0x1052	0x26e0B0x1052
0x26efS0x1052	0x26e0B0x1052
0x26f2S0x1052	0x26e0B0x1052
0x26f6S0x1052	0x26e0B0x1052
0x26f7S0x1052	0x26e0B0x1052
0x26faS0x1052	0x26e0B0x1052
0x26fcS0x1052	0x26e0B0x1052
0x26ffS0x1052	0x26e0B0x1052
0x2704S0x1052	0x26e0B0x1052
0x2707S0x1052	0x26e0B0x1052
0x270eS0x1052	0x26e0B0x1052
0x270fS0x1052	0x26e0B0x1052
0x2712S0x1052	0x26e0B0x1052
0x2714S0x1052	0x26e0B0x1052
0x2717S0x1052	0x26e0B0x1052
0x271bS0x1052	0x26e0B0x1052
0x271cS0x1052	0x26e0B0x1052
0x271fS0x1052	0x26e0B0x1052
0x2721S0x1052	0x26e0B0x1052
0x2725S0x1052	0x26e0B0x1052
0x272aS0x1052	0x26e0B0x1052
0x272eS0x1052	0x26e0B0x1052
0x2733S0x1052	0x26e0B0x1052
0x2737S0x1052	0x26e0B0x1052
0x2739S0x1052	0x26e0B0x1052
0x273cS0x1052	0x26e0B0x1052
0x18e9S0x1196	0x18e8B0x1196
0x18ebS0x1196	0x18e8B0x1196
0x18edS0x1196	0x18e8B0x1196
0x18f0S0x1196	0x18e8B0x1196
0x18f1S0x1196	0x18e8B0x1196
0x18f5S0x1196	0x18e8B0x1196
0x18f7S0x1196	0x18e8B0x1196
0x18f9S0x1196	0x18e8B0x1196
0x18fbS0x1196	0x18e8B0x1196
0x18fdS0x1196	0x18e8B0x1196
0x18feS0x1196	0x18e8B0x1196
0x18ffS0x1196	0x18e8B0x1196
0x1902S0x1196	0x18e8B0x1196
0x1904S0x1196	0x18e8B0x1196
0x1905S0x1196	0x18e8B0x1196
0x1907S0x1196	0x18e8B0x1196
0x1909S0x1196	0x18e8B0x1196
0x190bS0x1196	0x18e8B0x1196
0x190dS0x1196	0x18e8B0x1196
0x190eS0x1196	0x18e8B0x1196
0x190fS0x1196	0x18e8B0x1196
0x1912S0x1196	0x18e8B0x1196
0x1914S0x1196	0x18e8B0x1196
0x1915S0x1196	0x18e8B0x1196
0x1919S0x1196	0x18e8B0x1196
0x191bS0x1196	0x18e8B0x1196
0x191cS0x1196	0x18e8B0x1196
0x1920S0x1196	0x18e8B0x1196
0x1922S0x1196	0x18e8B0x1196
0x1923S0x1196	0x18e8B0x1196
0x1925S0x1196	0x18e8B0x1196
0x1927S0x1196	0x18e8B0x1196
0x1929S0x1196	0x18e8B0x1196
0x192bS0x1196	0x18e8B0x1196
0x192cS0x1196	0x18e8B0x1196
0x192dS0x1196	0x18e8B0x1196
0x1930S0x1196	0x18e8B0x1196
0x1932S0x1196	0x18e8B0x1196
0x1933S0x1196	0x18e8B0x1196
0x1937S0x1196	0x18e8B0x1196
0x1939S0x1196	0x18e8B0x1196
0x193aS0x1196	0x18e8B0x1196
0x193cS0x1196	0x18e8B0x1196
0x193eS0x1196	0x18e8B0x1196
0x1940S0x1196	0x18e8B0x1196
0x1942S0x1196	0x18e8B0x1196
0x1943S0x1196	0x18e8B0x1196
0x1944S0x1196	0x18e8B0x1196
0x1947S0x1196	0x18e8B0x1196
0x1949S0x1196	0x18e8B0x1196
0x194aS0x1196	0x18e8B0x1196
0x194eS0x1196	0x18e8B0x1196
0x1950S0x1196	0x18e8B0x1196
0x1951S0x1196	0x18e8B0x1196
0x1955S0x1196	0x18e8B0x1196
0x1957S0x1196	0x18e8B0x1196
0x1958S0x1196	0x18e8B0x1196
0x195cS0x1196	0x18e8B0x1196
0x195eS0x1196	0x18e8B0x1196
0x195fS0x1196	0x18e8B0x1196
0x1961S0x1196	0x18e8B0x1196
0x1962S0x1196	0x18e8B0x1196
0x2692S0x11f4	0x268eB0x11f4
0x2694S0x11f4	0x268eB0x11f4
0x2696S0x11f4	0x268eB0x11f4
0x2698S0x11f4	0x268eB0x11f4
0x2699S0x11f4	0x268eB0x11f4
0x269aS0x11f4	0x268eB0x11f4
0x269bS0x11f4	0x268eB0x11f4
0x269eS0x11f4	0x268eB0x11f4
0x26a0S0x11f4	0x268eB0x11f4
0x26a2S0x11f4	0x268eB0x11f4
0xf14S0x1247	0xf13B0x1247
0xf16S0x1247	0xf13B0x1247
0xf17S0x1247	0xf13B0x1247
0xf19S0x1247	0xf13B0x1247
0xf1bS0x1247	0xf13B0x1247
0xf1dS0x1247	0xf13B0x1247
0xf1eS0x1247	0xf13B0x1247
0xf1fS0x1247	0xf13B0x1247
0x1683S0x127e	0x1682B0x127e
0x1684S0x127e	0x1682B0x127e
0x1685S0x127e	0x1682B0x127e
0x1c84S0x12c1	0x1c83B0x12c1
0x1c86S0x12c1	0x1c83B0x12c1
0x1c88S0x12c1	0x1c83B0x12c1
0x1c8aS0x12c1	0x1c83B0x12c1
0x1c8bS0x12c1	0x1c83B0x12c1
0x1c8eS0x12c1	0x1c83B0x12c1
0x1c94S0x12c1	0x1c83B0x12c1
0x1c95S0x12c1	0x1c83B0x12c1
0x1c98S0x12c1	0x1c83B0x12c1
0x1c9aS0x12c1	0x1c83B0x12c1
0x1c9dS0x12c1	0x1c83B0x12c1
0x1ca2S0x12c1	0x1c83B0x12c1
0x1ca4S0x12c1	0x1c83B0x12c1
0x277cS0x19ae	0x277cB0x19ae
0x276cS0x19ae	0x276bB0x19ae
0x276eS0x19ae	0x276bB0x19ae
0x2770S0x19ae	0x276bB0x19ae
0x2772S0x19ae	0x276bB0x19ae
0x2773S0x19ae	0x276bB0x19ae
0x2775S0x19ae	0x276bB0x19ae
0x2777S0x19ae	0x276bB0x19ae
0x2778S0x19ae	0x276bB0x19ae
0x277cS0x19b9	0x277cB0x19b9
0x276cS0x19b9	0x276bB0x19b9
0x276eS0x19b9	0x276bB0x19b9
0x2770S0x19b9	0x276bB0x19b9
0x2772S0x19b9	0x276bB0x19b9
0x2773S0x19b9	0x276bB0x19b9
0x2775S0x19b9	0x276bB0x19b9
0x2777S0x19b9	0x276bB0x19b9
0x2778S0x19b9	0x276bB0x19b9
0x197bS0x1a2f	0x197bB0x1a2f
0x196aS0x1a2f	0x1968B0x1a2f
0x196bS0x1a2f	0x1968B0x1a2f
0x196dS0x1a2f	0x1968B0x1a2f
0x196fS0x1a2f	0x1968B0x1a2f
0x1971S0x1a2f	0x1968B0x1a2f
0x1972S0x1a2f	0x1968B0x1a2f
0x1974S0x1a2f	0x1968B0x1a2f
0x1976S0x1a2f	0x1968B0x1a2f
0x1977S0x1a2f	0x1968B0x1a2f
0x197bS0x1a39	0x197bB0x1a39
0x196aS0x1a39	0x1968B0x1a39
0x196bS0x1a39	0x1968B0x1a39
0x196dS0x1a39	0x1968B0x1a39
0x196fS0x1a39	0x1968B0x1a39
0x1971S0x1a39	0x1968B0x1a39
0x1972S0x1a39	0x1968B0x1a39
0x1974S0x1a39	0x1968B0x1a39
0x1976S0x1a39	0x1968B0x1a39
0x1977S0x1a39	0x1968B0x1a39
0x197bS0x1a56	0x197bB0x1a56
0x196aS0x1a56	0x1968B0x1a56
0x196bS0x1a56	0x1968B0x1a56
0x196dS0x1a56	0x1968B0x1a56
0x196fS0x1a56	0x1968B0x1a56
0x1971S0x1a56	0x1968B0x1a56
0x1972S0x1a56	0x1968B0x1a56
0x1974S0x1a56	0x1968B0x1a56
0x1976S0x1a56	0x1968B0x1a56
0x1977S0x1a56	0x1968B0x1a56
0x197bS0x1b28	0x197bB0x1b28
0x196aS0x1b28	0x1968B0x1b28
0x196bS0x1b28	0x1968B0x1b28
0x196dS0x1b28	0x1968B0x1b28
0x196fS0x1b28	0x1968B0x1b28
0x1971S0x1b28	0x1968B0x1b28
0x1972S0x1b28	0x1968B0x1b28
0x1974S0x1b28	0x1968B0x1b28
0x1976S0x1b28	0x1968B0x1b28
0x1977S0x1b28	0x1968B0x1b28
0x197bS0x1b39	0x197bB0x1b39
0x196aS0x1b39	0x1968B0x1b39
0x196bS0x1b39	0x1968B0x1b39
0x196dS0x1b39	0x1968B0x1b39
0x196fS0x1b39	0x1968B0x1b39
0x1971S0x1b39	0x1968B0x1b39
0x1972S0x1b39	0x1968B0x1b39
0x1974S0x1b39	0x1968B0x1b39
0x1976S0x1b39	0x1968B0x1b39
0x1977S0x1b39	0x1968B0x1b39
0x197bS0x1b56	0x197bB0x1b56
0x196aS0x1b56	0x1968B0x1b56
0x196bS0x1b56	0x1968B0x1b56
0x196dS0x1b56	0x1968B0x1b56
0x196fS0x1b56	0x1968B0x1b56
0x1971S0x1b56	0x1968B0x1b56
0x1972S0x1b56	0x1968B0x1b56
0x1974S0x1b56	0x1968B0x1b56
0x1976S0x1b56	0x1968B0x1b56
0x1977S0x1b56	0x1968B0x1b56
0x2689S0x19b0x186	0x2685B0x19b0x186
0x268bS0x19b0x186	0x2685B0x19b0x186
0x2689S0x19b0x1f5	0x2685B0x19b0x1f5
0x268bS0x19b0x1f5	0x2685B0x19b0x1f5
0x15fdS0xbfd	0x15fcB0xbfd
0x1601S0xbfd	0x15fcB0xbfd
0x1606S0xbfd	0x15fcB0xbfd
0x1608S0xbfd	0x15fcB0xbfd
0x160cS0xbfd	0x15fcB0xbfd
0x160eS0xbfd	0x15fcB0xbfd
0x160fS0xbfd	0x15fcB0xbfd
0x1611S0xbfd	0x15fcB0xbfd
0x1612S0xbfd	0x15fcB0xbfd
0x1619S0xbfd	0x15fcB0xbfd
0x3225S0xbfd	0x3224B0xbfd
0x3228S0xbfd	0x3224B0xbfd
0x3229S0xbfd	0x3224B0xbfd
0x322bS0xbfd	0x3224B0xbfd
0x322eS0xbfd	0x3224B0xbfd
0x322fS0xbfd	0x3224B0xbfd
0x3235S0xbfd	0x3224B0xbfd
0x3238S0xbfd	0x3224B0xbfd
0x323aS0xbfd	0x3224B0xbfd
0x323bS0xbfd	0x3224B0xbfd
0x323dS0xbfd	0x3224B0xbfd
0x323fS0xbfd	0x3224B0xbfd
0x3241S0xbfd	0x3224B0xbfd
0x3242S0xbfd	0x3224B0xbfd
0x3243S0xbfd	0x3224B0xbfd
0x3244S0xbfd	0x3224B0xbfd
0x3246S0xbfd	0x3224B0xbfd
0x3248S0xbfd	0x3224B0xbfd
0x324aS0xbfd	0x3224B0xbfd
0x324bS0xbfd	0x3224B0xbfd
0x324cS0xbfd	0x3224B0xbfd
0x324fS0xbfd	0x3224B0xbfd
0x3253S0xbfd	0x3224B0xbfd
0x3257S0xbfd	0x3224B0xbfd
0x1c84S0x15fcS0xbfd	0x1c83B0x15fcB0xbfd
0x1c86S0x15fcS0xbfd	0x1c83B0x15fcB0xbfd
0x1c88S0x15fcS0xbfd	0x1c83B0x15fcB0xbfd
0x1c8aS0x15fcS0xbfd	0x1c83B0x15fcB0xbfd
0x1c8bS0x15fcS0xbfd	0x1c83B0x15fcB0xbfd
0x1c8eS0x15fcS0xbfd	0x1c83B0x15fcB0xbfd
0x1c94S0x15fcS0xbfd	0x1c83B0x15fcB0xbfd
0x1c95S0x15fcS0xbfd	0x1c83B0x15fcB0xbfd
0x1c98S0x15fcS0xbfd	0x1c83B0x15fcB0xbfd
0x1c9aS0x15fcS0xbfd	0x1c83B0x15fcB0xbfd
0x1c9dS0x15fcS0xbfd	0x1c83B0x15fcB0xbfd
0x1ca2S0x15fcS0xbfd	0x1c83B0x15fcB0xbfd
0x1ca4S0x15fcS0xbfd	0x1c83B0x15fcB0xbfd
0x1689S0x1296	0x1688B0x1296
0x168dS0x1296	0x1688B0x1296
0x1692S0x1296	0x1688B0x1296
0x1694S0x1296	0x1688B0x1296
0x1697S0x1296	0x1688B0x1296
0x1699S0x1296	0x1688B0x1296
0x169aS0x1296	0x1688B0x1296
0x169cS0x1296	0x1688B0x1296
0x169dS0x1296	0x1688B0x1296
0x16a3S0x1296	0x1688B0x1296
0x32c7S0x1296	0x32c6B0x1296
0x32caS0x1296	0x32c6B0x1296
0x32cbS0x1296	0x32c6B0x1296
0x32cdS0x1296	0x32c6B0x1296
0x32d0S0x1296	0x32c6B0x1296
0x32d1S0x1296	0x32c6B0x1296
0x32d7S0x1296	0x32c6B0x1296
0x32daS0x1296	0x32c6B0x1296
0x32dcS0x1296	0x32c6B0x1296
0x32ddS0x1296	0x32c6B0x1296
0x32dfS0x1296	0x32c6B0x1296
0x32e1S0x1296	0x32c6B0x1296
0x32e3S0x1296	0x32c6B0x1296
0x32e4S0x1296	0x32c6B0x1296
0x32e5S0x1296	0x32c6B0x1296
0x32e6S0x1296	0x32c6B0x1296
0x32e8S0x1296	0x32c6B0x1296
0x32eaS0x1296	0x32c6B0x1296
0x32ecS0x1296	0x32c6B0x1296
0x32edS0x1296	0x32c6B0x1296
0x32eeS0x1296	0x32c6B0x1296
0x32f1S0x1296	0x32c6B0x1296
0x32f5S0x1296	0x32c6B0x1296
0x32f9S0x1296	0x32c6B0x1296
0x1cc3S0x1688S0x1296	0x1cc2B0x1688B0x1296
0x1cc5S0x1688S0x1296	0x1cc2B0x1688B0x1296
0x1cc7S0x1688S0x1296	0x1cc2B0x1688B0x1296
0x1cc9S0x1688S0x1296	0x1cc2B0x1688B0x1296
0x1ccaS0x1688S0x1296	0x1cc2B0x1688B0x1296
0x1cceS0x1688S0x1296	0x1cc2B0x1688B0x1296
0x1cd1S0x1688S0x1296	0x1cc2B0x1688B0x1296
0x1cd4S0x1688S0x1296	0x1cc2B0x1688B0x1296
0x1cd6S0x1688S0x1296	0x1cc2B0x1688B0x1296
0x1cd8S0x1688S0x1296	0x1cc2B0x1688B0x1296
0x25e0S0x12e	0x25dfB0x12e
0x25e2S0x12e	0x25dfB0x12e
0x25e6S0x12e	0x25dfB0x12e
0x25e9S0x12e	0x25dfB0x12e
0x25eeS0x12e	0x25dfB0x12e
0x25efS0x12e	0x25dfB0x12e
0x25f4S0x12e	0x25f3B0x12e
0x25f7S0x12e	0x25f3B0x12e
0x25f8S0x12e	0x25f3B0x12e
0x25f9S0x12e	0x25f3B0x12e
0x25fcS0x12e	0x25f3B0x12e
0x25ffS0x12e	0x25f3B0x12e
0x2601S0x12e	0x25f3B0x12e
0x2607S0x12e	0x2605B0x12e
0x260aS0x12e	0x2605B0x12e
0x260bS0x12e	0x2605B0x12e
0x260cS0x12e	0x2605B0x12e
0x260fS0x12e	0x2605B0x12e
0x2611S0x12e	0x2605B0x12e
0x2614S0x12e	0x2605B0x12e
0x2615S0x12e	0x2605B0x12e
0x2616S0x12e	0x2605B0x12e
0x2619S0x12e	0x2605B0x12e
0x261bS0x12e	0x2605B0x12e
0x261eS0x12e	0x2605B0x12e
0x261fS0x12e	0x2605B0x12e
0x2620S0x12e	0x2605B0x12e
0x2623S0x12e	0x2605B0x12e
0x2626S0x12e	0x2605B0x12e
0x2628S0x12e	0x2605B0x12e
0x262eS0x12e	0x262cB0x12e
0x2631S0x12e	0x262cB0x12e
0x2632S0x12e	0x262cB0x12e
0x2633S0x12e	0x262cB0x12e
0x2636S0x12e	0x262cB0x12e
0x2638S0x12e	0x262cB0x12e
0x263bS0x12e	0x262cB0x12e
0x263cS0x12e	0x262cB0x12e
0x263dS0x12e	0x262cB0x12e
0x2640S0x12e	0x262cB0x12e
0x2643S0x12e	0x262cB0x12e
0x2645S0x12e	0x262cB0x12e
0x264bS0x12e	0x2649B0x12e
0x264fS0x12e	0x2649B0x12e
0x2650S0x12e	0x2649B0x12e
0x2653S0x12e	0x2649B0x12e
0x2655S0x12e	0x2649B0x12e
0x265aS0x12e	0x2649B0x12e
0x265bS0x12e	0x2649B0x12e
0x265eS0x12e	0x2649B0x12e
0x2660S0x12e	0x2649B0x12e
0x2665S0x12e	0x2649B0x12e
0x2666S0x12e	0x2649B0x12e
0x2669S0x12e	0x2649B0x12e
0x266bS0x12e	0x2649B0x12e
0x2670S0x12e	0x2649B0x12e
0x2671S0x12e	0x2649B0x12e
0x2672S0x12e	0x2649B0x12e
0x2677S0x12e	0x2649B0x12e
0x2679S0x12e	0x2649B0x12e
0x1bf9S0x12e	0x1bf8B0x12e
0x1bfaS0x12e	0x1bf8B0x12e
0x1becS0x25dfS0x12e	0x1bebB0x25dfB0x12e
0x1beeS0x25dfS0x12e	0x1bebB0x25dfB0x12e
0x1bf0S0x25dfS0x12e	0x1bebB0x25dfB0x12e
0x1bf2S0x25dfS0x12e	0x1bebB0x25dfB0x12e
0x1bf3S0x25dfS0x12e	0x1bebB0x25dfB0x12e
0x1bf4S0x25dfS0x12e	0x1bebB0x25dfB0x12e
0x1becS0x25f3S0x12e	0x1bebB0x25f3B0x12e
0x1beeS0x25f3S0x12e	0x1bebB0x25f3B0x12e
0x1bf0S0x25f3S0x12e	0x1bebB0x25f3B0x12e
0x1bf2S0x25f3S0x12e	0x1bebB0x25f3B0x12e
0x1bf3S0x25f3S0x12e	0x1bebB0x25f3B0x12e
0x1bf4S0x25f3S0x12e	0x1bebB0x25f3B0x12e
0x1becS0x2605S0x12e	0x1bebB0x2605B0x12e
0x1beeS0x2605S0x12e	0x1bebB0x2605B0x12e
0x1bf0S0x2605S0x12e	0x1bebB0x2605B0x12e
0x1bf2S0x2605S0x12e	0x1bebB0x2605B0x12e
0x1bf3S0x2605S0x12e	0x1bebB0x2605B0x12e
0x1bf4S0x2605S0x12e	0x1bebB0x2605B0x12e
0x1becS0x262cS0x12e	0x1bebB0x262cB0x12e
0x1beeS0x262cS0x12e	0x1bebB0x262cB0x12e
0x1bf0S0x262cS0x12e	0x1bebB0x262cB0x12e
0x1bf2S0x262cS0x12e	0x1bebB0x262cB0x12e
0x1bf3S0x262cS0x12e	0x1bebB0x262cB0x12e
0x1bf4S0x262cS0x12e	0x1bebB0x262cB0x12e
0x1980S0x150	0x197fB0x150
0x1982S0x150	0x197fB0x150
0x1986S0x150	0x197fB0x150
0x1987S0x150	0x197fB0x150
0x1988S0x150	0x197fB0x150
0x1989S0x150	0x197fB0x150
0x1991S0x150	0x1990B0x150
0x1996S0x150	0x1990B0x150
0x197bS0x1990S0x150	0x197bB0x1990B0x150
0x196aS0x1990S0x150	0x1968B0x1990B0x150
0x196bS0x1990S0x150	0x1968B0x1990B0x150
0x196dS0x1990S0x150	0x1968B0x1990B0x150
0x196fS0x1990S0x150	0x1968B0x1990B0x150
0x1971S0x1990S0x150	0x1968B0x1990B0x150
0x1972S0x1990S0x150	0x1968B0x1990B0x150
0x1974S0x1990S0x150	0x1968B0x1990B0x150
0x1976S0x1990S0x150	0x1968B0x1990B0x150
0x1977S0x1990S0x150	0x1968B0x1990B0x150
0x19dbS0x1b4	0x19daB0x1b4
0x19deS0x1b4	0x19daB0x1b4
0x19e2S0x1b4	0x19daB0x1b4
0x19e3S0x1b4	0x19daB0x1b4
0x19e4S0x1b4	0x19daB0x1b4
0x19e5S0x1b4	0x19daB0x1b4
0x19edS0x1b4	0x19ecB0x1b4
0x19f2S0x1b4	0x19ecB0x1b4
0x19f9S0x1b4	0x19f6B0x1b4
0x19fcS0x1b4	0x19f6B0x1b4
0x19fdS0x1b4	0x19f6B0x1b4
0x19feS0x1b4	0x19f6B0x1b4
0x1a02S0x1b4	0x19f6B0x1b4
0x197bS0x19ecS0x1b4	0x197bB0x19ecB0x1b4
0x196aS0x19ecS0x1b4	0x1968B0x19ecB0x1b4
0x196bS0x19ecS0x1b4	0x1968B0x19ecB0x1b4
0x196dS0x19ecS0x1b4	0x1968B0x19ecB0x1b4
0x196fS0x19ecS0x1b4	0x1968B0x19ecB0x1b4
0x1971S0x19ecS0x1b4	0x1968B0x19ecB0x1b4
0x1972S0x19ecS0x1b4	0x1968B0x19ecB0x1b4
0x1974S0x19ecS0x1b4	0x1968B0x19ecB0x1b4
0x1976S0x19ecS0x1b4	0x1968B0x19ecB0x1b4
0x1977S0x19ecS0x1b4	0x1968B0x19ecB0x1b4
0x278dS0x19f6S0x1b4	0x278dB0x19f6B0x1b4
0x2785S0x19f6S0x1b4	0x2783B0x19f6B0x1b4
0x2786S0x19f6S0x1b4	0x2783B0x19f6B0x1b4
0x2788S0x19f6S0x1b4	0x2783B0x19f6B0x1b4
0x2789S0x19f6S0x1b4	0x2783B0x19f6B0x1b4
0x1980S0x1d4	0x197fB0x1d4
0x1982S0x1d4	0x197fB0x1d4
0x1986S0x1d4	0x197fB0x1d4
0x1987S0x1d4	0x197fB0x1d4
0x1988S0x1d4	0x197fB0x1d4
0x1989S0x1d4	0x197fB0x1d4
0x1991S0x1d4	0x1990B0x1d4
0x1996S0x1d4	0x1990B0x1d4
0x197bS0x1990S0x1d4	0x197bB0x1990B0x1d4
0x196aS0x1990S0x1d4	0x1968B0x1990B0x1d4
0x196bS0x1990S0x1d4	0x1968B0x1990B0x1d4
0x196dS0x1990S0x1d4	0x1968B0x1990B0x1d4
0x196fS0x1990S0x1d4	0x1968B0x1990B0x1d4
0x1971S0x1990S0x1d4	0x1968B0x1990B0x1d4
0x1972S0x1990S0x1d4	0x1968B0x1990B0x1d4
0x1974S0x1990S0x1d4	0x1968B0x1990B0x1d4
0x1976S0x1990S0x1d4	0x1968B0x1990B0x1d4
0x1977S0x1990S0x1d4	0x1968B0x1990B0x1d4
0x1adeS0x201	0x1addB0x201
0x1ae1S0x201	0x1addB0x201
0x1ae5S0x201	0x1addB0x201
0x1ae6S0x201	0x1addB0x201
0x1ae7S0x201	0x1addB0x201
0x1ae8S0x201	0x1addB0x201
0x1af1S0x201	0x1aefB0x201
0x1af4S0x201	0x1aefB0x201
0x1af8S0x201	0x1aefB0x201
0x1afbS0x201	0x1aefB0x201
0x1afcS0x201	0x1aefB0x201
0x197bS0x1aefS0x201	0x197bB0x1aefB0x201
0x196aS0x1aefS0x201	0x1968B0x1aefB0x201
0x196bS0x1aefS0x201	0x1968B0x1aefB0x201
0x196dS0x1aefS0x201	0x1968B0x1aefB0x201
0x196fS0x1aefS0x201	0x1968B0x1aefB0x201
0x1971S0x1aefS0x201	0x1968B0x1aefB0x201
0x1972S0x1aefS0x201	0x1968B0x1aefB0x201
0x1974S0x1aefS0x201	0x1968B0x1aefB0x201
0x1976S0x1aefS0x201	0x1968B0x1aefB0x201
0x1977S0x1aefS0x201	0x1968B0x1aefB0x201
0x1980S0x221	0x197fB0x221
0x1982S0x221	0x197fB0x221
0x1986S0x221	0x197fB0x221
0x1987S0x221	0x197fB0x221
0x1988S0x221	0x197fB0x221
0x1989S0x221	0x197fB0x221
0x1991S0x221	0x1990B0x221
0x1996S0x221	0x1990B0x221
0x197bS0x1990S0x221	0x197bB0x1990B0x221
0x196aS0x1990S0x221	0x1968B0x1990B0x221
0x196bS0x1990S0x221	0x1968B0x1990B0x221
0x196dS0x1990S0x221	0x1968B0x1990B0x221
0x196fS0x1990S0x221	0x1968B0x1990B0x221
0x1971S0x1990S0x221	0x1968B0x1990B0x221
0x1972S0x1990S0x221	0x1968B0x1990B0x221
0x1974S0x1990S0x221	0x1968B0x1990B0x221
0x1976S0x1990S0x221	0x1968B0x1990B0x221
0x1977S0x1990S0x221	0x1968B0x1990B0x221
0x19dbS0x254	0x19daB0x254
0x19deS0x254	0x19daB0x254
0x19e2S0x254	0x19daB0x254
0x19e3S0x254	0x19daB0x254
0x19e4S0x254	0x19daB0x254
0x19e5S0x254	0x19daB0x254
0x19edS0x254	0x19ecB0x254
0x19f2S0x254	0x19ecB0x254
0x19f9S0x254	0x19f6B0x254
0x19fcS0x254	0x19f6B0x254
0x19fdS0x254	0x19f6B0x254
0x19feS0x254	0x19f6B0x254
0x1a02S0x254	0x19f6B0x254
0x197bS0x19ecS0x254	0x197bB0x19ecB0x254
0x196aS0x19ecS0x254	0x1968B0x19ecB0x254
0x196bS0x19ecS0x254	0x1968B0x19ecB0x254
0x196dS0x19ecS0x254	0x1968B0x19ecB0x254
0x196fS0x19ecS0x254	0x1968B0x19ecB0x254
0x1971S0x19ecS0x254	0x1968B0x19ecB0x254
0x1972S0x19ecS0x254	0x1968B0x19ecB0x254
0x1974S0x19ecS0x254	0x1968B0x19ecB0x254
0x1976S0x19ecS0x254	0x1968B0x19ecB0x254
0x1977S0x19ecS0x254	0x1968B0x19ecB0x254
0x278dS0x19f6S0x254	0x278dB0x19f6B0x254
0x2785S0x19f6S0x254	0x2783B0x19f6B0x254
0x2786S0x19f6S0x254	0x2783B0x19f6B0x254
0x2788S0x19f6S0x254	0x2783B0x19f6B0x254
0x2789S0x19f6S0x254	0x2783B0x19f6B0x254
0x1980S0x289	0x197fB0x289
0x1982S0x289	0x197fB0x289
0x1986S0x289	0x197fB0x289
0x1987S0x289	0x197fB0x289
0x1988S0x289	0x197fB0x289
0x1989S0x289	0x197fB0x289
0x1991S0x289	0x1990B0x289
0x1996S0x289	0x1990B0x289
0x197bS0x1990S0x289	0x197bB0x1990B0x289
0x196aS0x1990S0x289	0x1968B0x1990B0x289
0x196bS0x1990S0x289	0x1968B0x1990B0x289
0x196dS0x1990S0x289	0x1968B0x1990B0x289
0x196fS0x1990S0x289	0x1968B0x1990B0x289
0x1971S0x1990S0x289	0x1968B0x1990B0x289
0x1972S0x1990S0x289	0x1968B0x1990B0x289
0x1974S0x1990S0x289	0x1968B0x1990B0x289
0x1976S0x1990S0x289	0x1968B0x1990B0x289
0x1977S0x1990S0x289	0x1968B0x1990B0x289
0x1980S0x340	0x197fB0x340
0x1982S0x340	0x197fB0x340
0x1986S0x340	0x197fB0x340
0x1987S0x340	0x197fB0x340
0x1988S0x340	0x197fB0x340
0x1989S0x340	0x197fB0x340
0x1991S0x340	0x1990B0x340
0x1996S0x340	0x1990B0x340
0x197bS0x1990S0x340	0x197bB0x1990B0x340
0x196aS0x1990S0x340	0x1968B0x1990B0x340
0x196bS0x1990S0x340	0x1968B0x1990B0x340
0x196dS0x1990S0x340	0x1968B0x1990B0x340
0x196fS0x1990S0x340	0x1968B0x1990B0x340
0x1971S0x1990S0x340	0x1968B0x1990B0x340
0x1972S0x1990S0x340	0x1968B0x1990B0x340
0x1974S0x1990S0x340	0x1968B0x1990B0x340
0x1976S0x1990S0x340	0x1968B0x1990B0x340
0x1977S0x1990S0x340	0x1968B0x1990B0x340
0x1338S0x34f	0x1338B0x34f
0x133aS0x34f	0x1338B0x34f
0x133bS0x34f	0x1338B0x34f
0x133fS0x34f	0x1338B0x34f
0x1341S0x34f	0x1338B0x34f
0x1344S0x34f	0x1338B0x34f
0x1346S0x34f	0x1338B0x34f
0x1347S0x34f	0x1338B0x34f
0x134bS0x34f	0x1338B0x34f
0x13710x1310S0x34f	0x135e0x1310B0x34f
0x136d0x1310S0x34f	0x135e0x1310B0x34f
0x136c0x1310S0x34f	0x135e0x1310B0x34f
0x136a0x1310S0x34f	0x135e0x1310B0x34f
0x13670x1310S0x34f	0x135e0x1310B0x34f
0x13650x1310S0x34f	0x135e0x1310B0x34f
0x13610x1310S0x34f	0x135e0x1310B0x34f
0x13600x1310S0x34f	0x135e0x1310B0x34f
0x135e0x1310S0x34f	0x135e0x1310B0x34f
0x1311S0x34f	0x1310B0x34f
0x1314S0x34f	0x1310B0x34f
0x1319S0x34f	0x1318B0x34f
0x131bS0x34f	0x1318B0x34f
0x131dS0x34f	0x1318B0x34f
0x131fS0x34f	0x1318B0x34f
0x1320S0x34f	0x1318B0x34f
0x1321S0x34f	0x1318B0x34f
0x1322S0x34f	0x1318B0x34f
0x1325S0x34f	0x1318B0x34f
0x132aS0x34f	0x1329B0x34f
0x132cS0x34f	0x1329B0x34f
0x132eS0x34f	0x1329B0x34f
0x1330S0x34f	0x1329B0x34f
0x1331S0x34f	0x1329B0x34f
0x1332S0x34f	0x1329B0x34f
0x1333S0x34f	0x1329B0x34f
0x1334S0x34f	0x1329B0x34f
0x2fffS0x34f	0x2ffeB0x34f
0x3001S0x34f	0x2ffeB0x34f
0x3004S0x34f	0x2ffeB0x34f
0x135a0x1310S0x34f	0x134f0x1310B0x34f
0x13590x1310S0x34f	0x134f0x1310B0x34f
0x13570x1310S0x34f	0x134f0x1310B0x34f
0x13560x1310S0x34f	0x134f0x1310B0x34f
0x13540x1310S0x34f	0x134f0x1310B0x34f
0x13520x1310S0x34f	0x134f0x1310B0x34f
0x13500x1310S0x34f	0x134f0x1310B0x34f
0x302c0x1310S0x34f	0x30260x1310B0x34f
0x30290x1310S0x34f	0x30260x1310B0x34f
0x30270x1310S0x34f	0x30260x1310B0x34f
0x1f0b0x1310S0x34f	0x1ec80x1310B0x34f
0x1f090x1310S0x34f	0x1ec80x1310B0x34f
0x1f070x1310S0x34f	0x1ec80x1310B0x34f
0x1f040x1310S0x34f	0x1ec80x1310B0x34f
0x1f030x1310S0x34f	0x1ec80x1310B0x34f
0x1f010x1310S0x34f	0x1ec80x1310B0x34f
0x1efa0x1310S0x34f	0x1ec80x1310B0x34f
0x1ef80x1310S0x34f	0x1ec80x1310B0x34f
0x1ef50x1310S0x34f	0x1ec80x1310B0x34f
0x1ed40x1310S0x34f	0x1ec80x1310B0x34f
0x1ed20x1310S0x34f	0x1ec80x1310B0x34f
0x1ece0x1310S0x34f	0x1ec80x1310B0x34f
0x1ec90x1310S0x34f	0x1ec80x1310B0x34f
0x13cc0x1310S0x34f	0x13750x1310B0x34f
0x13c80x1310S0x34f	0x13750x1310B0x34f
0x13c40x1310S0x34f	0x13750x1310B0x34f
0x13c30x1310S0x34f	0x13750x1310B0x34f
0x13c10x1310S0x34f	0x13750x1310B0x34f
0x13bf0x1310S0x34f	0x13750x1310B0x34f
0x13bd0x1310S0x34f	0x13750x1310B0x34f
0x13bc0x1310S0x34f	0x13750x1310B0x34f
0x13bb0x1310S0x34f	0x13750x1310B0x34f
0x13ba0x1310S0x34f	0x13750x1310B0x34f
0x13b90x1310S0x34f	0x13750x1310B0x34f
0x13b70x1310S0x34f	0x13750x1310B0x34f
0x13b50x1310S0x34f	0x13750x1310B0x34f
0x13b30x1310S0x34f	0x13750x1310B0x34f
0x13b20x1310S0x34f	0x13750x1310B0x34f
0x13af0x1310S0x34f	0x13750x1310B0x34f
0x138c0x1310S0x34f	0x13750x1310B0x34f
0x138a0x1310S0x34f	0x13750x1310B0x34f
0x13870x1310S0x34f	0x13750x1310B0x34f
0x13840x1310S0x34f	0x13750x1310B0x34f
0x13830x1310S0x34f	0x13750x1310B0x34f
0x13810x1310S0x34f	0x13750x1310B0x34f
0x137f0x1310S0x34f	0x13750x1310B0x34f
0x137d0x1310S0x34f	0x13750x1310B0x34f
0x137c0x1310S0x34f	0x13750x1310B0x34f
0x137a0x1310S0x34f	0x13750x1310B0x34f
0x13790x1310S0x34f	0x13750x1310B0x34f
0x13760x1310S0x34f	0x13750x1310B0x34f
0x242dS0x1338S0x34f	0x242cB0x1338B0x34f
0x2434S0x1338S0x34f	0x242cB0x1338B0x34f
0x2436S0x1338S0x34f	0x242cB0x1338B0x34f
0x2457S0x1338S0x34f	0x242cB0x1338B0x34f
0x245aS0x1338S0x34f	0x242cB0x1338B0x34f
0x245cS0x1338S0x34f	0x242cB0x1338B0x34f
0x245eS0x1338S0x34f	0x242cB0x1338B0x34f
0x15bfS0x1310S0x34f	0x15beB0x1310B0x34f
0xf14S0x1318S0x34f	0xf13B0x1318B0x34f
0xf16S0x1318S0x34f	0xf13B0x1318B0x34f
0xf17S0x1318S0x34f	0xf13B0x1318B0x34f
0xf19S0x1318S0x34f	0xf13B0x1318B0x34f
0xf1bS0x1318S0x34f	0xf13B0x1318B0x34f
0xf1dS0x1318S0x34f	0xf13B0x1318B0x34f
0xf1eS0x1318S0x34f	0xf13B0x1318B0x34f
0xf1fS0x1318S0x34f	0xf13B0x1318B0x34f
0x16b5S0x12ae	0x16b5B0x12ae
0x16b7S0x12ae	0x16b5B0x12ae
0x16b8S0x12ae	0x16b5B0x12ae
0x16bcS0x12ae	0x16b5B0x12ae
0x16beS0x12ae	0x16b5B0x12ae
0x16c1S0x12ae	0x16b5B0x12ae
0x16c3S0x12ae	0x16b5B0x12ae
0x16c4S0x12ae	0x16b5B0x12ae
0x16c8S0x12ae	0x16b5B0x12ae
0x1701S0x12ae	0x1701B0x12ae
0x1703S0x12ae	0x1701B0x12ae
0x1706S0x12ae	0x1701B0x12ae
0x1708S0x12ae	0x1701B0x12ae
0x1709S0x12ae	0x1701B0x12ae
0x170bS0x12ae	0x1701B0x12ae
0x170cS0x12ae	0x1701B0x12ae
0x170dS0x12ae	0x1701B0x12ae
0x170fS0x12ae	0x1701B0x12ae
0x1710S0x12ae	0x1701B0x12ae
0x1713S0x12ae	0x1701B0x12ae
0x1716S0x12ae	0x1701B0x12ae
0x1717S0x12ae	0x1701B0x12ae
0x1719S0x12ae	0x1701B0x12ae
0x171cS0x12ae	0x1701B0x12ae
0x171eS0x12ae	0x1701B0x12ae
0x1731S0x12ae	0x1731B0x12ae
0x1733S0x12ae	0x1731B0x12ae
0x1734S0x12ae	0x1731B0x12ae
0x1738S0x12ae	0x1731B0x12ae
0x173aS0x12ae	0x1731B0x12ae
0x173dS0x12ae	0x1731B0x12ae
0x173fS0x12ae	0x1731B0x12ae
0x1740S0x12ae	0x1731B0x12ae
0x1744S0x12ae	0x1731B0x12ae
0x16aeS0x12ae	0x16acB0x12ae
0x16afS0x12ae	0x16acB0x12ae
0x16b0S0x12ae	0x16acB0x12ae
0x16b1S0x12ae	0x16acB0x12ae
0x16cdS0x12ae	0x16ccB0x12ae
0x16d0S0x12ae	0x16ccB0x12ae
0x16d2S0x12ae	0x16ccB0x12ae
0x16d4S0x12ae	0x16ccB0x12ae
0x16d6S0x12ae	0x16ccB0x12ae
0x16d7S0x12ae	0x16ccB0x12ae
0x16d8S0x12ae	0x16ccB0x12ae
0x16daS0x12ae	0x16ccB0x12ae
0x16dcS0x12ae	0x16ccB0x12ae
0x16ddS0x12ae	0x16ccB0x12ae
0x16e1S0x12ae	0x16ccB0x12ae
0x331dS0x12ae	0x331cB0x12ae
0x331fS0x12ae	0x331cB0x12ae
0x3322S0x12ae	0x331cB0x12ae
0x21a5S0x12ae	0x21a4B0x12ae
0x21aaS0x12ae	0x21a4B0x12ae
0x21aeS0x12ae	0x21a4B0x12ae
0x21b0S0x12ae	0x21a4B0x12ae
0x21d1S0x12ae	0x21a4B0x12ae
0x21d4S0x12ae	0x21a4B0x12ae
0x21d6S0x12ae	0x21a4B0x12ae
0x21d8S0x12ae	0x21a4B0x12ae
0x16e6S0x12ae	0x16e5B0x12ae
0x16e8S0x12ae	0x16e5B0x12ae
0x16eaS0x12ae	0x16e5B0x12ae
0x16edS0x12ae	0x16e5B0x12ae
0x16f1S0x12ae	0x16e5B0x12ae
0x16f2S0x12ae	0x16e5B0x12ae
0x16f7S0x12ae	0x16e5B0x12ae
0x16f9S0x12ae	0x16e5B0x12ae
0x16fcS0x12ae	0x16e5B0x12ae
0x16fdS0x12ae	0x16e5B0x12ae
0x1723S0x12ae	0x1722B0x12ae
0x172dS0x12ae	0x1727B0x12ae
0x3369S0x12ae	0x3368B0x12ae
0x336bS0x12ae	0x3368B0x12ae
0x336eS0x12ae	0x3368B0x12ae
0x2148S0x12ae	0x2147B0x12ae
0x214dS0x12ae	0x2147B0x12ae
0x2151S0x12ae	0x2147B0x12ae
0x2153S0x12ae	0x2147B0x12ae
0x2174S0x12ae	0x2147B0x12ae
0x2177S0x12ae	0x2147B0x12ae
0x2179S0x12ae	0x2147B0x12ae
0x219aS0x12ae	0x2147B0x12ae
0x219dS0x12ae	0x2147B0x12ae
0x219fS0x12ae	0x2147B0x12ae
0x21a1S0x12ae	0x2147B0x12ae
0x1a92S0x14c8	0x1a91B0x14c8
0x1a94S0x14c8	0x1a91B0x14c8
0x1a98S0x14c8	0x1a91B0x14c8
0x1a99S0x14c8	0x1a91B0x14c8
0x1a9aS0x14c8	0x1a91B0x14c8
0x1a9bS0x14c8	0x1a91B0x14c8
0x1aa4S0x14c8	0x1aa2B0x14c8
0x1aa5S0x14c8	0x1aa2B0x14c8
0x1aa9S0x14c8	0x1aa2B0x14c8
0x278dS0x1aa2S0x14c8	0x278dB0x1aa2B0x14c8
0x2785S0x1aa2S0x14c8	0x2783B0x1aa2B0x14c8
0x2786S0x1aa2S0x14c8	0x2783B0x1aa2B0x14c8
0x2788S0x1aa2S0x14c8	0x2783B0x1aa2B0x14c8
0x2789S0x1aa2S0x14c8	0x2783B0x1aa2B0x14c8
0x17c0S0x3224B0xbfd	0x17c0B0x3224B0xbfd
0x17c2S0x3224B0xbfd	0x17c0B0x3224B0xbfd
0x17c3S0x3224B0xbfd	0x17c0B0x3224B0xbfd
0x17c7S0x3224B0xbfd	0x17c0B0x3224B0xbfd
0x17c9S0x3224B0xbfd	0x17c0B0x3224B0xbfd
0x17ccS0x3224B0xbfd	0x17c0B0x3224B0xbfd
0x17ceS0x3224B0xbfd	0x17c0B0x3224B0xbfd
0x17cfS0x3224B0xbfd	0x17c0B0x3224B0xbfd
0x17d3S0x3224B0xbfd	0x17c0B0x3224B0xbfd
0x179fS0x3224B0xbfd	0x179dB0x3224B0xbfd
0x17a3S0x3224B0xbfd	0x179dB0x3224B0xbfd
0x17a4S0x3224B0xbfd	0x179dB0x3224B0xbfd
0x17bcS0x3224B0xbfd	0x17bbB0x3224B0xbfd
0x33d9S0x3224B0xbfd	0x33d8B0x3224B0xbfd
0x33dbS0x3224B0xbfd	0x33d8B0x3224B0xbfd
0x33deS0x3224B0xbfd	0x33d8B0x3224B0xbfd
0x255fS0x3224B0xbfd	0x255eB0x3224B0xbfd
0x2564S0x3224B0xbfd	0x255eB0x3224B0xbfd
0x2568S0x3224B0xbfd	0x255eB0x3224B0xbfd
0x256aS0x3224B0xbfd	0x255eB0x3224B0xbfd
0x258bS0x3224B0xbfd	0x255eB0x3224B0xbfd
0x258eS0x3224B0xbfd	0x255eB0x3224B0xbfd
0x2590S0x3224B0xbfd	0x255eB0x3224B0xbfd
0x259bS0x3224B0xbfd	0x255eB0x3224B0xbfd
0x259dS0x3224B0xbfd	0x255eB0x3224B0xbfd
0x259eS0x3224B0xbfd	0x255eB0x3224B0xbfd
0x25a1S0x3224B0xbfd	0x255eB0x3224B0xbfd
0x25a3S0x3224B0xbfd	0x255eB0x3224B0xbfd
0x25a5S0x3224B0xbfd	0x255eB0x3224B0xbfd
0x1749S0x3224B0xbfd	0x1748B0x3224B0xbfd
0x174bS0x3224B0xbfd	0x1748B0x3224B0xbfd
0x174fS0x3224B0xbfd	0x1748B0x3224B0xbfd
0x1751S0x3224B0xbfd	0x1748B0x3224B0xbfd
0x1753S0x3224B0xbfd	0x1748B0x3224B0xbfd
0x1755S0x3224B0xbfd	0x1748B0x3224B0xbfd
0x1756S0x3224B0xbfd	0x1748B0x3224B0xbfd
0x175aS0x3224B0xbfd	0x1748B0x3224B0xbfd
0x175eS0x3224B0xbfd	0x1748B0x3224B0xbfd
0x1760S0x3224B0xbfd	0x1748B0x3224B0xbfd
0x1761S0x3224B0xbfd	0x1748B0x3224B0xbfd
0x1786S0x3224B0xbfd	0x1748B0x3224B0xbfd
0x1788S0x3224B0xbfd	0x1748B0x3224B0xbfd
0x178aS0x3224B0xbfd	0x1748B0x3224B0xbfd
0x178cS0x3224B0xbfd	0x1748B0x3224B0xbfd
0x178dS0x3224B0xbfd	0x1748B0x3224B0xbfd
0x178eS0x3224B0xbfd	0x1748B0x3224B0xbfd
0x178fS0x3224B0xbfd	0x1748B0x3224B0xbfd
0x1796S0x3224B0xbfd	0x1748B0x3224B0xbfd
0x179bS0x3224B0xbfd	0x1748B0x3224B0xbfd
0x17aaS0x3224B0xbfd	0x17a8B0x3224B0xbfd
0x17acS0x3224B0xbfd	0x17a8B0x3224B0xbfd
0x17aeS0x3224B0xbfd	0x17a8B0x3224B0xbfd
0x17b0S0x3224B0xbfd	0x17a8B0x3224B0xbfd
0x17b2S0x3224B0xbfd	0x17a8B0x3224B0xbfd
0x17b7S0x3224B0xbfd	0x17a8B0x3224B0xbfd
0x1a92S0x17a8S0x3224B0xbfd	0x1a91B0x17a8B0x3224B0xbfd
0x1a94S0x17a8S0x3224B0xbfd	0x1a91B0x17a8B0x3224B0xbfd
0x1a98S0x17a8S0x3224B0xbfd	0x1a91B0x17a8B0x3224B0xbfd
0x1a99S0x17a8S0x3224B0xbfd	0x1a91B0x17a8B0x3224B0xbfd
0x1a9aS0x17a8S0x3224B0xbfd	0x1a91B0x17a8B0x3224B0xbfd
0x1a9bS0x17a8S0x3224B0xbfd	0x1a91B0x17a8B0x3224B0xbfd
0x1aa4S0x17a8S0x3224B0xbfd	0x1aa2B0x17a8B0x3224B0xbfd
0x1aa5S0x17a8S0x3224B0xbfd	0x1aa2B0x17a8B0x3224B0xbfd
0x1aa9S0x17a8S0x3224B0xbfd	0x1aa2B0x17a8B0x3224B0xbfd
0x278dS0x1aa2S0x17a8S0x3224B0xbfd	0x278dB0x1aa2B0x17a8B0x3224B0xbfd
0x2785S0x1aa2S0x17a8S0x3224B0xbfd	0x2783B0x1aa2B0x17a8B0x3224B0xbfd
0x2786S0x1aa2S0x17a8S0x3224B0xbfd	0x2783B0x1aa2B0x17a8B0x3224B0xbfd
0x2788S0x1aa2S0x17a8S0x3224B0xbfd	0x2783B0x1aa2B0x17a8B0x3224B0xbfd
0x2789S0x1aa2S0x17a8S0x3224B0xbfd	0x2783B0x1aa2B0x17a8B0x3224B0xbfd
0x17d8S0x1748S0x3224B0xbfd	0x17d7B0x1748B0x3224B0xbfd
0x17daS0x1748S0x3224B0xbfd	0x17d7B0x1748B0x3224B0xbfd
0x17dfS0x1748S0x3224B0xbfd	0x17d7B0x1748B0x3224B0xbfd
0x17e2S0x1748S0x3224B0xbfd	0x17d7B0x1748B0x3224B0xbfd
0x17f9S0x17d7S0x1748S0x3224B0xbfd	0x17f9B0x17d7B0x1748B0x3224B0xbfd
0x17fbS0x17d7S0x1748S0x3224B0xbfd	0x17f9B0x17d7B0x1748B0x3224B0xbfd
0x17fcS0x17d7S0x1748S0x3224B0xbfd	0x17f9B0x17d7B0x1748B0x3224B0xbfd
0x1800S0x17d7S0x1748S0x3224B0xbfd	0x17f9B0x17d7B0x1748B0x3224B0xbfd
0x1802S0x17d7S0x1748S0x3224B0xbfd	0x17f9B0x17d7B0x1748B0x3224B0xbfd
0x1805S0x17d7S0x1748S0x3224B0xbfd	0x17f9B0x17d7B0x1748B0x3224B0xbfd
0x1807S0x17d7S0x1748S0x3224B0xbfd	0x17f9B0x17d7B0x1748B0x3224B0xbfd
0x1808S0x17d7S0x1748S0x3224B0xbfd	0x17f9B0x17d7B0x1748B0x3224B0xbfd
0x180cS0x17d7S0x1748S0x3224B0xbfd	0x17f9B0x17d7B0x1748B0x3224B0xbfd
0x181eS0x17d7S0x1748S0x3224B0xbfd	0x181eB0x17d7B0x1748B0x3224B0xbfd
0x1820S0x17d7S0x1748S0x3224B0xbfd	0x181eB0x17d7B0x1748B0x3224B0xbfd
0x1821S0x17d7S0x1748S0x3224B0xbfd	0x181eB0x17d7B0x1748B0x3224B0xbfd
0x1825S0x17d7S0x1748S0x3224B0xbfd	0x181eB0x17d7B0x1748B0x3224B0xbfd
0x1827S0x17d7S0x1748S0x3224B0xbfd	0x181eB0x17d7B0x1748B0x3224B0xbfd
0x182aS0x17d7S0x1748S0x3224B0xbfd	0x181eB0x17d7B0x1748B0x3224B0xbfd
0x182cS0x17d7S0x1748S0x3224B0xbfd	0x181eB0x17d7B0x1748B0x3224B0xbfd
0x182dS0x17d7S0x1748S0x3224B0xbfd	0x181eB0x17d7B0x1748B0x3224B0xbfd
0x1831S0x17d7S0x1748S0x3224B0xbfd	0x181eB0x17d7B0x1748B0x3224B0xbfd
0x186eS0x17d7S0x1748S0x3224B0xbfd	0x186eB0x17d7B0x1748B0x3224B0xbfd
0x1870S0x17d7S0x1748S0x3224B0xbfd	0x186eB0x17d7B0x1748B0x3224B0xbfd
0x1873S0x17d7S0x1748S0x3224B0xbfd	0x186eB0x17d7B0x1748B0x3224B0xbfd
0x1875S0x17d7S0x1748S0x3224B0xbfd	0x186eB0x17d7B0x1748B0x3224B0xbfd
0x1876S0x17d7S0x1748S0x3224B0xbfd	0x186eB0x17d7B0x1748B0x3224B0xbfd
0x1878S0x17d7S0x1748S0x3224B0xbfd	0x186eB0x17d7B0x1748B0x3224B0xbfd
0x1879S0x17d7S0x1748S0x3224B0xbfd	0x186eB0x17d7B0x1748B0x3224B0xbfd
0x187aS0x17d7S0x1748S0x3224B0xbfd	0x186eB0x17d7B0x1748B0x3224B0xbfd
0x187cS0x17d7S0x1748S0x3224B0xbfd	0x186eB0x17d7B0x1748B0x3224B0xbfd
0x187dS0x17d7S0x1748S0x3224B0xbfd	0x186eB0x17d7B0x1748B0x3224B0xbfd
0x1880S0x17d7S0x1748S0x3224B0xbfd	0x186eB0x17d7B0x1748B0x3224B0xbfd
0x1883S0x17d7S0x1748S0x3224B0xbfd	0x186eB0x17d7B0x1748B0x3224B0xbfd
0x1884S0x17d7S0x1748S0x3224B0xbfd	0x186eB0x17d7B0x1748B0x3224B0xbfd
0x1886S0x17d7S0x1748S0x3224B0xbfd	0x186eB0x17d7B0x1748B0x3224B0xbfd
0x1889S0x17d7S0x1748S0x3224B0xbfd	0x186eB0x17d7B0x1748B0x3224B0xbfd
0x188bS0x17d7S0x1748S0x3224B0xbfd	0x186eB0x17d7B0x1748B0x3224B0xbfd
0x17efS0x17d7S0x1748S0x3224B0xbfd	0x17eeB0x17d7B0x1748B0x3224B0xbfd
0x17f2S0x17d7S0x1748S0x3224B0xbfd	0x17eeB0x17d7B0x1748B0x3224B0xbfd
0x17f3S0x17d7S0x1748S0x3224B0xbfd	0x17eeB0x17d7B0x1748B0x3224B0xbfd
0x17f4S0x17d7S0x1748S0x3224B0xbfd	0x17eeB0x17d7B0x1748B0x3224B0xbfd
0x17f5S0x17d7S0x1748S0x3224B0xbfd	0x17eeB0x17d7B0x1748B0x3224B0xbfd
0x1811S0x17d7S0x1748S0x3224B0xbfd	0x1810B0x17d7B0x1748B0x3224B0xbfd
0x1815S0x17d7S0x1748S0x3224B0xbfd	0x1810B0x17d7B0x1748B0x3224B0xbfd
0x3401S0x17d7S0x1748S0x3224B0xbfd	0x3400B0x17d7B0x1748B0x3224B0xbfd
0x3403S0x17d7S0x1748S0x3224B0xbfd	0x3400B0x17d7B0x1748B0x3224B0xbfd
0x3406S0x17d7S0x1748S0x3224B0xbfd	0x3400B0x17d7B0x1748B0x3224B0xbfd
0x21dcS0x17d7S0x1748S0x3224B0xbfd	0x21dbB0x17d7B0x1748B0x3224B0xbfd
0x21e1S0x17d7S0x1748S0x3224B0xbfd	0x21dbB0x17d7B0x1748B0x3224B0xbfd
0x21e5S0x17d7S0x1748S0x3224B0xbfd	0x21dbB0x17d7B0x1748B0x3224B0xbfd
0x21e7S0x17d7S0x1748S0x3224B0xbfd	0x21dbB0x17d7B0x1748B0x3224B0xbfd
0x2208S0x17d7S0x1748S0x3224B0xbfd	0x21dbB0x17d7B0x1748B0x3224B0xbfd
0x220bS0x17d7S0x1748S0x3224B0xbfd	0x21dbB0x17d7B0x1748B0x3224B0xbfd
0x220dS0x17d7S0x1748S0x3224B0xbfd	0x21dbB0x17d7B0x1748B0x3224B0xbfd
0x2214S0x17d7S0x1748S0x3224B0xbfd	0x21dbB0x17d7B0x1748B0x3224B0xbfd
0x2216S0x17d7S0x1748S0x3224B0xbfd	0x21dbB0x17d7B0x1748B0x3224B0xbfd
0x2217S0x17d7S0x1748S0x3224B0xbfd	0x21dbB0x17d7B0x1748B0x3224B0xbfd
0x221aS0x17d7S0x1748S0x3224B0xbfd	0x21dbB0x17d7B0x1748B0x3224B0xbfd
0x221cS0x17d7S0x1748S0x3224B0xbfd	0x21dbB0x17d7B0x1748B0x3224B0xbfd
0x221eS0x17d7S0x1748S0x3224B0xbfd	0x21dbB0x17d7B0x1748B0x3224B0xbfd
0x181aS0x17d7S0x1748S0x3224B0xbfd	0x1819B0x17d7B0x1748B0x3224B0xbfd
0x1836S0x17d7S0x1748S0x3224B0xbfd	0x1835B0x17d7B0x1748B0x3224B0xbfd
0x1838S0x17d7S0x1748S0x3224B0xbfd	0x1835B0x17d7B0x1748B0x3224B0xbfd
0x183bS0x17d7S0x1748S0x3224B0xbfd	0x1835B0x17d7B0x1748B0x3224B0xbfd
0x183dS0x17d7S0x1748S0x3224B0xbfd	0x1835B0x17d7B0x1748B0x3224B0xbfd
0x183fS0x17d7S0x1748S0x3224B0xbfd	0x1835B0x17d7B0x1748B0x3224B0xbfd
0x1841S0x17d7S0x1748S0x3224B0xbfd	0x1835B0x17d7B0x1748B0x3224B0xbfd
0x1842S0x17d7S0x1748S0x3224B0xbfd	0x1835B0x17d7B0x1748B0x3224B0xbfd
0x1843S0x17d7S0x1748S0x3224B0xbfd	0x1835B0x17d7B0x1748B0x3224B0xbfd
0x1846S0x17d7S0x1748S0x3224B0xbfd	0x1835B0x17d7B0x1748B0x3224B0xbfd
0x1848S0x17d7S0x1748S0x3224B0xbfd	0x1835B0x17d7B0x1748B0x3224B0xbfd
0x1849S0x17d7S0x1748S0x3224B0xbfd	0x1835B0x17d7B0x1748B0x3224B0xbfd
0x184eS0x17d7S0x1748S0x3224B0xbfd	0x1835B0x17d7B0x1748B0x3224B0xbfd
0x3429S0x17d7S0x1748S0x3224B0xbfd	0x3428B0x17d7B0x1748B0x3224B0xbfd
0x342bS0x17d7S0x1748S0x3224B0xbfd	0x3428B0x17d7B0x1748B0x3224B0xbfd
0x342eS0x17d7S0x1748S0x3224B0xbfd	0x3428B0x17d7B0x1748B0x3224B0xbfd
0x2528S0x17d7S0x1748S0x3224B0xbfd	0x2527B0x17d7B0x1748B0x3224B0xbfd
0x252dS0x17d7S0x1748S0x3224B0xbfd	0x2527B0x17d7B0x1748B0x3224B0xbfd
0x2531S0x17d7S0x1748S0x3224B0xbfd	0x2527B0x17d7B0x1748B0x3224B0xbfd
0x2533S0x17d7S0x1748S0x3224B0xbfd	0x2527B0x17d7B0x1748B0x3224B0xbfd
0x2554S0x17d7S0x1748S0x3224B0xbfd	0x2527B0x17d7B0x1748B0x3224B0xbfd
0x2557S0x17d7S0x1748S0x3224B0xbfd	0x2527B0x17d7B0x1748B0x3224B0xbfd
0x2559S0x17d7S0x1748S0x3224B0xbfd	0x2527B0x17d7B0x1748B0x3224B0xbfd
0x255bS0x17d7S0x1748S0x3224B0xbfd	0x2527B0x17d7B0x1748B0x3224B0xbfd
0x1853S0x17d7S0x1748S0x3224B0xbfd	0x1852B0x17d7B0x1748B0x3224B0xbfd
0x1855S0x17d7S0x1748S0x3224B0xbfd	0x1852B0x17d7B0x1748B0x3224B0xbfd
0x1857S0x17d7S0x1748S0x3224B0xbfd	0x1852B0x17d7B0x1748B0x3224B0xbfd
0x185aS0x17d7S0x1748S0x3224B0xbfd	0x1852B0x17d7B0x1748B0x3224B0xbfd
0x185eS0x17d7S0x1748S0x3224B0xbfd	0x1852B0x17d7B0x1748B0x3224B0xbfd
0x185fS0x17d7S0x1748S0x3224B0xbfd	0x1852B0x17d7B0x1748B0x3224B0xbfd
0x1864S0x17d7S0x1748S0x3224B0xbfd	0x1852B0x17d7B0x1748B0x3224B0xbfd
0x1866S0x17d7S0x1748S0x3224B0xbfd	0x1852B0x17d7B0x1748B0x3224B0xbfd
0x1869S0x17d7S0x1748S0x3224B0xbfd	0x1852B0x17d7B0x1748B0x3224B0xbfd
0x186aS0x17d7S0x1748S0x3224B0xbfd	0x1852B0x17d7B0x1748B0x3224B0xbfd
0x1bffS0x17d7S0x1748S0x3224B0xbfd	0x1bfeB0x17d7B0x1748B0x3224B0xbfd
0x1c02S0x17d7S0x1748S0x3224B0xbfd	0x1bfeB0x17d7B0x1748B0x3224B0xbfd
0x1c03S0x17d7S0x1748S0x3224B0xbfd	0x1bfeB0x17d7B0x1748B0x3224B0xbfd
0x1c08S0x17d7S0x1748S0x3224B0xbfd	0x1bfeB0x17d7B0x1748B0x3224B0xbfd
0x1c0bS0x17d7S0x1748S0x3224B0xbfd	0x1bfeB0x17d7B0x1748B0x3224B0xbfd
0x1c0cS0x17d7S0x1748S0x3224B0xbfd	0x1bfeB0x17d7B0x1748B0x3224B0xbfd
0x1890S0x17d7S0x1748S0x3224B0xbfd	0x188fB0x17d7B0x1748B0x3224B0xbfd
0x189aS0x17d7S0x1748S0x3224B0xbfd	0x1894B0x17d7B0x1748B0x3224B0xbfd
0x18a0S0x17d7S0x1748S0x3224B0xbfd	0x1894B0x17d7B0x1748B0x3224B0xbfd
0x1894_0x1S0x17d7S0x1748S0x3224B0xbfd	0x1894B0x17d7B0x1748B0x3224B0xbfd
0x1c14S0x17d7S0x1748S0x3224B0xbfd	0x1c10B0x17d7B0x1748B0x3224B0xbfd
0x1683S0x1810S0x17d7S0x1748S0x3224B0xbfd	0x1682B0x1810B0x17d7B0x1748B0x3224B0xbfd
0x1684S0x1810S0x17d7S0x1748S0x3224B0xbfd	0x1682B0x1810B0x17d7B0x1748B0x3224B0xbfd
0x1685S0x1810S0x17d7S0x1748S0x3224B0xbfd	0x1682B0x1810B0x17d7B0x1748B0x3224B0xbfd
0x2740S0x1bfeS0x17d7S0x1748S0x3224B0xbfd	0x273fB0x1bfeB0x17d7B0x1748B0x3224B0xbfd
0x275dS0x1bfeS0x17d7S0x1748S0x3224B0xbfd	0x275aB0x1bfeB0x17d7B0x1748B0x3224B0xbfd
0x275eS0x1bfeS0x17d7S0x1748S0x3224B0xbfd	0x275aB0x1bfeB0x17d7B0x1748B0x3224B0xbfd
0x275fS0x1bfeS0x17d7S0x1748S0x3224B0xbfd	0x275aB0x1bfeB0x17d7B0x1748B0x3224B0xbfd
0x275a_0x0S0x1bfeS0x17d7S0x1748S0x3224B0xbfd	0x275aB0x1bfeB0x17d7B0x1748B0x3224B0xbfd
0x2745S0x1bfeS0x17d7S0x1748S0x3224B0xbfd	0x2742B0x1bfeB0x17d7B0x1748B0x3224B0xbfd
0x2746S0x1bfeS0x17d7S0x1748S0x3224B0xbfd	0x2742B0x1bfeB0x17d7B0x1748B0x3224B0xbfd
0x2747S0x1bfeS0x17d7S0x1748S0x3224B0xbfd	0x2742B0x1bfeB0x17d7B0x1748B0x3224B0xbfd
0x2742_0x0S0x1bfeS0x17d7S0x1748S0x3224B0xbfd	0x2742B0x1bfeB0x17d7B0x1748B0x3224B0xbfd
0x274dS0x1bfeS0x17d7S0x1748S0x3224B0xbfd	0x274bB0x1bfeB0x17d7B0x1748B0x3224B0xbfd
0x274eS0x1bfeS0x17d7S0x1748S0x3224B0xbfd	0x274bB0x1bfeB0x17d7B0x1748B0x3224B0xbfd
0x2751S0x1bfeS0x17d7S0x1748S0x3224B0xbfd	0x274bB0x1bfeB0x17d7B0x1748B0x3224B0xbfd
0x2753S0x1bfeS0x17d7S0x1748S0x3224B0xbfd	0x274bB0x1bfeB0x17d7B0x1748B0x3224B0xbfd
0x2755S0x1bfeS0x17d7S0x1748S0x3224B0xbfd	0x274bB0x1bfeB0x17d7B0x1748B0x3224B0xbfd
0x2756S0x1bfeS0x17d7S0x1748S0x3224B0xbfd	0x274bB0x1bfeB0x17d7B0x1748B0x3224B0xbfd
0x274b_0x0S0x1bfeS0x17d7S0x1748S0x3224B0xbfd	0x274bB0x1bfeB0x17d7B0x1748B0x3224B0xbfd
0x2765S0x1bfeS0x17d7S0x1748S0x3224B0xbfd	0x2763B0x1bfeB0x17d7B0x1748B0x3224B0xbfd
0x2768S0x1bfeS0x17d7S0x1748S0x3224B0xbfd	0x2763B0x1bfeB0x17d7B0x1748B0x3224B0xbfd
0x18b0S0x1894S0x17d7S0x1748S0x3224B0xbfd	0x18afB0x1894B0x17d7B0x1748B0x3224B0xbfd
0x18b3S0x1894S0x17d7S0x1748S0x3224B0xbfd	0x18afB0x1894B0x17d7B0x1748B0x3224B0xbfd
0x18b4S0x1894S0x17d7S0x1748S0x3224B0xbfd	0x18afB0x1894B0x17d7B0x1748B0x3224B0xbfd
0x18c0S0x1894S0x17d7S0x1748S0x3224B0xbfd	0x18beB0x1894B0x17d7B0x1748B0x3224B0xbfd
0x18c1S0x1894S0x17d7S0x1748S0x3224B0xbfd	0x18beB0x1894B0x17d7B0x1748B0x3224B0xbfd
0x18c2S0x1894S0x17d7S0x1748S0x3224B0xbfd	0x18beB0x1894B0x17d7B0x1748B0x3224B0xbfd
0x18d0S0x1894S0x17d7S0x1748S0x3224B0xbfd	0x18ceB0x1894B0x17d7B0x1748B0x3224B0xbfd
0x18d2S0x1894S0x17d7S0x1748S0x3224B0xbfd	0x18ceB0x1894B0x17d7B0x1748B0x3224B0xbfd
0x18d3S0x1894S0x17d7S0x1748S0x3224B0xbfd	0x18ceB0x1894B0x17d7B0x1748B0x3224B0xbfd
0x18d7S0x1894S0x17d7S0x1748S0x3224B0xbfd	0x18ceB0x1894B0x17d7B0x1748B0x3224B0xbfd
0x18d9S0x1894S0x17d7S0x1748S0x3224B0xbfd	0x18ceB0x1894B0x17d7B0x1748B0x3224B0xbfd
0x18dcS0x1894S0x17d7S0x1748S0x3224B0xbfd	0x18ceB0x1894B0x17d7B0x1748B0x3224B0xbfd
0x18deS0x1894S0x17d7S0x1748S0x3224B0xbfd	0x18ceB0x1894B0x17d7B0x1748B0x3224B0xbfd
0x18dfS0x1894S0x17d7S0x1748S0x3224B0xbfd	0x18ceB0x1894B0x17d7B0x1748B0x3224B0xbfd
0x18e4S0x1894S0x17d7S0x1748S0x3224B0xbfd	0x18ceB0x1894B0x17d7B0x1748B0x3224B0xbfd
0x3477S0x1894S0x17d7S0x1748S0x3224B0xbfd	0x3476B0x1894B0x17d7B0x1748B0x3224B0xbfd
0x3479S0x1894S0x17d7S0x1748S0x3224B0xbfd	0x3476B0x1894B0x17d7B0x1748B0x3224B0xbfd
0x347cS0x1894S0x17d7S0x1748S0x3224B0xbfd	0x3476B0x1894B0x17d7B0x1748B0x3224B0xbfd
0x1d05S0x1894S0x17d7S0x1748S0x3224B0xbfd	0x1d04B0x1894B0x17d7B0x1748B0x3224B0xbfd
0x1d07S0x1894S0x17d7S0x1748S0x3224B0xbfd	0x1d04B0x1894B0x17d7B0x1748B0x3224B0xbfd
0x1d0cS0x1894S0x17d7S0x1748S0x3224B0xbfd	0x1d04B0x1894B0x17d7B0x1748B0x3224B0xbfd
0x1d0eS0x1894S0x17d7S0x1748S0x3224B0xbfd	0x1d04B0x1894B0x17d7B0x1748B0x3224B0xbfd
0x1d11S0x1894S0x17d7S0x1748S0x3224B0xbfd	0x1d04B0x1894B0x17d7B0x1748B0x3224B0xbfd
0x1d13S0x1894S0x17d7S0x1748S0x3224B0xbfd	0x1d04B0x1894B0x17d7B0x1748B0x3224B0xbfd
0x1d17S0x1894S0x17d7S0x1748S0x3224B0xbfd	0x1d04B0x1894B0x17d7B0x1748B0x3224B0xbfd
0x1d1aS0x1894S0x17d7S0x1748S0x3224B0xbfd	0x1d04B0x1894B0x17d7B0x1748B0x3224B0xbfd
0x1d1bS0x1894S0x17d7S0x1748S0x3224B0xbfd	0x1d04B0x1894B0x17d7B0x1748B0x3224B0xbfd
0x1d1eS0x1894S0x17d7S0x1748S0x3224B0xbfd	0x1d04B0x1894B0x17d7B0x1748B0x3224B0xbfd
0x1d1fS0x1894S0x17d7S0x1748S0x3224B0xbfd	0x1d04B0x1894B0x17d7B0x1748B0x3224B0xbfd
0x1d24S0x1894S0x17d7S0x1748S0x3224B0xbfd	0x1d23B0x1894B0x17d7B0x1748B0x3224B0xbfd
0x1d26S0x1894S0x17d7S0x1748S0x3224B0xbfd	0x1d23B0x1894B0x17d7B0x1748B0x3224B0xbfd
0x1d27S0x1894S0x17d7S0x1748S0x3224B0xbfd	0x1d23B0x1894B0x17d7B0x1748B0x3224B0xbfd
0x1d29S0x1894S0x17d7S0x1748S0x3224B0xbfd	0x1d23B0x1894B0x17d7B0x1748B0x3224B0xbfd
0x1d2aS0x1894S0x17d7S0x1748S0x3224B0xbfd	0x1d23B0x1894B0x17d7B0x1748B0x3224B0xbfd
0x1d2eS0x1894S0x17d7S0x1748S0x3224B0xbfd	0x1d23B0x1894B0x17d7B0x1748B0x3224B0xbfd
0x1d2fS0x1894S0x17d7S0x1748S0x3224B0xbfd	0x1d23B0x1894B0x17d7B0x1748B0x3224B0xbfd
0x1d31S0x1894S0x17d7S0x1748S0x3224B0xbfd	0x1d23B0x1894B0x17d7B0x1748B0x3224B0xbfd
0x18baS0x1894S0x17d7S0x1748S0x3224B0xbfd	0x18b8B0x1894B0x17d7B0x1748B0x3224B0xbfd
0x18c7S0x1894S0x17d7S0x1748S0x3224B0xbfd	0x18c6B0x1894B0x17d7B0x1748B0x3224B0xbfd
0x18caS0x1894S0x17d7S0x1748S0x3224B0xbfd	0x18c6B0x1894B0x17d7B0x1748B0x3224B0xbfd
0x18ccS0x1894S0x17d7S0x1748S0x3224B0xbfd	0x18c6B0x1894B0x17d7B0x1748B0x3224B0xbfd
0x2740S0x1d04S0x1894S0x17d7S0x1748S0x3224B0xbfd	0x273fB0x1d04B0x1894B0x17d7B0x1748B0x3224B0xbfd
0x275dS0x1d04S0x1894S0x17d7S0x1748S0x3224B0xbfd	0x275aB0x1d04B0x1894B0x17d7B0x1748B0x3224B0xbfd
0x275eS0x1d04S0x1894S0x17d7S0x1748S0x3224B0xbfd	0x275aB0x1d04B0x1894B0x17d7B0x1748B0x3224B0xbfd
0x275fS0x1d04S0x1894S0x17d7S0x1748S0x3224B0xbfd	0x275aB0x1d04B0x1894B0x17d7B0x1748B0x3224B0xbfd
0x275a_0x0S0x1d04S0x1894S0x17d7S0x1748S0x3224B0xbfd	0x275aB0x1d04B0x1894B0x17d7B0x1748B0x3224B0xbfd
0x2745S0x1d04S0x1894S0x17d7S0x1748S0x3224B0xbfd	0x2742B0x1d04B0x1894B0x17d7B0x1748B0x3224B0xbfd
0x2746S0x1d04S0x1894S0x17d7S0x1748S0x3224B0xbfd	0x2742B0x1d04B0x1894B0x17d7B0x1748B0x3224B0xbfd
0x2747S0x1d04S0x1894S0x17d7S0x1748S0x3224B0xbfd	0x2742B0x1d04B0x1894B0x17d7B0x1748B0x3224B0xbfd
0x2742_0x0S0x1d04S0x1894S0x17d7S0x1748S0x3224B0xbfd	0x2742B0x1d04B0x1894B0x17d7B0x1748B0x3224B0xbfd
0x274dS0x1d04S0x1894S0x17d7S0x1748S0x3224B0xbfd	0x274bB0x1d04B0x1894B0x17d7B0x1748B0x3224B0xbfd
0x274eS0x1d04S0x1894S0x17d7S0x1748S0x3224B0xbfd	0x274bB0x1d04B0x1894B0x17d7B0x1748B0x3224B0xbfd
0x2751S0x1d04S0x1894S0x17d7S0x1748S0x3224B0xbfd	0x274bB0x1d04B0x1894B0x17d7B0x1748B0x3224B0xbfd
0x2753S0x1d04S0x1894S0x17d7S0x1748S0x3224B0xbfd	0x274bB0x1d04B0x1894B0x17d7B0x1748B0x3224B0xbfd
0x2755S0x1d04S0x1894S0x17d7S0x1748S0x3224B0xbfd	0x274bB0x1d04B0x1894B0x17d7B0x1748B0x3224B0xbfd
0x2756S0x1d04S0x1894S0x17d7S0x1748S0x3224B0xbfd	0x274bB0x1d04B0x1894B0x17d7B0x1748B0x3224B0xbfd
0x274b_0x0S0x1d04S0x1894S0x17d7S0x1748S0x3224B0xbfd	0x274bB0x1d04B0x1894B0x17d7B0x1748B0x3224B0xbfd
0x2765S0x1d04S0x1894S0x17d7S0x1748S0x3224B0xbfd	0x2763B0x1d04B0x1894B0x17d7B0x1748B0x3224B0xbfd
0x2768S0x1d04S0x1894S0x17d7S0x1748S0x3224B0xbfd	0x2763B0x1d04B0x1894B0x17d7B0x1748B0x3224B0xbfd
0x17c0S0x32c6B0x1296	0x17c0B0x32c6B0x1296
0x17c2S0x32c6B0x1296	0x17c0B0x32c6B0x1296
0x17c3S0x32c6B0x1296	0x17c0B0x32c6B0x1296
0x17c7S0x32c6B0x1296	0x17c0B0x32c6B0x1296
0x17c9S0x32c6B0x1296	0x17c0B0x32c6B0x1296
0x17ccS0x32c6B0x1296	0x17c0B0x32c6B0x1296
0x17ceS0x32c6B0x1296	0x17c0B0x32c6B0x1296
0x17cfS0x32c6B0x1296	0x17c0B0x32c6B0x1296
0x17d3S0x32c6B0x1296	0x17c0B0x32c6B0x1296
0x179fS0x32c6B0x1296	0x179dB0x32c6B0x1296
0x17a3S0x32c6B0x1296	0x179dB0x32c6B0x1296
0x17a4S0x32c6B0x1296	0x179dB0x32c6B0x1296
0x17bcS0x32c6B0x1296	0x17bbB0x32c6B0x1296
0x33d9S0x32c6B0x1296	0x33d8B0x32c6B0x1296
0x33dbS0x32c6B0x1296	0x33d8B0x32c6B0x1296
0x33deS0x32c6B0x1296	0x33d8B0x32c6B0x1296
0x255fS0x32c6B0x1296	0x255eB0x32c6B0x1296
0x2564S0x32c6B0x1296	0x255eB0x32c6B0x1296
0x2568S0x32c6B0x1296	0x255eB0x32c6B0x1296
0x256aS0x32c6B0x1296	0x255eB0x32c6B0x1296
0x258bS0x32c6B0x1296	0x255eB0x32c6B0x1296
0x258eS0x32c6B0x1296	0x255eB0x32c6B0x1296
0x2590S0x32c6B0x1296	0x255eB0x32c6B0x1296
0x259bS0x32c6B0x1296	0x255eB0x32c6B0x1296
0x259dS0x32c6B0x1296	0x255eB0x32c6B0x1296
0x259eS0x32c6B0x1296	0x255eB0x32c6B0x1296
0x25a1S0x32c6B0x1296	0x255eB0x32c6B0x1296
0x25a3S0x32c6B0x1296	0x255eB0x32c6B0x1296
0x25a5S0x32c6B0x1296	0x255eB0x32c6B0x1296
0x1749S0x32c6B0x1296	0x1748B0x32c6B0x1296
0x174bS0x32c6B0x1296	0x1748B0x32c6B0x1296
0x174fS0x32c6B0x1296	0x1748B0x32c6B0x1296
0x1751S0x32c6B0x1296	0x1748B0x32c6B0x1296
0x1753S0x32c6B0x1296	0x1748B0x32c6B0x1296
0x1755S0x32c6B0x1296	0x1748B0x32c6B0x1296
0x1756S0x32c6B0x1296	0x1748B0x32c6B0x1296
0x175aS0x32c6B0x1296	0x1748B0x32c6B0x1296
0x175eS0x32c6B0x1296	0x1748B0x32c6B0x1296
0x1760S0x32c6B0x1296	0x1748B0x32c6B0x1296
0x1761S0x32c6B0x1296	0x1748B0x32c6B0x1296
0x1786S0x32c6B0x1296	0x1748B0x32c6B0x1296
0x1788S0x32c6B0x1296	0x1748B0x32c6B0x1296
0x178aS0x32c6B0x1296	0x1748B0x32c6B0x1296
0x178cS0x32c6B0x1296	0x1748B0x32c6B0x1296
0x178dS0x32c6B0x1296	0x1748B0x32c6B0x1296
0x178eS0x32c6B0x1296	0x1748B0x32c6B0x1296
0x178fS0x32c6B0x1296	0x1748B0x32c6B0x1296
0x1796S0x32c6B0x1296	0x1748B0x32c6B0x1296
0x179bS0x32c6B0x1296	0x1748B0x32c6B0x1296
0x17aaS0x32c6B0x1296	0x17a8B0x32c6B0x1296
0x17acS0x32c6B0x1296	0x17a8B0x32c6B0x1296
0x17aeS0x32c6B0x1296	0x17a8B0x32c6B0x1296
0x17b0S0x32c6B0x1296	0x17a8B0x32c6B0x1296
0x17b2S0x32c6B0x1296	0x17a8B0x32c6B0x1296
0x17b7S0x32c6B0x1296	0x17a8B0x32c6B0x1296
0x1a92S0x17a8S0x32c6B0x1296	0x1a91B0x17a8B0x32c6B0x1296
0x1a94S0x17a8S0x32c6B0x1296	0x1a91B0x17a8B0x32c6B0x1296
0x1a98S0x17a8S0x32c6B0x1296	0x1a91B0x17a8B0x32c6B0x1296
0x1a99S0x17a8S0x32c6B0x1296	0x1a91B0x17a8B0x32c6B0x1296
0x1a9aS0x17a8S0x32c6B0x1296	0x1a91B0x17a8B0x32c6B0x1296
0x1a9bS0x17a8S0x32c6B0x1296	0x1a91B0x17a8B0x32c6B0x1296
0x1aa4S0x17a8S0x32c6B0x1296	0x1aa2B0x17a8B0x32c6B0x1296
0x1aa5S0x17a8S0x32c6B0x1296	0x1aa2B0x17a8B0x32c6B0x1296
0x1aa9S0x17a8S0x32c6B0x1296	0x1aa2B0x17a8B0x32c6B0x1296
0x278dS0x1aa2S0x17a8S0x32c6B0x1296	0x278dB0x1aa2B0x17a8B0x32c6B0x1296
0x2785S0x1aa2S0x17a8S0x32c6B0x1296	0x2783B0x1aa2B0x17a8B0x32c6B0x1296
0x2786S0x1aa2S0x17a8S0x32c6B0x1296	0x2783B0x1aa2B0x17a8B0x32c6B0x1296
0x2788S0x1aa2S0x17a8S0x32c6B0x1296	0x2783B0x1aa2B0x17a8B0x32c6B0x1296
0x2789S0x1aa2S0x17a8S0x32c6B0x1296	0x2783B0x1aa2B0x17a8B0x32c6B0x1296
0x17d8S0x1748S0x32c6B0x1296	0x17d7B0x1748B0x32c6B0x1296
0x17daS0x1748S0x32c6B0x1296	0x17d7B0x1748B0x32c6B0x1296
0x17dfS0x1748S0x32c6B0x1296	0x17d7B0x1748B0x32c6B0x1296
0x17e2S0x1748S0x32c6B0x1296	0x17d7B0x1748B0x32c6B0x1296
0x17f9S0x17d7S0x1748S0x32c6B0x1296	0x17f9B0x17d7B0x1748B0x32c6B0x1296
0x17fbS0x17d7S0x1748S0x32c6B0x1296	0x17f9B0x17d7B0x1748B0x32c6B0x1296
0x17fcS0x17d7S0x1748S0x32c6B0x1296	0x17f9B0x17d7B0x1748B0x32c6B0x1296
0x1800S0x17d7S0x1748S0x32c6B0x1296	0x17f9B0x17d7B0x1748B0x32c6B0x1296
0x1802S0x17d7S0x1748S0x32c6B0x1296	0x17f9B0x17d7B0x1748B0x32c6B0x1296
0x1805S0x17d7S0x1748S0x32c6B0x1296	0x17f9B0x17d7B0x1748B0x32c6B0x1296
0x1807S0x17d7S0x1748S0x32c6B0x1296	0x17f9B0x17d7B0x1748B0x32c6B0x1296
0x1808S0x17d7S0x1748S0x32c6B0x1296	0x17f9B0x17d7B0x1748B0x32c6B0x1296
0x180cS0x17d7S0x1748S0x32c6B0x1296	0x17f9B0x17d7B0x1748B0x32c6B0x1296
0x181eS0x17d7S0x1748S0x32c6B0x1296	0x181eB0x17d7B0x1748B0x32c6B0x1296
0x1820S0x17d7S0x1748S0x32c6B0x1296	0x181eB0x17d7B0x1748B0x32c6B0x1296
0x1821S0x17d7S0x1748S0x32c6B0x1296	0x181eB0x17d7B0x1748B0x32c6B0x1296
0x1825S0x17d7S0x1748S0x32c6B0x1296	0x181eB0x17d7B0x1748B0x32c6B0x1296
0x1827S0x17d7S0x1748S0x32c6B0x1296	0x181eB0x17d7B0x1748B0x32c6B0x1296
0x182aS0x17d7S0x1748S0x32c6B0x1296	0x181eB0x17d7B0x1748B0x32c6B0x1296
0x182cS0x17d7S0x1748S0x32c6B0x1296	0x181eB0x17d7B0x1748B0x32c6B0x1296
0x182dS0x17d7S0x1748S0x32c6B0x1296	0x181eB0x17d7B0x1748B0x32c6B0x1296
0x1831S0x17d7S0x1748S0x32c6B0x1296	0x181eB0x17d7B0x1748B0x32c6B0x1296
0x186eS0x17d7S0x1748S0x32c6B0x1296	0x186eB0x17d7B0x1748B0x32c6B0x1296
0x1870S0x17d7S0x1748S0x32c6B0x1296	0x186eB0x17d7B0x1748B0x32c6B0x1296
0x1873S0x17d7S0x1748S0x32c6B0x1296	0x186eB0x17d7B0x1748B0x32c6B0x1296
0x1875S0x17d7S0x1748S0x32c6B0x1296	0x186eB0x17d7B0x1748B0x32c6B0x1296
0x1876S0x17d7S0x1748S0x32c6B0x1296	0x186eB0x17d7B0x1748B0x32c6B0x1296
0x1878S0x17d7S0x1748S0x32c6B0x1296	0x186eB0x17d7B0x1748B0x32c6B0x1296
0x1879S0x17d7S0x1748S0x32c6B0x1296	0x186eB0x17d7B0x1748B0x32c6B0x1296
0x187aS0x17d7S0x1748S0x32c6B0x1296	0x186eB0x17d7B0x1748B0x32c6B0x1296
0x187cS0x17d7S0x1748S0x32c6B0x1296	0x186eB0x17d7B0x1748B0x32c6B0x1296
0x187dS0x17d7S0x1748S0x32c6B0x1296	0x186eB0x17d7B0x1748B0x32c6B0x1296
0x1880S0x17d7S0x1748S0x32c6B0x1296	0x186eB0x17d7B0x1748B0x32c6B0x1296
0x1883S0x17d7S0x1748S0x32c6B0x1296	0x186eB0x17d7B0x1748B0x32c6B0x1296
0x1884S0x17d7S0x1748S0x32c6B0x1296	0x186eB0x17d7B0x1748B0x32c6B0x1296
0x1886S0x17d7S0x1748S0x32c6B0x1296	0x186eB0x17d7B0x1748B0x32c6B0x1296
0x1889S0x17d7S0x1748S0x32c6B0x1296	0x186eB0x17d7B0x1748B0x32c6B0x1296
0x188bS0x17d7S0x1748S0x32c6B0x1296	0x186eB0x17d7B0x1748B0x32c6B0x1296
0x17efS0x17d7S0x1748S0x32c6B0x1296	0x17eeB0x17d7B0x1748B0x32c6B0x1296
0x17f2S0x17d7S0x1748S0x32c6B0x1296	0x17eeB0x17d7B0x1748B0x32c6B0x1296
0x17f3S0x17d7S0x1748S0x32c6B0x1296	0x17eeB0x17d7B0x1748B0x32c6B0x1296
0x17f4S0x17d7S0x1748S0x32c6B0x1296	0x17eeB0x17d7B0x1748B0x32c6B0x1296
0x17f5S0x17d7S0x1748S0x32c6B0x1296	0x17eeB0x17d7B0x1748B0x32c6B0x1296
0x1811S0x17d7S0x1748S0x32c6B0x1296	0x1810B0x17d7B0x1748B0x32c6B0x1296
0x1815S0x17d7S0x1748S0x32c6B0x1296	0x1810B0x17d7B0x1748B0x32c6B0x1296
0x3401S0x17d7S0x1748S0x32c6B0x1296	0x3400B0x17d7B0x1748B0x32c6B0x1296
0x3403S0x17d7S0x1748S0x32c6B0x1296	0x3400B0x17d7B0x1748B0x32c6B0x1296
0x3406S0x17d7S0x1748S0x32c6B0x1296	0x3400B0x17d7B0x1748B0x32c6B0x1296
0x21dcS0x17d7S0x1748S0x32c6B0x1296	0x21dbB0x17d7B0x1748B0x32c6B0x1296
0x21e1S0x17d7S0x1748S0x32c6B0x1296	0x21dbB0x17d7B0x1748B0x32c6B0x1296
0x21e5S0x17d7S0x1748S0x32c6B0x1296	0x21dbB0x17d7B0x1748B0x32c6B0x1296
0x21e7S0x17d7S0x1748S0x32c6B0x1296	0x21dbB0x17d7B0x1748B0x32c6B0x1296
0x2208S0x17d7S0x1748S0x32c6B0x1296	0x21dbB0x17d7B0x1748B0x32c6B0x1296
0x220bS0x17d7S0x1748S0x32c6B0x1296	0x21dbB0x17d7B0x1748B0x32c6B0x1296
0x220dS0x17d7S0x1748S0x32c6B0x1296	0x21dbB0x17d7B0x1748B0x32c6B0x1296
0x2214S0x17d7S0x1748S0x32c6B0x1296	0x21dbB0x17d7B0x1748B0x32c6B0x1296
0x2216S0x17d7S0x1748S0x32c6B0x1296	0x21dbB0x17d7B0x1748B0x32c6B0x1296
0x2217S0x17d7S0x1748S0x32c6B0x1296	0x21dbB0x17d7B0x1748B0x32c6B0x1296
0x221aS0x17d7S0x1748S0x32c6B0x1296	0x21dbB0x17d7B0x1748B0x32c6B0x1296
0x221cS0x17d7S0x1748S0x32c6B0x1296	0x21dbB0x17d7B0x1748B0x32c6B0x1296
0x221eS0x17d7S0x1748S0x32c6B0x1296	0x21dbB0x17d7B0x1748B0x32c6B0x1296
0x181aS0x17d7S0x1748S0x32c6B0x1296	0x1819B0x17d7B0x1748B0x32c6B0x1296
0x1836S0x17d7S0x1748S0x32c6B0x1296	0x1835B0x17d7B0x1748B0x32c6B0x1296
0x1838S0x17d7S0x1748S0x32c6B0x1296	0x1835B0x17d7B0x1748B0x32c6B0x1296
0x183bS0x17d7S0x1748S0x32c6B0x1296	0x1835B0x17d7B0x1748B0x32c6B0x1296
0x183dS0x17d7S0x1748S0x32c6B0x1296	0x1835B0x17d7B0x1748B0x32c6B0x1296
0x183fS0x17d7S0x1748S0x32c6B0x1296	0x1835B0x17d7B0x1748B0x32c6B0x1296
0x1841S0x17d7S0x1748S0x32c6B0x1296	0x1835B0x17d7B0x1748B0x32c6B0x1296
0x1842S0x17d7S0x1748S0x32c6B0x1296	0x1835B0x17d7B0x1748B0x32c6B0x1296
0x1843S0x17d7S0x1748S0x32c6B0x1296	0x1835B0x17d7B0x1748B0x32c6B0x1296
0x1846S0x17d7S0x1748S0x32c6B0x1296	0x1835B0x17d7B0x1748B0x32c6B0x1296
0x1848S0x17d7S0x1748S0x32c6B0x1296	0x1835B0x17d7B0x1748B0x32c6B0x1296
0x1849S0x17d7S0x1748S0x32c6B0x1296	0x1835B0x17d7B0x1748B0x32c6B0x1296
0x184eS0x17d7S0x1748S0x32c6B0x1296	0x1835B0x17d7B0x1748B0x32c6B0x1296
0x3429S0x17d7S0x1748S0x32c6B0x1296	0x3428B0x17d7B0x1748B0x32c6B0x1296
0x342bS0x17d7S0x1748S0x32c6B0x1296	0x3428B0x17d7B0x1748B0x32c6B0x1296
0x342eS0x17d7S0x1748S0x32c6B0x1296	0x3428B0x17d7B0x1748B0x32c6B0x1296
0x2528S0x17d7S0x1748S0x32c6B0x1296	0x2527B0x17d7B0x1748B0x32c6B0x1296
0x252dS0x17d7S0x1748S0x32c6B0x1296	0x2527B0x17d7B0x1748B0x32c6B0x1296
0x2531S0x17d7S0x1748S0x32c6B0x1296	0x2527B0x17d7B0x1748B0x32c6B0x1296
0x2533S0x17d7S0x1748S0x32c6B0x1296	0x2527B0x17d7B0x1748B0x32c6B0x1296
0x2554S0x17d7S0x1748S0x32c6B0x1296	0x2527B0x17d7B0x1748B0x32c6B0x1296
0x2557S0x17d7S0x1748S0x32c6B0x1296	0x2527B0x17d7B0x1748B0x32c6B0x1296
0x2559S0x17d7S0x1748S0x32c6B0x1296	0x2527B0x17d7B0x1748B0x32c6B0x1296
0x255bS0x17d7S0x1748S0x32c6B0x1296	0x2527B0x17d7B0x1748B0x32c6B0x1296
0x1853S0x17d7S0x1748S0x32c6B0x1296	0x1852B0x17d7B0x1748B0x32c6B0x1296
0x1855S0x17d7S0x1748S0x32c6B0x1296	0x1852B0x17d7B0x1748B0x32c6B0x1296
0x1857S0x17d7S0x1748S0x32c6B0x1296	0x1852B0x17d7B0x1748B0x32c6B0x1296
0x185aS0x17d7S0x1748S0x32c6B0x1296	0x1852B0x17d7B0x1748B0x32c6B0x1296
0x185eS0x17d7S0x1748S0x32c6B0x1296	0x1852B0x17d7B0x1748B0x32c6B0x1296
0x185fS0x17d7S0x1748S0x32c6B0x1296	0x1852B0x17d7B0x1748B0x32c6B0x1296
0x1864S0x17d7S0x1748S0x32c6B0x1296	0x1852B0x17d7B0x1748B0x32c6B0x1296
0x1866S0x17d7S0x1748S0x32c6B0x1296	0x1852B0x17d7B0x1748B0x32c6B0x1296
0x1869S0x17d7S0x1748S0x32c6B0x1296	0x1852B0x17d7B0x1748B0x32c6B0x1296
0x186aS0x17d7S0x1748S0x32c6B0x1296	0x1852B0x17d7B0x1748B0x32c6B0x1296
0x1bffS0x17d7S0x1748S0x32c6B0x1296	0x1bfeB0x17d7B0x1748B0x32c6B0x1296
0x1c02S0x17d7S0x1748S0x32c6B0x1296	0x1bfeB0x17d7B0x1748B0x32c6B0x1296
0x1c03S0x17d7S0x1748S0x32c6B0x1296	0x1bfeB0x17d7B0x1748B0x32c6B0x1296
0x1c08S0x17d7S0x1748S0x32c6B0x1296	0x1bfeB0x17d7B0x1748B0x32c6B0x1296
0x1c0bS0x17d7S0x1748S0x32c6B0x1296	0x1bfeB0x17d7B0x1748B0x32c6B0x1296
0x1c0cS0x17d7S0x1748S0x32c6B0x1296	0x1bfeB0x17d7B0x1748B0x32c6B0x1296
0x1890S0x17d7S0x1748S0x32c6B0x1296	0x188fB0x17d7B0x1748B0x32c6B0x1296
0x189aS0x17d7S0x1748S0x32c6B0x1296	0x1894B0x17d7B0x1748B0x32c6B0x1296
0x18a0S0x17d7S0x1748S0x32c6B0x1296	0x1894B0x17d7B0x1748B0x32c6B0x1296
0x1894_0x1S0x17d7S0x1748S0x32c6B0x1296	0x1894B0x17d7B0x1748B0x32c6B0x1296
0x1c14S0x17d7S0x1748S0x32c6B0x1296	0x1c10B0x17d7B0x1748B0x32c6B0x1296
0x1683S0x1810S0x17d7S0x1748S0x32c6B0x1296	0x1682B0x1810B0x17d7B0x1748B0x32c6B0x1296
0x1684S0x1810S0x17d7S0x1748S0x32c6B0x1296	0x1682B0x1810B0x17d7B0x1748B0x32c6B0x1296
0x1685S0x1810S0x17d7S0x1748S0x32c6B0x1296	0x1682B0x1810B0x17d7B0x1748B0x32c6B0x1296
0x2740S0x1bfeS0x17d7S0x1748S0x32c6B0x1296	0x273fB0x1bfeB0x17d7B0x1748B0x32c6B0x1296
0x275dS0x1bfeS0x17d7S0x1748S0x32c6B0x1296	0x275aB0x1bfeB0x17d7B0x1748B0x32c6B0x1296
0x275eS0x1bfeS0x17d7S0x1748S0x32c6B0x1296	0x275aB0x1bfeB0x17d7B0x1748B0x32c6B0x1296
0x275fS0x1bfeS0x17d7S0x1748S0x32c6B0x1296	0x275aB0x1bfeB0x17d7B0x1748B0x32c6B0x1296
0x275a_0x0S0x1bfeS0x17d7S0x1748S0x32c6B0x1296	0x275aB0x1bfeB0x17d7B0x1748B0x32c6B0x1296
0x2745S0x1bfeS0x17d7S0x1748S0x32c6B0x1296	0x2742B0x1bfeB0x17d7B0x1748B0x32c6B0x1296
0x2746S0x1bfeS0x17d7S0x1748S0x32c6B0x1296	0x2742B0x1bfeB0x17d7B0x1748B0x32c6B0x1296
0x2747S0x1bfeS0x17d7S0x1748S0x32c6B0x1296	0x2742B0x1bfeB0x17d7B0x1748B0x32c6B0x1296
0x2742_0x0S0x1bfeS0x17d7S0x1748S0x32c6B0x1296	0x2742B0x1bfeB0x17d7B0x1748B0x32c6B0x1296
0x274dS0x1bfeS0x17d7S0x1748S0x32c6B0x1296	0x274bB0x1bfeB0x17d7B0x1748B0x32c6B0x1296
0x274eS0x1bfeS0x17d7S0x1748S0x32c6B0x1296	0x274bB0x1bfeB0x17d7B0x1748B0x32c6B0x1296
0x2751S0x1bfeS0x17d7S0x1748S0x32c6B0x1296	0x274bB0x1bfeB0x17d7B0x1748B0x32c6B0x1296
0x2753S0x1bfeS0x17d7S0x1748S0x32c6B0x1296	0x274bB0x1bfeB0x17d7B0x1748B0x32c6B0x1296
0x2755S0x1bfeS0x17d7S0x1748S0x32c6B0x1296	0x274bB0x1bfeB0x17d7B0x1748B0x32c6B0x1296
0x2756S0x1bfeS0x17d7S0x1748S0x32c6B0x1296	0x274bB0x1bfeB0x17d7B0x1748B0x32c6B0x1296
0x274b_0x0S0x1bfeS0x17d7S0x1748S0x32c6B0x1296	0x274bB0x1bfeB0x17d7B0x1748B0x32c6B0x1296
0x2765S0x1bfeS0x17d7S0x1748S0x32c6B0x1296	0x2763B0x1bfeB0x17d7B0x1748B0x32c6B0x1296
0x2768S0x1bfeS0x17d7S0x1748S0x32c6B0x1296	0x2763B0x1bfeB0x17d7B0x1748B0x32c6B0x1296
0x18b0S0x1894S0x17d7S0x1748S0x32c6B0x1296	0x18afB0x1894B0x17d7B0x1748B0x32c6B0x1296
0x18b3S0x1894S0x17d7S0x1748S0x32c6B0x1296	0x18afB0x1894B0x17d7B0x1748B0x32c6B0x1296
0x18b4S0x1894S0x17d7S0x1748S0x32c6B0x1296	0x18afB0x1894B0x17d7B0x1748B0x32c6B0x1296
0x18c0S0x1894S0x17d7S0x1748S0x32c6B0x1296	0x18beB0x1894B0x17d7B0x1748B0x32c6B0x1296
0x18c1S0x1894S0x17d7S0x1748S0x32c6B0x1296	0x18beB0x1894B0x17d7B0x1748B0x32c6B0x1296
0x18c2S0x1894S0x17d7S0x1748S0x32c6B0x1296	0x18beB0x1894B0x17d7B0x1748B0x32c6B0x1296
0x18d0S0x1894S0x17d7S0x1748S0x32c6B0x1296	0x18ceB0x1894B0x17d7B0x1748B0x32c6B0x1296
0x18d2S0x1894S0x17d7S0x1748S0x32c6B0x1296	0x18ceB0x1894B0x17d7B0x1748B0x32c6B0x1296
0x18d3S0x1894S0x17d7S0x1748S0x32c6B0x1296	0x18ceB0x1894B0x17d7B0x1748B0x32c6B0x1296
0x18d7S0x1894S0x17d7S0x1748S0x32c6B0x1296	0x18ceB0x1894B0x17d7B0x1748B0x32c6B0x1296
0x18d9S0x1894S0x17d7S0x1748S0x32c6B0x1296	0x18ceB0x1894B0x17d7B0x1748B0x32c6B0x1296
0x18dcS0x1894S0x17d7S0x1748S0x32c6B0x1296	0x18ceB0x1894B0x17d7B0x1748B0x32c6B0x1296
0x18deS0x1894S0x17d7S0x1748S0x32c6B0x1296	0x18ceB0x1894B0x17d7B0x1748B0x32c6B0x1296
0x18dfS0x1894S0x17d7S0x1748S0x32c6B0x1296	0x18ceB0x1894B0x17d7B0x1748B0x32c6B0x1296
0x18e4S0x1894S0x17d7S0x1748S0x32c6B0x1296	0x18ceB0x1894B0x17d7B0x1748B0x32c6B0x1296
0x3477S0x1894S0x17d7S0x1748S0x32c6B0x1296	0x3476B0x1894B0x17d7B0x1748B0x32c6B0x1296
0x3479S0x1894S0x17d7S0x1748S0x32c6B0x1296	0x3476B0x1894B0x17d7B0x1748B0x32c6B0x1296
0x347cS0x1894S0x17d7S0x1748S0x32c6B0x1296	0x3476B0x1894B0x17d7B0x1748B0x32c6B0x1296
0x1d05S0x1894S0x17d7S0x1748S0x32c6B0x1296	0x1d04B0x1894B0x17d7B0x1748B0x32c6B0x1296
0x1d07S0x1894S0x17d7S0x1748S0x32c6B0x1296	0x1d04B0x1894B0x17d7B0x1748B0x32c6B0x1296
0x1d0cS0x1894S0x17d7S0x1748S0x32c6B0x1296	0x1d04B0x1894B0x17d7B0x1748B0x32c6B0x1296
0x1d0eS0x1894S0x17d7S0x1748S0x32c6B0x1296	0x1d04B0x1894B0x17d7B0x1748B0x32c6B0x1296
0x1d11S0x1894S0x17d7S0x1748S0x32c6B0x1296	0x1d04B0x1894B0x17d7B0x1748B0x32c6B0x1296
0x1d13S0x1894S0x17d7S0x1748S0x32c6B0x1296	0x1d04B0x1894B0x17d7B0x1748B0x32c6B0x1296
0x1d17S0x1894S0x17d7S0x1748S0x32c6B0x1296	0x1d04B0x1894B0x17d7B0x1748B0x32c6B0x1296
0x1d1aS0x1894S0x17d7S0x1748S0x32c6B0x1296	0x1d04B0x1894B0x17d7B0x1748B0x32c6B0x1296
0x1d1bS0x1894S0x17d7S0x1748S0x32c6B0x1296	0x1d04B0x1894B0x17d7B0x1748B0x32c6B0x1296
0x1d1eS0x1894S0x17d7S0x1748S0x32c6B0x1296	0x1d04B0x1894B0x17d7B0x1748B0x32c6B0x1296
0x1d1fS0x1894S0x17d7S0x1748S0x32c6B0x1296	0x1d04B0x1894B0x17d7B0x1748B0x32c6B0x1296
0x1d24S0x1894S0x17d7S0x1748S0x32c6B0x1296	0x1d23B0x1894B0x17d7B0x1748B0x32c6B0x1296
0x1d26S0x1894S0x17d7S0x1748S0x32c6B0x1296	0x1d23B0x1894B0x17d7B0x1748B0x32c6B0x1296
0x1d27S0x1894S0x17d7S0x1748S0x32c6B0x1296	0x1d23B0x1894B0x17d7B0x1748B0x32c6B0x1296
0x1d29S0x1894S0x17d7S0x1748S0x32c6B0x1296	0x1d23B0x1894B0x17d7B0x1748B0x32c6B0x1296
0x1d2aS0x1894S0x17d7S0x1748S0x32c6B0x1296	0x1d23B0x1894B0x17d7B0x1748B0x32c6B0x1296
0x1d2eS0x1894S0x17d7S0x1748S0x32c6B0x1296	0x1d23B0x1894B0x17d7B0x1748B0x32c6B0x1296
0x1d2fS0x1894S0x17d7S0x1748S0x32c6B0x1296	0x1d23B0x1894B0x17d7B0x1748B0x32c6B0x1296
0x1d31S0x1894S0x17d7S0x1748S0x32c6B0x1296	0x1d23B0x1894B0x17d7B0x1748B0x32c6B0x1296
0x18baS0x1894S0x17d7S0x1748S0x32c6B0x1296	0x18b8B0x1894B0x17d7B0x1748B0x32c6B0x1296
0x18c7S0x1894S0x17d7S0x1748S0x32c6B0x1296	0x18c6B0x1894B0x17d7B0x1748B0x32c6B0x1296
0x18caS0x1894S0x17d7S0x1748S0x32c6B0x1296	0x18c6B0x1894B0x17d7B0x1748B0x32c6B0x1296
0x18ccS0x1894S0x17d7S0x1748S0x32c6B0x1296	0x18c6B0x1894B0x17d7B0x1748B0x32c6B0x1296
0x2740S0x1d04S0x1894S0x17d7S0x1748S0x32c6B0x1296	0x273fB0x1d04B0x1894B0x17d7B0x1748B0x32c6B0x1296
0x275dS0x1d04S0x1894S0x17d7S0x1748S0x32c6B0x1296	0x275aB0x1d04B0x1894B0x17d7B0x1748B0x32c6B0x1296
0x275eS0x1d04S0x1894S0x17d7S0x1748S0x32c6B0x1296	0x275aB0x1d04B0x1894B0x17d7B0x1748B0x32c6B0x1296
0x275fS0x1d04S0x1894S0x17d7S0x1748S0x32c6B0x1296	0x275aB0x1d04B0x1894B0x17d7B0x1748B0x32c6B0x1296
0x275a_0x0S0x1d04S0x1894S0x17d7S0x1748S0x32c6B0x1296	0x275aB0x1d04B0x1894B0x17d7B0x1748B0x32c6B0x1296
0x2745S0x1d04S0x1894S0x17d7S0x1748S0x32c6B0x1296	0x2742B0x1d04B0x1894B0x17d7B0x1748B0x32c6B0x1296
0x2746S0x1d04S0x1894S0x17d7S0x1748S0x32c6B0x1296	0x2742B0x1d04B0x1894B0x17d7B0x1748B0x32c6B0x1296
0x2747S0x1d04S0x1894S0x17d7S0x1748S0x32c6B0x1296	0x2742B0x1d04B0x1894B0x17d7B0x1748B0x32c6B0x1296
0x2742_0x0S0x1d04S0x1894S0x17d7S0x1748S0x32c6B0x1296	0x2742B0x1d04B0x1894B0x17d7B0x1748B0x32c6B0x1296
0x274dS0x1d04S0x1894S0x17d7S0x1748S0x32c6B0x1296	0x274bB0x1d04B0x1894B0x17d7B0x1748B0x32c6B0x1296
0x274eS0x1d04S0x1894S0x17d7S0x1748S0x32c6B0x1296	0x274bB0x1d04B0x1894B0x17d7B0x1748B0x32c6B0x1296
0x2751S0x1d04S0x1894S0x17d7S0x1748S0x32c6B0x1296	0x274bB0x1d04B0x1894B0x17d7B0x1748B0x32c6B0x1296
0x2753S0x1d04S0x1894S0x17d7S0x1748S0x32c6B0x1296	0x274bB0x1d04B0x1894B0x17d7B0x1748B0x32c6B0x1296
0x2755S0x1d04S0x1894S0x17d7S0x1748S0x32c6B0x1296	0x274bB0x1d04B0x1894B0x17d7B0x1748B0x32c6B0x1296
0x2756S0x1d04S0x1894S0x17d7S0x1748S0x32c6B0x1296	0x274bB0x1d04B0x1894B0x17d7B0x1748B0x32c6B0x1296
0x274b_0x0S0x1d04S0x1894S0x17d7S0x1748S0x32c6B0x1296	0x274bB0x1d04B0x1894B0x17d7B0x1748B0x32c6B0x1296
0x2765S0x1d04S0x1894S0x17d7S0x1748S0x32c6B0x1296	0x2763B0x1d04B0x1894B0x17d7B0x1748B0x32c6B0x1296
0x2768S0x1d04S0x1894S0x17d7S0x1748S0x32c6B0x1296	0x2763B0x1d04B0x1894B0x17d7B0x1748B0x32c6B0x1296
0x15e	0x150
0x1e2	0x1d4
0x22f	0x221
0x297	0x289
0x34e	0x340
0x1c2	0x1b4
0x262	0x254
0x14eb	0x14c8
0x20f	0x201
0x13a	0x12e
0x214	0x210
0x2b1	0x2a9
0x805	0x7f5
0x8fb	0x8eb
0xdef	0xddf
0xe84	0xe74
0x1257	0x1247
0x7f4	0x7ed
0x8ea	0x8e3
0xdde	0xdd7
0xe73	0xe6c
0x1246	0x123f
0x128f	0x127e
0x35b	0x354
0x4fe	0x4f7
0xa36	0xa1e
0xfde	0xfd7
0x119d	0x1196
0x1a38	0x1a2f
0x1a55	0x1a39
0x1a6b	0x1a56
0x1b38	0x1b28
0x1b55	0x1b39
0x1b6b	0x1b56
0x128	0x11a
0x2f9	0x2eb
0x12f3	0x12c1
0x881	0x82c
0xe6b	0xe16
0x13ff	0x13d0
0xa83	0xa6d
0x11ca	0x11b4
0x4f6	0x4e0
0xfb2	0xf9c
0x4bc	0x4a6
0xf78	0xf62
0x1195	0x117f
0x82b	0x815
0x921	0x90b
0xe15	0xdff
0xeaa	0xe94
0x127d	0x1267
0x488	0x472
0x966	0x950
0xf44	0xf2e
0xc77	0xc49
0xb3d	0xaf4
0x123e	0x11f4
0x7cb	0x59d
0x1166	0x1052
0x1a70x186	0x19b0x186
0x1a70x1f5	0x19b0x1f5
0x63	0x60
0x94	0x91
0xdb	0xd8
0x163	0x15f
0x180	0x172
0x185	0x181
0x19a	0x192
0x1c7	0x1c3
0x1e7	0x1e3
0x234	0x230
0x242	0x235
0x247	0x243
0x267	0x263
0x27c	0x274
0x29c	0x298
0x2d9	0x2cb
0x2de	0x2da
0x2fe	0x2fa
0x319	0x30b
0x31e	0x31a
0x333	0x32b
0x41b	0x405
0x44c	0x436
0x465	0x456
0x52d	0x517
0x54f	0x539
0x578	0x562
0x7ec	0x7e7
0x8ab	0x88e
0x943	0x922
0x99d	0x967
0x9ef	0x9d9
0xa1d	0xa07
0xa61	0xa4b
0xaad	0xa97
0xad4	0xabe
0xb4c	0xb3e
0xb70	0xb5a
0xbba	0xba4
0xc28	0xc24
0xc48	0xc32
0xcd0	0xcbf
0xd43	0xd06
0xdbc	0xd72
0xdd6	0xdcb
0xef4	0xeab
0xf12	0xef5
0x11f3	0x11dd
0x12ad	0x12a9
0x1300	0x12f4
0x130f	0x1301
0x144f	0x142c
0x146d	0x1457
0x149b	0x146e
0x1507	0x14f1
0x1527	0x1511
0x1547	0x1531
0x1567	0x1551
0x1587	0x1571
0x15b6	0x15a0
0x15d0	0x15ca
0x15fb	0x15e5
0x167b	0x1665
0x1681	0x167c
0x19d9	0x19c9
0x1a90	0x1a6c
0x1adc	0x1ad6
0x1b93	0x1b6c
0x1bea	0x1bd1
0x1c4a	0x1c31
0x1c82	0x1c4b
0x1d03	0x1ce6
0x1d6d	0x1d37
0x1de7	0x1da5
0x1e44	0x1de8
0x1ec7	0x1e91
0x1f3b	0x1f0e
0x1f98	0x1f3c
0x1fcf	0x1f99
0x2021	0x1fd0
0x207e	0x2022
0x210f	0x20c0
0x2146	0x2110
0x2257	0x2221
0x2287	0x2258
0x22b4	0x2288
0x22f5	0x22b5
0x2352	0x22f6
0x2389	0x2353
0x23b3	0x238a
0x23f4	0x23b4
0x242b	0x23f5
0x24ab	0x2461
0x24ef	0x24ac
0x2526	0x24f0
0x26df	0x26a5
0x2bdb	0x2bc1
0x2c2e	0x2c23
0x2e39	0x2e2e
0x2f13	0x2ef9
0x2fb6	0x2fab
0x1f40x1c8	0x1e80x1c8
0x1f40x27d	0x1e80x27d
0x2be0x29d	0x2b20x29d
0x2be0x31f	0x2b20x31f
0x1c300x29d	0x1c1d0x29d
0x1c300x31f	0x1c1d0x31f
0x1ce50x1c8	0x1cdb0x1c8
0x1ce50x27d	0x1cdb0x27d
0x289f	0x289e
0x28c0	0x28bf
0x2909	0x2908
0x2952	0x2951
0x2973	0x2972
0x2994	0x2993
0x29b5	0x29b4
0x29fe	0x29fd
0x2a1f	0x2a1e
0x2a40	0x2a3f
0x2a61	0x2a60
0x1d	0xd
0x28	0x1e
0xa0	0x95
0x115	0x10e
0x14b	0x144
0x16d	0x166
0x18d	0x186
0x1af	0x1a8
0x1cf	0x1c8
0x1fc	0x1f5
0x21c	0x215
0x24f	0x248
0x26f	0x268
0x284	0x27d
0x2a4	0x29d
0x2c6	0x2bf
0x2e6	0x2df
0x306	0x2ff
0x326	0x31f
0x33b	0x334
0x404	0x35c
0x435	0x42a
0x471	0x466
0x4a5	0x489
0x4df	0x4bd
0x516	0x508
0x538	0x52e
0x561	0x550
0x590	0x588
0x814	0x806
0x90a	0x8fc
0x94f	0x944
0x9b6	0x99e
0x9d8	0x9c0
0xa06	0x9f0
0xa4a	0xa40
0xa6c	0xa62
0xa96	0xa84
0xabd	0xaae
0xae3	0xad5
0xaf3	0xaee
0xb59	0xb4d
0xba3	0xb95
0xbfc	0xbe6
0xc31	0xc29
0xcb3	0xc78
0xcec	0xcd1
0xd59	0xd44
0xd68	0xd5e
0xdfe	0xdf0
0xe93	0xe85
0xf2d	0xf22
0xf61	0xf45
0xf9b	0xf79
0xfca	0xfc2
0x117e	0x1167
0x11b3	0x11a7
0x11dc	0x11cb
0x1266	0x1258
0x1295	0x1290
0x1413	0x1400
0x1422	0x1418
0x1456	0x1450
0x14af	0x149c
0x14be	0x14b4
0x14f0	0x14ec
0x1510	0x1508
0x1530	0x1528
0x1550	0x1548
0x1570	0x1568
0x159f	0x1592
0x15c9	0x15c2
0x15dc	0x15d1
0x15e4	0x15de
0x1664	0x165a
0x19aa	0x199a
0x1a2b	0x1a11
0x1ad2	0x1ac5
0x1b24	0x1b09
0x1ba8	0x1b94
0x1bcd	0x1bac
0x355a	0x0
0x355c	0x29
0x355e	0x34
0x3560	0x3f
0x3562	0x4a
0x3564	0x55
0x3566	0x64
0x3568	0x70
0x356a	0x7b
0x356c	0x86
0x356e	0xa1
0x3570	0xac
0x3572	0xb7
0x3574	0xc2
0x3576	0xcd
0x3578	0xdc
0x357a	0xe8
0x357c	0xf3
0x357e	0xfe
0x287e	0x2876
0x28e80x186	0x28e00x186
0x28e80x1f5	0x28e00x1f5
0x29310x1c8	0x29290x1c8
0x29310x27d	0x29290x27d
0x29dd0x29d	0x29d50x29d
0x29dd0x31f	0x29d50x31f
0x10d	0x109
0x119	0x116
0x14f	0x14c
0x171	0x16e
0x191	0x18e
0x1b3	0x1b0
0x1d3	0x1d0
0x200	0x1fd
0x220	0x21d
0x253	0x250
0x273	0x270
0x288	0x285
0x2a8	0x2a5
0x2ca	0x2c7
0x2ea	0x2e7
0x30a	0x307
0x32a	0x327
0x33f	0x33c
0x9bf	0x9b7
0xcbc	0xcb4
0xd5d	0xd5a
0xd71	0xd69
0x1417	0x1414
0x142b	0x1423
0x14b3	0x14b0
0x14c7	0x14bf
0x19ad	0x19ab
0x1a2e	0x1a2c
0x1ad5	0x1ad3
0x1b27	0x1b25
0x1bab	0x1ba9
0x1bd0	0x1bce
0x27ea	0x27e6
0x280e	0x280a
0x2832	0x282e
0x2856	0x2852
0x2a89	0x2a81
0x2ab1	0x2aa9
0x2ad9	0x2ad1
0x2b01	0x2af9
0x2b29	0x2b21
0x2b51	0x2b49
0x2b79	0x2b71
0x2ba1	0x2b99
0x2c03	0x2bfb
0x2c56	0x2c4e
0x2c7e	0x2c76
0x2ca6	0x2c9e
0x2cce	0x2cc6
0x2cf6	0x2cee
0x2d1e	0x2d16
0x2d46	0x2d3e
0x2d6e	0x2d66
0x2d96	0x2d8e
0x2dbe	0x2db6
0x2de6	0x2dde
0x2e0e	0x2e06
0x2e61	0x2e59
0x2e89	0x2e81
0x2eb1	0x2ea9
0x2ed9	0x2ed1
0x2f3b	0x2f33
0x2f63	0x2f5b
0x2f8b	0x2f83
0x2fde	0x2fd6
0x3056	0x304e
0x307e	0x3076
0x30a6	0x309e
0x30ce	0x30c6
0x30f6	0x30ee
0x311e	0x3116
0x316c	0x3164
0x31df	0x31d7
0x3282	0x327a
0x362	0x35c
0x369	0x35c
0x378	0x35c
0x388	0x35c
0x396	0x35c
0x3a2	0x35c
0x3ac	0x35c
0x3b8	0x35c
0x3c2	0x35c
0x3ce	0x35c
0x3d8	0x35c
0x3e3	0x35c
0x3ee	0x35c
0x3ff	0x35c
0x410	0x405
0x441	0x436
0x47d	0x472
0x494	0x489
0x499	0x489
0x4b1	0x4a6
0x4cc	0x4bd
0x4d1	0x4bd
0x4eb	0x4e0
0x522	0x517
0x544	0x539
0x56d	0x562
0x5b9	0x59d
0x5c3	0x59d
0x5cd	0x59d
0x5eb	0x59d
0x5f5	0x59d
0x613	0x59d
0x61d	0x59d
0x628	0x59d
0x633	0x59d
0x63d	0x59d
0x643	0x59d
0x820	0x815
0x83b	0x82c
0x840	0x82c
0x89c	0x88e
0x8a1	0x88e
0x916	0x90b
0x95b	0x950
0x979	0x967
0x980	0x967
0x9e4	0x9d9
0x9f5	0x9f0
0x9fa	0x9f0
0xa12	0xa07
0xa23	0xa1e
0xa28	0xa1e
0xa56	0xa4b
0xa78	0xa6d
0xaa2	0xa97
0xac9	0xabe
0xaf8	0xaf4
0xafd	0xaf4
0xb65	0xb5a
0xb76	0xb71
0xb7d	0xb71
0xb85	0xb71
0xb88	0xb71
0xbaf	0xba4
0xbc0	0xbbb
0xbc7	0xbbb
0xbcf	0xbbb
0xbd2	0xbbb
0xc3d	0xc32
0xcd6	0xcd1
0xcdb	0xcd1
0xcf1	0xced
0xcf6	0xced
0xd34	0xd06
0xe0a	0xdff
0xe25	0xe16
0xe2a	0xe16
0xe9f	0xe94
0xf03	0xef5
0xf08	0xef5
0xf39	0xf2e
0xf50	0xf45
0xf55	0xf45
0xf6d	0xf62
0xf88	0xf79
0xf8d	0xf79
0xfa7	0xf9c
0xfeb	0xfdf
0xfee	0xfdf
0xffe	0xfdf
0x1004	0xfdf
0x100b	0xfdf
0x1013	0xfdf
0x101a	0xfdf
0x1022	0xfdf
0x1029	0xfdf
0x1031	0xfdf
0x1039	0xfdf
0x1043	0xfdf
0x105c	0x1052
0x1063	0x1052
0x116d	0x1167
0x1172	0x1167
0x118a	0x117f
0x11bf	0x11b4
0x11e8	0x11dd
0x11f9	0x11f4
0x11fe	0x11f4
0x1272	0x1267
0x13dc	0x13d0
0x1442	0x142c
0x1462	0x1457
0x147b	0x146e
0x14de	0x14c8
0x14fc	0x14f1
0x151c	0x1511
0x153c	0x1531
0x155c	0x1551
0x157c	0x1571
0x15ab	0x15a0
0x15f0	0x15e5
0x1670	0x1665
0x1c3e	0x1c31
0x1c45	0x1c31
0x1c58	0x1c4b
0x1c61	0x1c4b
0x1c66	0x1c4b
0x1c6e	0x1c4b
0x1c77	0x1c4b
0x1c7d	0x1c4b
0x1ce9	0x1ce6
0x1cf4	0x1ce6
0x1cf9	0x1ce6
0x1cfe	0x1ce6
0x1d3c	0x1d37
0x1d42	0x1d37
0x1d68	0x1d37
0x1daa	0x1da5
0x1db0	0x1da5
0x1dd6	0x1da5
0x1de2	0x1da5
0x1ded	0x1de8
0x1df3	0x1de8
0x1e19	0x1de8
0x1e3f	0x1de8
0x1e96	0x1e91
0x1e9c	0x1e91
0x1ec2	0x1e91
0x1f13	0x1f0e
0x1f19	0x1f0e
0x1f36	0x1f0e
0x1f41	0x1f3c
0x1f47	0x1f3c
0x1f6d	0x1f3c
0x1f93	0x1f3c
0x1f9e	0x1f99
0x1fa4	0x1f99
0x1fca	0x1f99
0x1fd5	0x1fd0
0x1fdb	0x1fd0
0x2001	0x1fd0
0x201c	0x1fd0
0x2027	0x2022
0x202d	0x2022
0x2053	0x2022
0x2079	0x2022
0x20c5	0x20c0
0x20cb	0x20c0
0x20f1	0x20c0
0x210a	0x20c0
0x2115	0x2110
0x211b	0x2110
0x2141	0x2110
0x2226	0x2221
0x222c	0x2221
0x2252	0x2221
0x225d	0x2258
0x2263	0x2258
0x2282	0x2258
0x228d	0x2288
0x2293	0x2288
0x22af	0x2288
0x22ba	0x22b5
0x22c0	0x22b5
0x22e6	0x22b5
0x22f0	0x22b5
0x22fb	0x22f6
0x2301	0x22f6
0x2327	0x22f6
0x234d	0x22f6
0x2358	0x2353
0x235e	0x2353
0x2384	0x2353
0x238f	0x238a
0x2395	0x238a
0x23ae	0x238a
0x23b9	0x23b4
0x23bf	0x23b4
0x23e5	0x23b4
0x23ef	0x23b4
0x23fa	0x23f5
0x2400	0x23f5
0x2426	0x23f5
0x2466	0x2461
0x246c	0x2461
0x2492	0x2461
0x24a6	0x2461
0x24b1	0x24ac
0x24b7	0x24ac
0x24dd	0x24ac
0x24ea	0x24ac
0x24f5	0x24f0
0x24fb	0x24f0
0x2521	0x24f0
0x26a8	0x26a5
0x26b8	0x26a5
0x26c0	0x26a5
0x26c8	0x26a5
0x26cd	0x26a5
0x26d5	0x26a5
0x26da	0x26a5
0x1c2b0x29d	0x1c1d0x29d
0x1c2b0x31f	0x1c1d0x31f
0x1ce00x1c8	0x1cdb0x1c8
0x1ce00x27d	0x1cdb0x27d
0x464	0x456
0x48e	0x489
0x675	0x59d
0x6a2	0x59d
0x6ad	0x59d
0x6b7	0x59d
0x6e3	0x59d
0x6ee	0x59d
0x71a	0x59d
0x725	0x59d
0x730	0x59d
0x73b	0x59d
0x75b	0x59d
0x852	0x82c
0x942	0x922
0x96e	0x967
0xa2f	0xa1e
0xb0e	0xaf4
0xbd7	0xbbb
0xce5	0xcd1
0xd05	0xced
0xdd1	0xdcb
0xe3c	0xe16
0xef3	0xeab
0xf4a	0xf45
0x1057	0x1052
0x108a	0x1052
0x109c	0x1052
0x10a6	0x1052
0x10b2	0x1052
0x10c5	0x1052
0x10d1	0x1052
0x10e8	0x1052
0x10f4	0x1052
0x1101	0x1052
0x110e	0x1052
0x1129	0x1052
0x120f	0x11f4
0x2bcf	0x2bc1
0x2f07	0x2ef9
0xb46	0xb3e
0xc80	0xc78
0xdc5	0xdbd
0x12fc	0x12f4
0x2bc9	0x2bc1
0x2c2b	0x2c23
0x2e36	0x2e2e
0x2f01	0x2ef9
0x2fb3	0x2fab
0xee3	0xeab
0x9bb	0x9b7
0xcb8	0xcb4
0xd6d	0xd69
0x1427	0x1423
0x14c3	0x14bf
0x353	0x34f
0x455	0x44d
0x587	0x579
0xc23	0xbfd
0xfc1	0xfb3
0x12a8	0x1296
0x12c0	0x12ae
0x19b8	0x19ae
0x19c8	0x19b9
0x3581	0x357f
0x3584	0x3582
0x3587	0x3585
0x358a	0x3588
0x358d	0x358b
0x3590	0x358e
0x3593	0x3591
0x3596	0x3594
0x3599	0x3597
0x359c	0x359a
0x359f	0x359d
0x35a2	0x35a0
0x35a5	0x35a3
0x35a8	0x35a6
0x35ab	0x35a9
0x35ae	0x35ac
0x35b1	0x35af
0x35b4	0x35b2
0x35b7	0x35b5
0x429	0x425
0x1591	0x1588
0x3144	0x313e
0x3191	0x318c
0x31b7	0x31b1
0x15dd	0x15dd
0x25adS0x472	0x25a8B0x472
0x25b3S0x472	0x25a8B0x472
0x25d9S0x472	0x25a8B0x472
0x25deS0x472	0x25a8B0x472
0x2084S0x4a6	0x207fB0x4a6
0x208aS0x4a6	0x207fB0x4a6
0x20b0S0x4a6	0x207fB0x4a6
0x20baS0x4a6	0x207fB0x4a6
0x20bfS0x4a6	0x207fB0x4a6
0x1e4aS0x4e0	0x1e45B0x4e0
0x1e50S0x4e0	0x1e45B0x4e0
0x1e76S0x4e0	0x1e45B0x4e0
0x1e8bS0x4e0	0x1e45B0x4e0
0x1e90S0x4e0	0x1e45B0x4e0
0x2431S0x815	0x242cB0x815
0x2435S0x815	0x242cB0x815
0x245bS0x815	0x242cB0x815
0x2460S0x815	0x242cB0x815
0x2431S0x90b	0x242cB0x90b
0x2435S0x90b	0x242cB0x90b
0x245bS0x90b	0x242cB0x90b
0x2460S0x90b	0x242cB0x90b
0x25adS0x950	0x25a8B0x950
0x25b3S0x950	0x25a8B0x950
0x25d9S0x950	0x25a8B0x950
0x25deS0x950	0x25a8B0x950
0x1d73S0xa6d	0x1d6eB0xa6d
0x1d79S0xa6d	0x1d6eB0xa6d
0x1d9fS0xa6d	0x1d6eB0xa6d
0x1da4S0xa6d	0x1d6eB0xa6d
0x2691S0xaf4	0x268eB0xaf4
0x269fS0xaf4	0x268eB0xaf4
0x26a4S0xaf4	0x268eB0xaf4
0x2431S0xdff	0x242cB0xdff
0x2435S0xdff	0x242cB0xdff
0x245bS0xdff	0x242cB0xdff
0x2460S0xdff	0x242cB0xdff
0x2431S0xe94	0x242cB0xe94
0x2435S0xe94	0x242cB0xe94
0x245bS0xe94	0x242cB0xe94
0x2460S0xe94	0x242cB0xe94
0x25adS0xf2e	0x25a8B0xf2e
0x25b3S0xf2e	0x25a8B0xf2e
0x25d9S0xf2e	0x25a8B0xf2e
0x25deS0xf2e	0x25a8B0xf2e
0x2084S0xf62	0x207fB0xf62
0x208aS0xf62	0x207fB0xf62
0x20b0S0xf62	0x207fB0xf62
0x20baS0xf62	0x207fB0xf62
0x20bfS0xf62	0x207fB0xf62
0x1e4aS0xf9c	0x1e45B0xf9c
0x1e50S0xf9c	0x1e45B0xf9c
0x1e76S0xf9c	0x1e45B0xf9c
0x1e8bS0xf9c	0x1e45B0xf9c
0x1e90S0xf9c	0x1e45B0xf9c
0x2084S0x117f	0x207fB0x117f
0x208aS0x117f	0x207fB0x117f
0x20b0S0x117f	0x207fB0x117f
0x20baS0x117f	0x207fB0x117f
0x20bfS0x117f	0x207fB0x117f
0x1d73S0x11b4	0x1d6eB0x11b4
0x1d79S0x11b4	0x1d6eB0x11b4
0x1d9fS0x11b4	0x1d6eB0x11b4
0x1da4S0x11b4	0x1d6eB0x11b4
0x2431S0x1267	0x242cB0x1267
0x2435S0x1267	0x242cB0x1267
0x245bS0x1267	0x242cB0x1267
0x2460S0x1267	0x242cB0x1267
0x1abaS0x11a	0x1aadB0x11a
0x1ac4S0x11a	0x1abeB0x11a
0x1abdS0x11a	0x1abbB0x11a
0x18f3S0x354	0x18e8B0x354
0x1901S0x354	0x18e8B0x354
0x1911S0x354	0x18e8B0x354
0x1918S0x354	0x18e8B0x354
0x191fS0x354	0x18e8B0x354
0x192fS0x354	0x18e8B0x354
0x1936S0x354	0x18e8B0x354
0x1946S0x354	0x18e8B0x354
0x194dS0x354	0x18e8B0x354
0x1954S0x354	0x18e8B0x354
0x195bS0x354	0x18e8B0x354
0x1964S0x354	0x18e8B0x354
0x1967S0x354	0x18e8B0x354
0x15c1S0x7ed	0x15beB0x7ed
0x8beS0x210	0x8b7B0x210
0x8c5S0x210	0x8b7B0x210
0x8d6S0x210	0x8b7B0x210
0x8d9S0x210	0x8b7B0x210
0x8e2S0x210	0x8ddB0x210
0x15c1S0x8e3	0x15beB0x8e3
0x15c1S0xdd7	0x15beB0xdd7
0x15c1S0xe6c	0x15beB0xe6c
0xf21S0x2a9	0xf13B0x2a9
0x1abaS0x2eb	0x1aadB0x2eb
0x1ac4S0x2eb	0x1abeB0x2eb
0x1abdS0x2eb	0x1abbB0x2eb
0x15c1S0x123f	0x15beB0x123f
0x13740x134fS0x44d	0x135e0x134fB0x44d
0x13690x134fS0x44d	0x135e0x134fB0x44d
0x135dS0x44d	0x134fB0x44d
0x13ce0x134fS0x44d	0x13750x134fB0x44d
0x13ae0x134fS0x44d	0x13750x134fB0x44d
0x13cf0x134fS0x44d	0x13750x134fB0x44d
0x1f0d0x134fS0x44d	0x1ec80x134fB0x44d
0x1ecd0x134fS0x44d	0x1ec80x134fB0x44d
0x1ed30x134fS0x44d	0x1ec80x134fB0x44d
0x1ef90x134fS0x44d	0x1ec80x134fB0x44d
0x1f080x134fS0x44d	0x1ec80x134fB0x44d
0x302e0x134fS0x44d	0x30260x134fB0x44d
0x18f3S0x4f7	0x18e8B0x4f7
0x1901S0x4f7	0x18e8B0x4f7
0x1911S0x4f7	0x18e8B0x4f7
0x1918S0x4f7	0x18e8B0x4f7
0x191fS0x4f7	0x18e8B0x4f7
0x192fS0x4f7	0x18e8B0x4f7
0x1936S0x4f7	0x18e8B0x4f7
0x1946S0x4f7	0x18e8B0x4f7
0x194dS0x4f7	0x18e8B0x4f7
0x1954S0x4f7	0x18e8B0x4f7
0x195bS0x4f7	0x18e8B0x4f7
0x1964S0x4f7	0x18e8B0x4f7
0x1967S0x4f7	0x18e8B0x4f7
0x1cd0S0x13d0	0x1cc2B0x13d0
0x1cd5S0x13d0	0x1cc2B0x13d0
0x1cdaS0x13d0	0x1cc2B0x13d0
0x26e3S0x59d	0x26e0B0x59d
0x26f3S0x59d	0x26e0B0x59d
0x26fbS0x59d	0x26e0B0x59d
0x2703S0x59d	0x26e0B0x59d
0x270bS0x59d	0x26e0B0x59d
0x2713S0x59d	0x26e0B0x59d
0x2718S0x59d	0x26e0B0x59d
0x2720S0x59d	0x26e0B0x59d
0x2729S0x59d	0x26e0B0x59d
0x2732S0x59d	0x26e0B0x59d
0x2738S0x59d	0x26e0B0x59d
0x273eS0x59d	0x26e0B0x59d
0xf21S0x7f5	0xf13B0x7f5
0x1cb5S0x82c	0x1ca7B0x82c
0x1cbcS0x82c	0x1ca7B0x82c
0x1cc1S0x82c	0x1ca7B0x82c
0xf21S0x8eb	0xf13B0x8eb
0x18f3S0xa1e	0x18e8B0xa1e
0x1901S0xa1e	0x18e8B0xa1e
0x1911S0xa1e	0x18e8B0xa1e
0x1918S0xa1e	0x18e8B0xa1e
0x191fS0xa1e	0x18e8B0xa1e
0x192fS0xa1e	0x18e8B0xa1e
0x1936S0xa1e	0x18e8B0xa1e
0x1946S0xa1e	0x18e8B0xa1e
0x194dS0xa1e	0x18e8B0xa1e
0x1954S0xa1e	0x18e8B0xa1e
0x195bS0xa1e	0x18e8B0xa1e
0x1964S0xa1e	0x18e8B0xa1e
0x1967S0xa1e	0x18e8B0xa1e
0x2688S0xc49	0x2685B0xc49
0x268dS0xc49	0x2685B0xc49
0xf21S0xddf	0xf13B0xddf
0x1cb5S0xe16	0x1ca7B0xe16
0x1cbcS0xe16	0x1ca7B0xe16
0x1cc1S0xe16	0x1ca7B0xe16
0xf21S0xe74	0xf13B0xe74
0x18f3S0xfd7	0x18e8B0xfd7
0x1901S0xfd7	0x18e8B0xfd7
0x1911S0xfd7	0x18e8B0xfd7
0x1918S0xfd7	0x18e8B0xfd7
0x191fS0xfd7	0x18e8B0xfd7
0x192fS0xfd7	0x18e8B0xfd7
0x1936S0xfd7	0x18e8B0xfd7
0x1946S0xfd7	0x18e8B0xfd7
0x194dS0xfd7	0x18e8B0xfd7
0x1954S0xfd7	0x18e8B0xfd7
0x195bS0xfd7	0x18e8B0xfd7
0x1964S0xfd7	0x18e8B0xfd7
0x1967S0xfd7	0x18e8B0xfd7
0x26e3S0x1052	0x26e0B0x1052
0x26f3S0x1052	0x26e0B0x1052
0x26fbS0x1052	0x26e0B0x1052
0x2703S0x1052	0x26e0B0x1052
0x270bS0x1052	0x26e0B0x1052
0x2713S0x1052	0x26e0B0x1052
0x2718S0x1052	0x26e0B0x1052
0x2720S0x1052	0x26e0B0x1052
0x2729S0x1052	0x26e0B0x1052
0x2732S0x1052	0x26e0B0x1052
0x2738S0x1052	0x26e0B0x1052
0x273eS0x1052	0x26e0B0x1052
0x18f3S0x1196	0x18e8B0x1196
0x1901S0x1196	0x18e8B0x1196
0x1911S0x1196	0x18e8B0x1196
0x1918S0x1196	0x18e8B0x1196
0x191fS0x1196	0x18e8B0x1196
0x192fS0x1196	0x18e8B0x1196
0x1936S0x1196	0x18e8B0x1196
0x1946S0x1196	0x18e8B0x1196
0x194dS0x1196	0x18e8B0x1196
0x1954S0x1196	0x18e8B0x1196
0x195bS0x1196	0x18e8B0x1196
0x1964S0x1196	0x18e8B0x1196
0x1967S0x1196	0x18e8B0x1196
0x2691S0x11f4	0x268eB0x11f4
0x269fS0x11f4	0x268eB0x11f4
0x26a4S0x11f4	0x268eB0x11f4
0xf21S0x1247	0xf13B0x1247
0x1687S0x127e	0x1682B0x127e
0x1c90S0x12c1	0x1c83B0x12c1
0x1c99S0x12c1	0x1c83B0x12c1
0x1ca1S0x12c1	0x1c83B0x12c1
0x1ca6S0x12c1	0x1c83B0x12c1
0x277fS0x19ae	0x277cB0x19ae
0x277bS0x19ae	0x276bB0x19ae
0x3536S0x19ae	0x3534B0x19ae
0x277fS0x19b9	0x277cB0x19b9
0x277bS0x19b9	0x276bB0x19b9
0x3536S0x19b9	0x3534B0x19b9
0x197eS0x1a2f	0x197bB0x1a2f
0x34a3S0x1a2f	0x349eB0x1a2f
0x197aS0x1a2f	0x1968B0x1a2f
0x197eS0x1a39	0x197bB0x1a39
0x34a3S0x1a39	0x349eB0x1a39
0x197aS0x1a39	0x1968B0x1a39
0x197eS0x1a56	0x197bB0x1a56
0x34a3S0x1a56	0x349eB0x1a56
0x197aS0x1a56	0x1968B0x1a56
0x197eS0x1b28	0x197bB0x1b28
0x34a3S0x1b28	0x349eB0x1b28
0x197aS0x1b28	0x1968B0x1b28
0x197eS0x1b39	0x197bB0x1b39
0x34a3S0x1b39	0x349eB0x1b39
0x197aS0x1b39	0x1968B0x1b39
0x197eS0x1b56	0x197bB0x1b56
0x34a3S0x1b56	0x349eB0x1b56
0x197aS0x1b56	0x1968B0x1b56
0x2688S0x19b0x186	0x2685B0x19b0x186
0x268dS0x19b0x186	0x2685B0x19b0x186
0x2688S0x19b0x1f5	0x2685B0x19b0x1f5
0x268dS0x19b0x1f5	0x2685B0x19b0x1f5
0x161cS0xbfd	0x15fcB0xbfd
0x3204S0xbfd	0x31ffB0xbfd
0x3231S0xbfd	0x3224B0xbfd
0x3234S0xbfd	0x3224B0xbfd
0x3256S0xbfd	0x3224B0xbfd
0x325aS0xbfd	0x3224B0xbfd
0x1c90S0x15fcS0xbfd	0x1c83B0x15fcB0xbfd
0x1c99S0x15fcS0xbfd	0x1c83B0x15fcB0xbfd
0x1ca1S0x15fcS0xbfd	0x1c83B0x15fcB0xbfd
0x1ca6S0x15fcS0xbfd	0x1c83B0x15fcB0xbfd
0x16a6S0x1296	0x1688B0x1296
0x32a6S0x1296	0x32a2B0x1296
0x32d3S0x1296	0x32c6B0x1296
0x32d6S0x1296	0x32c6B0x1296
0x32f8S0x1296	0x32c6B0x1296
0x32fcS0x1296	0x32c6B0x1296
0x1cd0S0x1688S0x1296	0x1cc2B0x1688B0x1296
0x1cd5S0x1688S0x1296	0x1cc2B0x1688B0x1296
0x1cdaS0x1688S0x1296	0x1cc2B0x1688B0x1296
0x25f2S0x12e	0x25dfB0x12e
0x2604S0x12e	0x25f3B0x12e
0x2610S0x12e	0x2605B0x12e
0x261aS0x12e	0x2605B0x12e
0x262bS0x12e	0x2605B0x12e
0x2637S0x12e	0x262cB0x12e
0x2648S0x12e	0x262cB0x12e
0x267cS0x12e	0x2649B0x12e
0x2654S0x12e	0x2649B0x12e
0x265fS0x12e	0x2649B0x12e
0x266aS0x12e	0x2649B0x12e
0x2684S0x12e	0x267dB0x12e
0x1bfdS0x12e	0x1bf8B0x12e
0x1bfcS0x12e	0x1bf8B0x12e
0x1bf6S0x25dfS0x12e	0x1bebB0x25dfB0x12e
0x1bf7S0x25dfS0x12e	0x1bebB0x25dfB0x12e
0x1bf6S0x25f3S0x12e	0x1bebB0x25f3B0x12e
0x1bf7S0x25f3S0x12e	0x1bebB0x25f3B0x12e
0x1bf6S0x2605S0x12e	0x1bebB0x2605B0x12e
0x1bf7S0x2605S0x12e	0x1bebB0x2605B0x12e
0x1bf6S0x262cS0x12e	0x1bebB0x262cB0x12e
0x1bf7S0x262cS0x12e	0x1bebB0x262cB0x12e
0x198cS0x150	0x197fB0x150
0x1999S0x150	0x1990B0x150
0x34c9S0x150	0x34c3B0x150
0x198fS0x150	0x198dB0x150
0x197eS0x1990S0x150	0x197bB0x1990B0x150
0x34a3S0x1990S0x150	0x349eB0x1990B0x150
0x197aS0x1990S0x150	0x1968B0x1990B0x150
0x19e8S0x1b4	0x19daB0x1b4
0x19f5S0x1b4	0x19ecB0x1b4
0x1a05S0x1b4	0x19f6B0x1b4
0x1a10S0x1b4	0x1a06B0x1b4
0x19ebS0x1b4	0x19e9B0x1b4
0x197eS0x19ecS0x1b4	0x197bB0x19ecB0x1b4
0x34a3S0x19ecS0x1b4	0x349eB0x19ecB0x1b4
0x197aS0x19ecS0x1b4	0x1968B0x19ecB0x1b4
0x2790S0x19f6S0x1b4	0x278dB0x19f6B0x1b4
0x278cS0x19f6S0x1b4	0x2783B0x19f6B0x1b4
0x3558S0x19f6S0x1b4	0x3556B0x19f6B0x1b4
0x198cS0x1d4	0x197fB0x1d4
0x1999S0x1d4	0x1990B0x1d4
0x34c9S0x1d4	0x34c3B0x1d4
0x198fS0x1d4	0x198dB0x1d4
0x197eS0x1990S0x1d4	0x197bB0x1990B0x1d4
0x34a3S0x1990S0x1d4	0x349eB0x1990B0x1d4
0x197aS0x1990S0x1d4	0x1968B0x1990B0x1d4
0x1aebS0x201	0x1addB0x201
0x1affS0x201	0x1aefB0x201
0x1b08S0x201	0x1b00B0x201
0x1aeeS0x201	0x1aecB0x201
0x197eS0x1aefS0x201	0x197bB0x1aefB0x201
0x34a3S0x1aefS0x201	0x349eB0x1aefB0x201
0x197aS0x1aefS0x201	0x1968B0x1aefB0x201
0x198cS0x221	0x197fB0x221
0x1999S0x221	0x1990B0x221
0x34c9S0x221	0x34c3B0x221
0x198fS0x221	0x198dB0x221
0x197eS0x1990S0x221	0x197bB0x1990B0x221
0x34a3S0x1990S0x221	0x349eB0x1990B0x221
0x197aS0x1990S0x221	0x1968B0x1990B0x221
0x19e8S0x254	0x19daB0x254
0x19f5S0x254	0x19ecB0x254
0x1a05S0x254	0x19f6B0x254
0x1a10S0x254	0x1a06B0x254
0x19ebS0x254	0x19e9B0x254
0x197eS0x19ecS0x254	0x197bB0x19ecB0x254
0x34a3S0x19ecS0x254	0x349eB0x19ecB0x254
0x197aS0x19ecS0x254	0x1968B0x19ecB0x254
0x2790S0x19f6S0x254	0x278dB0x19f6B0x254
0x278cS0x19f6S0x254	0x2783B0x19f6B0x254
0x3558S0x19f6S0x254	0x3556B0x19f6B0x254
0x198cS0x289	0x197fB0x289
0x1999S0x289	0x1990B0x289
0x34c9S0x289	0x34c3B0x289
0x198fS0x289	0x198dB0x289
0x197eS0x1990S0x289	0x197bB0x1990B0x289
0x34a3S0x1990S0x289	0x349eB0x1990B0x289
0x197aS0x1990S0x289	0x1968B0x1990B0x289
0x198cS0x340	0x197fB0x340
0x1999S0x340	0x1990B0x340
0x34c9S0x340	0x34c3B0x340
0x198fS0x340	0x198dB0x340
0x197eS0x1990S0x340	0x197bB0x1990B0x340
0x34a3S0x1990S0x340	0x349eB0x1990B0x340
0x197aS0x1990S0x340	0x1968B0x1990B0x340
0x134eS0x34f	0x1338B0x34f
0x1343S0x34f	0x1338B0x34f
0x13740x1310S0x34f	0x135e0x1310B0x34f
0x13690x1310S0x34f	0x135e0x1310B0x34f
0x1317S0x34f	0x1310B0x34f
0x1328S0x34f	0x1318B0x34f
0x1337S0x34f	0x1329B0x34f
0x3006S0x34f	0x2ffeB0x34f
0x135d0x1310S0x34f	0x134f0x1310B0x34f
0x302e0x1310S0x34f	0x30260x1310B0x34f
0x1f0d0x1310S0x34f	0x1ec80x1310B0x34f
0x1ecd0x1310S0x34f	0x1ec80x1310B0x34f
0x1ed30x1310S0x34f	0x1ec80x1310B0x34f
0x1ef90x1310S0x34f	0x1ec80x1310B0x34f
0x1f080x1310S0x34f	0x1ec80x1310B0x34f
0x13ce0x1310S0x34f	0x13750x1310B0x34f
0x13ae0x1310S0x34f	0x13750x1310B0x34f
0x13cf0x1310S0x34f	0x13750x1310B0x34f
0x2431S0x1338S0x34f	0x242cB0x1338B0x34f
0x2435S0x1338S0x34f	0x242cB0x1338B0x34f
0x245bS0x1338S0x34f	0x242cB0x1338B0x34f
0x2460S0x1338S0x34f	0x242cB0x1338B0x34f
0x15c1S0x1310S0x34f	0x15beB0x1310B0x34f
0xf21S0x1318S0x34f	0xf13B0x1318B0x34f
0x16cbS0x12ae	0x16b5B0x12ae
0x16c0S0x12ae	0x16b5B0x12ae
0x1721S0x12ae	0x1701B0x12ae
0x1712S0x12ae	0x1701B0x12ae
0x1715S0x12ae	0x1701B0x12ae
0x171dS0x12ae	0x1701B0x12ae
0x1747S0x12ae	0x1731B0x12ae
0x173cS0x12ae	0x1731B0x12ae
0x16b4S0x12ae	0x16acB0x12ae
0x16e4S0x12ae	0x16ccB0x12ae
0x3324S0x12ae	0x331cB0x12ae
0x21daS0x12ae	0x21a4B0x12ae
0x21a9S0x12ae	0x21a4B0x12ae
0x21afS0x12ae	0x21a4B0x12ae
0x21d5S0x12ae	0x21a4B0x12ae
0x1700S0x12ae	0x16e5B0x12ae
0x1730S0x12ae	0x1727B0x12ae
0x3348S0x12ae	0x3344B0x12ae
0x3370S0x12ae	0x3368B0x12ae
0x21a3S0x12ae	0x2147B0x12ae
0x214cS0x12ae	0x2147B0x12ae
0x2152S0x12ae	0x2147B0x12ae
0x2178S0x12ae	0x2147B0x12ae
0x219eS0x12ae	0x2147B0x12ae
0x1c1cS0x16ccS0x12ae	0x1c1aB0x16ccB0x12ae
0x1a9eS0x14c8	0x1a91B0x14c8
0x1aacS0x14c8	0x1aa2B0x14c8
0x34efS0x14c8	0x34e9B0x14c8
0x1aa1S0x14c8	0x1a9fB0x14c8
0x2790S0x1aa2S0x14c8	0x278dB0x1aa2B0x14c8
0x278cS0x1aa2S0x14c8	0x2783B0x1aa2B0x14c8
0x3558S0x1aa2S0x14c8	0x3556B0x1aa2B0x14c8
0x17d6S0x3224B0xbfd	0x17c0B0x3224B0xbfd
0x17cbS0x3224B0xbfd	0x17c0B0x3224B0xbfd
0x17a7S0x3224B0xbfd	0x179dB0x3224B0xbfd
0x3394S0x3224B0xbfd	0x3390B0x3224B0xbfd
0x17bfS0x3224B0xbfd	0x17bbB0x3224B0xbfd
0x33b8S0x3224B0xbfd	0x33b4B0x3224B0xbfd
0x33e0S0x3224B0xbfd	0x33d8B0x3224B0xbfd
0x25a7S0x3224B0xbfd	0x255eB0x3224B0xbfd
0x2563S0x3224B0xbfd	0x255eB0x3224B0xbfd
0x2569S0x3224B0xbfd	0x255eB0x3224B0xbfd
0x258fS0x3224B0xbfd	0x255eB0x3224B0xbfd
0x25a2S0x3224B0xbfd	0x255eB0x3224B0xbfd
0x179cS0x3224B0xbfd	0x1748B0x3224B0xbfd
0x1758S0x3224B0xbfd	0x1748B0x3224B0xbfd
0x175dS0x3224B0xbfd	0x1748B0x3224B0xbfd
0x1783S0x3224B0xbfd	0x1748B0x3224B0xbfd
0x17baS0x3224B0xbfd	0x17a8B0x3224B0xbfd
0x1a9eS0x17a8S0x3224B0xbfd	0x1a91B0x17a8B0x3224B0xbfd
0x1aacS0x17a8S0x3224B0xbfd	0x1aa2B0x17a8B0x3224B0xbfd
0x2790S0x1aa2S0x17a8S0x3224B0xbfd	0x278dB0x1aa2B0x17a8B0x3224B0xbfd
0x278cS0x1aa2S0x17a8S0x3224B0xbfd	0x2783B0x1aa2B0x17a8B0x3224B0xbfd
0x34efS0x17a8S0x3224B0xbfd	0x34e9B0x17a8B0x3224B0xbfd
0x1aa1S0x17a8S0x3224B0xbfd	0x1a9fB0x17a8B0x3224B0xbfd
0x3558S0x1aa2S0x17a8S0x3224B0xbfd	0x3556B0x1aa2B0x17a8B0x3224B0xbfd
0x17e5S0x1748S0x3224B0xbfd	0x17d7B0x1748B0x3224B0xbfd
0x17edS0x1748S0x3224B0xbfd	0x17e6B0x1748B0x3224B0xbfd
0x180fS0x17d7S0x1748S0x3224B0xbfd	0x17f9B0x17d7B0x1748B0x3224B0xbfd
0x1804S0x17d7S0x1748S0x3224B0xbfd	0x17f9B0x17d7B0x1748B0x3224B0xbfd
0x1834S0x17d7S0x1748S0x3224B0xbfd	0x181eB0x17d7B0x1748B0x3224B0xbfd
0x1829S0x17d7S0x1748S0x3224B0xbfd	0x181eB0x17d7B0x1748B0x3224B0xbfd
0x188eS0x17d7S0x1748S0x3224B0xbfd	0x186eB0x17d7B0x1748B0x3224B0xbfd
0x187fS0x17d7S0x1748S0x3224B0xbfd	0x186eB0x17d7B0x1748B0x3224B0xbfd
0x1882S0x17d7S0x1748S0x3224B0xbfd	0x186eB0x17d7B0x1748B0x3224B0xbfd
0x188aS0x17d7S0x1748S0x3224B0xbfd	0x186eB0x17d7B0x1748B0x3224B0xbfd
0x17f8S0x17d7S0x1748S0x3224B0xbfd	0x17eeB0x17d7B0x1748B0x3224B0xbfd
0x1818S0x17d7S0x1748S0x3224B0xbfd	0x1810B0x17d7B0x1748B0x3224B0xbfd
0x3408S0x17d7S0x1748S0x3224B0xbfd	0x3400B0x17d7B0x1748B0x3224B0xbfd
0x2220S0x17d7S0x1748S0x3224B0xbfd	0x21dbB0x17d7B0x1748B0x3224B0xbfd
0x21e0S0x17d7S0x1748S0x3224B0xbfd	0x21dbB0x17d7B0x1748B0x3224B0xbfd
0x21e6S0x17d7S0x1748S0x3224B0xbfd	0x21dbB0x17d7B0x1748B0x3224B0xbfd
0x220cS0x17d7S0x1748S0x3224B0xbfd	0x21dbB0x17d7B0x1748B0x3224B0xbfd
0x221bS0x17d7S0x1748S0x3224B0xbfd	0x21dbB0x17d7B0x1748B0x3224B0xbfd
0x181dS0x17d7S0x1748S0x3224B0xbfd	0x1819B0x17d7B0x1748B0x3224B0xbfd
0x1851S0x17d7S0x1748S0x3224B0xbfd	0x1835B0x17d7B0x1748B0x3224B0xbfd
0x3430S0x17d7S0x1748S0x3224B0xbfd	0x3428B0x17d7B0x1748B0x3224B0xbfd
0x255dS0x17d7S0x1748S0x3224B0xbfd	0x2527B0x17d7B0x1748B0x3224B0xbfd
0x252cS0x17d7S0x1748S0x3224B0xbfd	0x2527B0x17d7B0x1748B0x3224B0xbfd
0x2532S0x17d7S0x1748S0x3224B0xbfd	0x2527B0x17d7B0x1748B0x3224B0xbfd
0x2558S0x17d7S0x1748S0x3224B0xbfd	0x2527B0x17d7B0x1748B0x3224B0xbfd
0x186dS0x17d7S0x1748S0x3224B0xbfd	0x1852B0x17d7B0x1748B0x3224B0xbfd
0x1c0fS0x17d7S0x1748S0x3224B0xbfd	0x1bfeB0x17d7B0x1748B0x3224B0xbfd
0x18a3S0x17d7S0x1748S0x3224B0xbfd	0x1894B0x17d7B0x1748B0x3224B0xbfd
0x18aeS0x17d7S0x1748S0x3224B0xbfd	0x18a4B0x17d7B0x1748B0x3224B0xbfd
0x1c19S0x17d7S0x1748S0x3224B0xbfd	0x1c10B0x17d7B0x1748B0x3224B0xbfd
0x1687S0x1810S0x17d7S0x1748S0x3224B0xbfd	0x1682B0x1810B0x17d7B0x1748B0x3224B0xbfd
0x2762S0x1bfeS0x17d7S0x1748S0x3224B0xbfd	0x275aB0x1bfeB0x17d7B0x1748B0x3224B0xbfd
0x274aS0x1bfeS0x17d7S0x1748S0x3224B0xbfd	0x2742B0x1bfeB0x17d7B0x1748B0x3224B0xbfd
0x2759S0x1bfeS0x17d7S0x1748S0x3224B0xbfd	0x274bB0x1bfeB0x17d7B0x1748B0x3224B0xbfd
0x2752S0x1bfeS0x17d7S0x1748S0x3224B0xbfd	0x274bB0x1bfeB0x17d7B0x1748B0x3224B0xbfd
0x2769S0x1bfeS0x17d7S0x1748S0x3224B0xbfd	0x2763B0x1bfeB0x17d7B0x1748B0x3224B0xbfd
0x276aS0x1bfeS0x17d7S0x1748S0x3224B0xbfd	0x2763B0x1bfeB0x17d7B0x1748B0x3224B0xbfd
0x3514S0x1bfeS0x17d7S0x1748S0x3224B0xbfd	0x350fB0x1bfeB0x17d7B0x1748B0x3224B0xbfd
0x18b7S0x1894S0x17d7S0x1748S0x3224B0xbfd	0x18afB0x1894B0x17d7B0x1748B0x3224B0xbfd
0x18c5S0x1894S0x17d7S0x1748S0x3224B0xbfd	0x18beB0x1894B0x17d7B0x1748B0x3224B0xbfd
0x3456S0x1894S0x17d7S0x1748S0x3224B0xbfd	0x3450B0x1894B0x17d7B0x1748B0x3224B0xbfd
0x18e7S0x1894S0x17d7S0x1748S0x3224B0xbfd	0x18ceB0x1894B0x17d7B0x1748B0x3224B0xbfd
0x18dbS0x1894S0x17d7S0x1748S0x3224B0xbfd	0x18ceB0x1894B0x17d7B0x1748B0x3224B0xbfd
0x347eS0x1894S0x17d7S0x1748S0x3224B0xbfd	0x3476B0x1894B0x17d7B0x1748B0x3224B0xbfd
0x1d0aS0x1894S0x17d7S0x1748S0x3224B0xbfd	0x1d04B0x1894B0x17d7B0x1748B0x3224B0xbfd
0x1d12S0x1894S0x17d7S0x1748S0x3224B0xbfd	0x1d04B0x1894B0x17d7B0x1748B0x3224B0xbfd
0x1d22S0x1894S0x17d7S0x1748S0x3224B0xbfd	0x1d04B0x1894B0x17d7B0x1748B0x3224B0xbfd
0x1d36S0x1894S0x17d7S0x1748S0x3224B0xbfd	0x1d23B0x1894B0x17d7B0x1748B0x3224B0xbfd
0x18bdS0x1894S0x17d7S0x1748S0x3224B0xbfd	0x18b8B0x1894B0x17d7B0x1748B0x3224B0xbfd
0x18cdS0x1894S0x17d7S0x1748S0x3224B0xbfd	0x18c6B0x1894B0x17d7B0x1748B0x3224B0xbfd
0x2762S0x1d04S0x1894S0x17d7S0x1748S0x3224B0xbfd	0x275aB0x1d04B0x1894B0x17d7B0x1748B0x3224B0xbfd
0x274aS0x1d04S0x1894S0x17d7S0x1748S0x3224B0xbfd	0x2742B0x1d04B0x1894B0x17d7B0x1748B0x3224B0xbfd
0x3514S0x1d04S0x1894S0x17d7S0x1748S0x3224B0xbfd	0x350fB0x1d04B0x1894B0x17d7B0x1748B0x3224B0xbfd
0x2759S0x1d04S0x1894S0x17d7S0x1748S0x3224B0xbfd	0x274bB0x1d04B0x1894B0x17d7B0x1748B0x3224B0xbfd
0x2752S0x1d04S0x1894S0x17d7S0x1748S0x3224B0xbfd	0x274bB0x1d04B0x1894B0x17d7B0x1748B0x3224B0xbfd
0x2769S0x1d04S0x1894S0x17d7S0x1748S0x3224B0xbfd	0x2763B0x1d04B0x1894B0x17d7B0x1748B0x3224B0xbfd
0x276aS0x1d04S0x1894S0x17d7S0x1748S0x3224B0xbfd	0x2763B0x1d04B0x1894B0x17d7B0x1748B0x3224B0xbfd
0x17d6S0x32c6B0x1296	0x17c0B0x32c6B0x1296
0x17cbS0x32c6B0x1296	0x17c0B0x32c6B0x1296
0x17a7S0x32c6B0x1296	0x179dB0x32c6B0x1296
0x3394S0x32c6B0x1296	0x3390B0x32c6B0x1296
0x17bfS0x32c6B0x1296	0x17bbB0x32c6B0x1296
0x33b8S0x32c6B0x1296	0x33b4B0x32c6B0x1296
0x33e0S0x32c6B0x1296	0x33d8B0x32c6B0x1296
0x25a7S0x32c6B0x1296	0x255eB0x32c6B0x1296
0x2563S0x32c6B0x1296	0x255eB0x32c6B0x1296
0x2569S0x32c6B0x1296	0x255eB0x32c6B0x1296
0x258fS0x32c6B0x1296	0x255eB0x32c6B0x1296
0x25a2S0x32c6B0x1296	0x255eB0x32c6B0x1296
0x179cS0x32c6B0x1296	0x1748B0x32c6B0x1296
0x1758S0x32c6B0x1296	0x1748B0x32c6B0x1296
0x175dS0x32c6B0x1296	0x1748B0x32c6B0x1296
0x1783S0x32c6B0x1296	0x1748B0x32c6B0x1296
0x17baS0x32c6B0x1296	0x17a8B0x32c6B0x1296
0x1a9eS0x17a8S0x32c6B0x1296	0x1a91B0x17a8B0x32c6B0x1296
0x1aacS0x17a8S0x32c6B0x1296	0x1aa2B0x17a8B0x32c6B0x1296
0x2790S0x1aa2S0x17a8S0x32c6B0x1296	0x278dB0x1aa2B0x17a8B0x32c6B0x1296
0x278cS0x1aa2S0x17a8S0x32c6B0x1296	0x2783B0x1aa2B0x17a8B0x32c6B0x1296
0x34efS0x17a8S0x32c6B0x1296	0x34e9B0x17a8B0x32c6B0x1296
0x1aa1S0x17a8S0x32c6B0x1296	0x1a9fB0x17a8B0x32c6B0x1296
0x3558S0x1aa2S0x17a8S0x32c6B0x1296	0x3556B0x1aa2B0x17a8B0x32c6B0x1296
0x17e5S0x1748S0x32c6B0x1296	0x17d7B0x1748B0x32c6B0x1296
0x17edS0x1748S0x32c6B0x1296	0x17e6B0x1748B0x32c6B0x1296
0x180fS0x17d7S0x1748S0x32c6B0x1296	0x17f9B0x17d7B0x1748B0x32c6B0x1296
0x1804S0x17d7S0x1748S0x32c6B0x1296	0x17f9B0x17d7B0x1748B0x32c6B0x1296
0x1834S0x17d7S0x1748S0x32c6B0x1296	0x181eB0x17d7B0x1748B0x32c6B0x1296
0x1829S0x17d7S0x1748S0x32c6B0x1296	0x181eB0x17d7B0x1748B0x32c6B0x1296
0x188eS0x17d7S0x1748S0x32c6B0x1296	0x186eB0x17d7B0x1748B0x32c6B0x1296
0x187fS0x17d7S0x1748S0x32c6B0x1296	0x186eB0x17d7B0x1748B0x32c6B0x1296
0x1882S0x17d7S0x1748S0x32c6B0x1296	0x186eB0x17d7B0x1748B0x32c6B0x1296
0x188aS0x17d7S0x1748S0x32c6B0x1296	0x186eB0x17d7B0x1748B0x32c6B0x1296
0x17f8S0x17d7S0x1748S0x32c6B0x1296	0x17eeB0x17d7B0x1748B0x32c6B0x1296
0x1818S0x17d7S0x1748S0x32c6B0x1296	0x1810B0x17d7B0x1748B0x32c6B0x1296
0x3408S0x17d7S0x1748S0x32c6B0x1296	0x3400B0x17d7B0x1748B0x32c6B0x1296
0x2220S0x17d7S0x1748S0x32c6B0x1296	0x21dbB0x17d7B0x1748B0x32c6B0x1296
0x21e0S0x17d7S0x1748S0x32c6B0x1296	0x21dbB0x17d7B0x1748B0x32c6B0x1296
0x21e6S0x17d7S0x1748S0x32c6B0x1296	0x21dbB0x17d7B0x1748B0x32c6B0x1296
0x220cS0x17d7S0x1748S0x32c6B0x1296	0x21dbB0x17d7B0x1748B0x32c6B0x1296
0x221bS0x17d7S0x1748S0x32c6B0x1296	0x21dbB0x17d7B0x1748B0x32c6B0x1296
0x181dS0x17d7S0x1748S0x32c6B0x1296	0x1819B0x17d7B0x1748B0x32c6B0x1296
0x1851S0x17d7S0x1748S0x32c6B0x1296	0x1835B0x17d7B0x1748B0x32c6B0x1296
0x3430S0x17d7S0x1748S0x32c6B0x1296	0x3428B0x17d7B0x1748B0x32c6B0x1296
0x255dS0x17d7S0x1748S0x32c6B0x1296	0x2527B0x17d7B0x1748B0x32c6B0x1296
0x252cS0x17d7S0x1748S0x32c6B0x1296	0x2527B0x17d7B0x1748B0x32c6B0x1296
0x2532S0x17d7S0x1748S0x32c6B0x1296	0x2527B0x17d7B0x1748B0x32c6B0x1296
0x2558S0x17d7S0x1748S0x32c6B0x1296	0x2527B0x17d7B0x1748B0x32c6B0x1296
0x186dS0x17d7S0x1748S0x32c6B0x1296	0x1852B0x17d7B0x1748B0x32c6B0x1296
0x1c0fS0x17d7S0x1748S0x32c6B0x1296	0x1bfeB0x17d7B0x1748B0x32c6B0x1296
0x18a3S0x17d7S0x1748S0x32c6B0x1296	0x1894B0x17d7B0x1748B0x32c6B0x1296
0x18aeS0x17d7S0x1748S0x32c6B0x1296	0x18a4B0x17d7B0x1748B0x32c6B0x1296
0x1c19S0x17d7S0x1748S0x32c6B0x1296	0x1c10B0x17d7B0x1748B0x32c6B0x1296
0x1687S0x1810S0x17d7S0x1748S0x32c6B0x1296	0x1682B0x1810B0x17d7B0x1748B0x32c6B0x1296
0x2762S0x1bfeS0x17d7S0x1748S0x32c6B0x1296	0x275aB0x1bfeB0x17d7B0x1748B0x32c6B0x1296
0x274aS0x1bfeS0x17d7S0x1748S0x32c6B0x1296	0x2742B0x1bfeB0x17d7B0x1748B0x32c6B0x1296
0x2759S0x1bfeS0x17d7S0x1748S0x32c6B0x1296	0x274bB0x1bfeB0x17d7B0x1748B0x32c6B0x1296
0x2752S0x1bfeS0x17d7S0x1748S0x32c6B0x1296	0x274bB0x1bfeB0x17d7B0x1748B0x32c6B0x1296
0x2769S0x1bfeS0x17d7S0x1748S0x32c6B0x1296	0x2763B0x1bfeB0x17d7B0x1748B0x32c6B0x1296
0x276aS0x1bfeS0x17d7S0x1748S0x32c6B0x1296	0x2763B0x1bfeB0x17d7B0x1748B0x32c6B0x1296
0x3514S0x1bfeS0x17d7S0x1748S0x32c6B0x1296	0x350fB0x1bfeB0x17d7B0x1748B0x32c6B0x1296
0x18b7S0x1894S0x17d7S0x1748S0x32c6B0x1296	0x18afB0x1894B0x17d7B0x1748B0x32c6B0x1296
0x18c5S0x1894S0x17d7S0x1748S0x32c6B0x1296	0x18beB0x1894B0x17d7B0x1748B0x32c6B0x1296
0x3456S0x1894S0x17d7S0x1748S0x32c6B0x1296	0x3450B0x1894B0x17d7B0x1748B0x32c6B0x1296
0x18e7S0x1894S0x17d7S0x1748S0x32c6B0x1296	0x18ceB0x1894B0x17d7B0x1748B0x32c6B0x1296
0x18dbS0x1894S0x17d7S0x1748S0x32c6B0x1296	0x18ceB0x1894B0x17d7B0x1748B0x32c6B0x1296
0x347eS0x1894S0x17d7S0x1748S0x32c6B0x1296	0x3476B0x1894B0x17d7B0x1748B0x32c6B0x1296
0x1d0aS0x1894S0x17d7S0x1748S0x32c6B0x1296	0x1d04B0x1894B0x17d7B0x1748B0x32c6B0x1296
0x1d12S0x1894S0x17d7S0x1748S0x32c6B0x1296	0x1d04B0x1894B0x17d7B0x1748B0x32c6B0x1296
0x1d22S0x1894S0x17d7S0x1748S0x32c6B0x1296	0x1d04B0x1894B0x17d7B0x1748B0x32c6B0x1296
0x1d36S0x1894S0x17d7S0x1748S0x32c6B0x1296	0x1d23B0x1894B0x17d7B0x1748B0x32c6B0x1296
0x18bdS0x1894S0x17d7S0x1748S0x32c6B0x1296	0x18b8B0x1894B0x17d7B0x1748B0x32c6B0x1296
0x18cdS0x1894S0x17d7S0x1748S0x32c6B0x1296	0x18c6B0x1894B0x17d7B0x1748B0x32c6B0x1296
0x2762S0x1d04S0x1894S0x17d7S0x1748S0x32c6B0x1296	0x275aB0x1d04B0x1894B0x17d7B0x1748B0x32c6B0x1296
0x274aS0x1d04S0x1894S0x17d7S0x1748S0x32c6B0x1296	0x2742B0x1d04B0x1894B0x17d7B0x1748B0x32c6B0x1296
0x3514S0x1d04S0x1894S0x17d7S0x1748S0x32c6B0x1296	0x350fB0x1d04B0x1894B0x17d7B0x1748B0x32c6B0x1296
0x2759S0x1d04S0x1894S0x17d7S0x1748S0x32c6B0x1296	0x274bB0x1d04B0x1894B0x17d7B0x1748B0x32c6B0x1296
0x2752S0x1d04S0x1894S0x17d7S0x1748S0x32c6B0x1296	0x274bB0x1d04B0x1894B0x17d7B0x1748B0x32c6B0x1296
0x2769S0x1d04S0x1894S0x17d7S0x1748S0x32c6B0x1296	0x2763B0x1d04B0x1894B0x17d7B0x1748B0x32c6B0x1296
0x276aS0x1d04S0x1894S0x17d7S0x1748S0x32c6B0x1296	0x2763B0x1d04B0x1894B0x17d7B0x1748B0x32c6B0x1296
