0x0	0x00000000	()
0x0	0x00000000	fallback()
0x4	0x00000004	matchTokenOrderByAdmin_MYmNxE()
0x20	0x00000020	unlock_98ABD3()
0x2	0x00000002	wipeBlockchain_EkJWPe()
0x9	0x00000009	getInitializationCodeFromContractRuntime_6CLUNS()
0xb8	0x000000b8	win_716AB9()
0x570ca735	0x570ca735	operator()
0x5780101d	0x5780101d	setLpStakingFeeRate(address,uint256)
0x940a4e45	0x940a4e45	distributeReward(uint256)
0xc4d66de8	0xc4d66de8	initialize(address)
0xcf98a6b7	0xcf98a6b7	lpStakings(uint256)
0xe9b70dda	0xe9b70dda	addStakingAndRewardToken(address,address)
0x54d50d4	0x054d50d4	getAmountOut(uint256,uint256,uint256)
0xd358f87	0x0d358f87	wbtc_weth_pair()
0x149ad8a4	0x149ad8a4	marsStakingForWbtc()
0x3cdc5389	0x3cdc5389	wbtc()
0x3fc8cef3	0x3fc8cef3	weth()
0xffffffffffffffffffffffffffffffffffffffff	0xffffffff	LOCK8605463013()
0x8c379a000000000000000000000000000000000000000000000000000000000	0x08c379a0	Error(string)
0x45596e2e	0x45596e2e	setFeeRate(uint256)
0xffffffff	0xffffffff	LOCK8605463013()
0x5f0d92ac	0x5f0d92ac	getAccumulateFee()
0x998e7a80	0x998e7a80	feeWithdraw(address)
0xd0e30db0	0xd0e30db0	deposit()
0xa9059cbb	0xa9059cbb	transfer(address,uint256)
0x902f1ac	0x0902f1ac	getReserves()
0xffffffffffffffffffffffffffff	0xffffffff	LOCK8605463013()
0x22c0d9f	0x022c0d9f	swap(uint256,uint256,address,bytes)
0xffffffffffffffff	0xffffffff	LOCK8605463013()
0x246132f9	0x246132f9	notifyRewardAmount(uint256,uint256)
0xffffffffffffffffffffffffffffffffffffffffffffffffffffffffffffffe0	0xffffffff	LOCK8605463013()
0xffffffffffffffffffffffffffffffffffffffff00	0xffffffff	LOCK8605463013()
0x45596e2e00000000000000000000000000000000000000000000000000000000	0x45596e2e	setFeeRate(uint256)
0x5f0d92ac00000000000000000000000000000000000000000000000000000000	0x5f0d92ac	getAccumulateFee()
0x998e7a8000000000000000000000000000000000000000000000000000000000	0x998e7a80	feeWithdraw(address)
0xd0e30db000000000000000000000000000000000000000000000000000000000	0xd0e30db0	deposit()
0xa9059cbb00000000000000000000000000000000000000000000000000000000	0xa9059cbb	transfer(address,uint256)
0x902f1ac00000000000000000000000000000000000000000000000000000000	0x0902f1ac	getReserves()
0x246132f900000000000000000000000000000000000000000000000000000000	0x246132f9	notifyRewardAmount(uint256,uint256)
0xffffffffffffffffffffffffffffffffffffffffffffffffffffffffffffff00	0xffffffff	LOCK8605463013()
0xffffffffffffffffffffffff0000000000000000000000000000000000000000	0xffffffff	LOCK8605463013()
0xffffffffffffffffffffff0000000000000000000000000000000000000000ff	0xffffffff	LOCK8605463013()
