0x1073V0x190
0x10b7V0x1f0
0x10dcV0x1f0
0x1019V0x249
