0x41e
0x5c6
0x631
0x677
0x86e
0x8b3
0x918
0x786V0x4d7
0xb7aV0x93b
0xb30V0x7f4V0x518
0xbedV0xbadV0xaa2V0x7f4V0x518
