0x0	0x0
0x2d	0x2d
