0x15c
0x181
0x18f
0x194
0x1bd
0x1cb
0x1f6
0x220
0x228
0x236
0x23b
0x249
0x24e
0x256
0x269
0x27c
0x2ba
0x2c2
0x2ca
0x2dd
0x316
0x331
0x36c
0x40b
0x4b6
0x5e9
0x60d
0x69b
0x6a8
0x6bf
0x6cd
0x6da
0x6f1
0x6fc
0x720
0x752
0x769
0x81b
0x826
0x832
0x844
0x851
0x906
0x9a6
0xa36
0xacf
0xb54
0xbc4
0xca8
0xcdf
0xcfa
0xd07
0xd74
0xdb9
0xec5
0xed2
0xf75
0xfad
0xfc3
0x1009
0x1016
0x106e
0x107b
0x1125
0x1157
0x1211
0x1272
0x136c
0x13cd
0x1401
0x1433
0x14d0
0x152d
0x19eb
0x1a60
0x1a84
0x1b78
0x1bf6
0x1c87
0x1d07
0x1d2b
0x1e12
0x1e27
0x1ef4
0x1fa6
0x1fc3
0x1fe1
0x1fec
0x2022
0x202d
0x203d
0x206a
0x208f
0x20c4
0x20cf
0x2103
0x21b4
0x21d0
0x21e3
0x220e
0x33bf
0x33c2
0x33c5
0x33c8
0x33cb
0x33ce
0x33d1
0x33d4
0x33d7
0x33da
0x33dd
0x33e0
0x33e3
0x33e6
0x33e9
0x33ec
0x33ef
0x33f2
0x33f5
0x33f8
0x33fb
0x33fe
0x3401
0x3404
0x16cd0x1610
0x16cd0x1aab
0x17be0x13ee
0x17be0x1775
0x18690x13ee
0x18690x1775
0x1d400x992
0x1d400x15a8
0x1d400x15d4
0x1da00x992
0x1da00x15a8
0x1da00x15d4
