0x40	0x40	0
0x0	0x0	0
0x1f	0x1f	0
0xf	0xf	0
0x2	0x2	0
0x5	0x5	0
0x7	0x7	0
0x8	0x8	0
0xd	0xd	0
0x10	0x10	0
0x12	0x12	0
0x14	0x14	0
0x19	0x19	0
0x1a	0x1a	0
0x24	0x24	0
0x25	0x25	0
0x2a	0x2a	0
0x2f	0x2f	0
0x30	0x30	0
0x35	0x35	0
0x3a	0x3a	0
0x3b	0x3b	0
0x45	0x45	0
0x4b	0x4b	0
0x50	0x50	0
0x56	0x56	0
0x5b	0x5b	0
0x61	0x61	0
0x66	0x66	0
0x6b	0x6b	0
0x71	0x71	0
0x76	0x76	0
0x7c	0x7c	0
0x81	0x81	0
0x87	0x87	0
0x8c	0x8c	0
0x91	0x91	0
0x97	0x97	0
0x9c	0x9c	0
0x9d	0x9d	0
0xa2	0xa2	0
0xa7	0xa7	0
0xad	0xad	0
0xb2	0xb2	0
0xb8	0xb8	0
0xbd	0xbd	0
0xc2	0xc2	0
0xc8	0xc8	0
0xcd	0xcd	0
0xd3	0xd3	0
0xd8	0xd8	0
0xde	0xde	0
0xe3	0xe3	0
0xe8	0xe8	0
0xee	0xee	0
0xf3	0xf3	0
0xf4	0xf4	0
0xf9	0xf9	0
0xfe	0xfe	0
0xff	0xff	0
0x104	0x104	0
0x109	0x109	0
0x10f	0x10f	0
0x114	0x114	0
0x11a	0x11a	0
0x11f	0x11f	0
0x124	0x124	0
0x12a	0x12a	0
0x12f	0x12f	0
0x135	0x135	0
0x13a	0x13a	0
0x140	0x140	0
0x145	0x145	0
0x14a	0x14a	0
0x150	0x150	0
0x155	0x155	0
0x156	0x156	0
0x15b	0x15b	0
0x160	0x160	0
0x166	0x166	0
0x16b	0x16b	0
0x171	0x171	0
0x176	0x176	0
0x17b	0x17b	0
0x181	0x181	0
0x186	0x186	0
0x18c	0x18c	0
0x191	0x191	0
0x197	0x197	0
0x19c	0x19c	0
0x1a1	0x1a1	0
0x1a7	0x1a7	0
0x1ac	0x1ac	0
0x1ad	0x1ad	0
0x1b2	0x1b2	0
0x1b7	0x1b7	0
0x1b8	0x1b8	0
0x1bd	0x1bd	0
0x1c2	0x1c2	0
0x1c3	0x1c3	0
0x1c8	0x1c8	0
0x1cd	0x1cd	0
0x1d3	0x1d3	0
0x1d8	0x1d8	0
0x1de	0x1de	0
0x1e3	0x1e3	0
0x1e8	0x1e8	0
0x1ee	0x1ee	0
0x1f3	0x1f3	0
0x1f9	0x1f9	0
0x1fe	0x1fe	0
0x204	0x204	0
0x209	0x209	0
0x20e	0x20e	0
0x214	0x214	0
0x219	0x219	0
0x21a	0x21a	0
0x21f	0x21f	0
0x224	0x224	0
0x22a	0x22a	0
0x22f	0x22f	0
0x235	0x235	0
0x23a	0x23a	0
0x23f	0x23f	0
0x245	0x245	0
0x24a	0x24a	0
0x250	0x250	0
0x255	0x255	0
0x25b	0x25b	0
0x260	0x260	0
0x265	0x265	0
0x26b	0x26b	0
0x270	0x270	0
0x271	0x271	0
0x276	0x276	0
0x27b	0x27b	0
0x27c	0x27c	0
0x281	0x281	0
0x286	0x286	0
0x28c	0x28c	0
0x291	0x291	0
0x297	0x297	0
0x29c	0x29c	0
0x2a1	0x2a1	0
0x2a7	0x2a7	0
0x2ac	0x2ac	0
0x2b2	0x2b2	0
0x2b7	0x2b7	0
0x2bd	0x2bd	0
0x2c2	0x2c2	0
0x2c7	0x2c7	0
0x2cd	0x2cd	0
0x2d2	0x2d2	0
0x2d3	0x2d3	0
0x2d8	0x2d8	0
0x2dd	0x2dd	0
0x2e3	0x2e3	0
0x2e8	0x2e8	0
0x2ee	0x2ee	0
0x2f3	0x2f3	0
0x2f8	0x2f8	0
0x2fe	0x2fe	0
0x303	0x303	0
0x309	0x309	0
0x30e	0x30e	0
0x314	0x314	0
0x319	0x319	0
0x31f	0x31f	0
0x320	0x320	0
0x321	0x321	0
0x325	0x325	0
0x327	0x327	0
0x328	0x328	0
0x34b	0x34b	0
0x34d	0x34d	0
0x350	0x350	0
0x352	0x352	0
0x355	0x355	0
0x358	0x358	0
0x35c	0x35c	0
0x35e	0x35e	0
0x360	0x360	0
0x363	0x363	0
0x367	0x367	0
0x369	0x369	0
0x36d	0x36d	0
0x36f	0x36f	0
0x372	0x372	0
0x376	0x376	0
0x379	0x379	0
0x381	0x381	0
0x383	0x383	0
0x384	0x384	0
0x388	0x388	0
0x38e	0x38e	0
0x391	0x391	0
0x40b	0x40b	0
0x40d	0x40d	0
0x40e	0x40e	0
0x412	0x412	0
0x418	0x418	0
0x41b	0x41b	0
0x41e	0x41e	0
0x41f	0x41f	0
0x420	0x420	0
0x423	0x423	0
0x424	0x424	0
0x425	0x425	0
0x429	0x429	0
0x42f	0x42f	0
0x431	0x431	0
0x434	0x434	0
0x436	0x436	0
0x437	0x437	0
0x43e	0x43e	0
0x43f	0x43f	0
0x440	0x440	0
0x444	0x444	0
0x44a	0x44a	0
0x44c	0x44c	0
0x44f	0x44f	0
0x450	0x450	0
0x451	0x451	0
0x452	0x452	0
0x456	0x456	0
0x45c	0x45c	0
0x45e	0x45e	0
0x460	0x460	0
0x463	0x463	0
0x466	0x466	0
0x468	0x468	0
0x469	0x469	0
0x46a	0x46a	0
0x471	0x471	0
0x472	0x472	0
0x473	0x473	0
0x474	0x474	0
0x478	0x478	0
0x481	0x481	0
0x483	0x483	0
0x484	0x484	0
0x488	0x488	0
0x489	0x489	0
0x48a	0x48a	0
0x48c	0x48c	0
0x48d	0x48d	0
0x48f	0x48f	0
0x492	0x492	0
0x493	0x493	0
0x49e	0x49e	0
0x4a0	0x4a0	0
0x4a7	0x4a7	0
0x4aa	0x4aa	0
0x4b3	0x4b3	0
0x4be	0x4be	0
0x4c0	0x4c0	0
0x4c1	0x4c1	0
0x4c5	0x4c5	0
0x4cb	0x4cb	0
0x4ce	0x4ce	0
0x4d1	0x4d1	0
0x4d2	0x4d2	0
0x4d3	0x4d3	0
0x4d6	0x4d6	0
0x4d7	0x4d7	0
0x4d8	0x4d8	0
0x4dc	0x4dc	0
0x4e2	0x4e2	0
0x4f8	0x4f8	0
0x4f9	0x4f9	0
0x4fb	0x4fb	0
0x4fd	0x4fd	0
0x4fe	0x4fe	0
0x4ff	0x4ff	0
0x518	0x518	0
0x51a	0x51a	0
0x51b	0x51b	0
0x51f	0x51f	0
0x525	0x525	0
0x528	0x528	0
0x52b	0x52b	0
0x52c	0x52c	0
0x52d	0x52d	0
0x530	0x530	0
0x531	0x531	0
0x532	0x532	0
0x536	0x536	0
0x53c	0x53c	0
0x53d	0x53d	0
0x554	0x554	0
0x556	0x556	0
0x557	0x557	0
0x55b	0x55b	0
0x561	0x561	0
0x564	0x564	0
0x569	0x569	0
0x56b	0x56b	0
0x56c	0x56c	0
0x570	0x570	0
0x576	0x576	0
0x579	0x579	0
0x5a7	0x5a7	0
0x5a9	0x5a9	0
0x5aa	0x5aa	0
0x5ae	0x5ae	0
0x5b4	0x5b4	0
0x5b7	0x5b7	0
0x5bc	0x5bc	0
0x5be	0x5be	0
0x5bf	0x5bf	0
0x5c3	0x5c3	0
0x5c9	0x5c9	0
0x5cc	0x5cc	0
0x5d1	0x5d1	0
0x5d3	0x5d3	0
0x5d4	0x5d4	0
0x5d8	0x5d8	0
0x5de	0x5de	0
0x5e1	0x5e1	0
0x5e6	0x5e6	0
0x5e8	0x5e8	0
0x5e9	0x5e9	0
0x5ed	0x5ed	0
0x5f3	0x5f3	0
0x5f6	0x5f6	0
0x5f9	0x5f9	0
0x5fa	0x5fa	0
0x5fb	0x5fb	0
0x5fe	0x5fe	0
0x5ff	0x5ff	0
0x600	0x600	0
0x604	0x604	0
0x60a	0x60a	0
0x620	0x620	0
0x622	0x622	0
0x624	0x624	0
0x627	0x627	0
0x628	0x628	0
0x62b	0x62b	0
0x62d	0x62d	0
0x62f	0x62f	0
0x630	0x630	0
0x631	0x631	0
0x636	0x636	0
0x638	0x638	0
0x639	0x639	0
0x63d	0x63d	0
0x643	0x643	0
0x646	0x646	0
0x64b	0x64b	0
0x64d	0x64d	0
0x64e	0x64e	0
0x652	0x652	0
0x658	0x658	0
0x65b	0x65b	0
0x660	0x660	0
0x662	0x662	0
0x663	0x663	0
0x667	0x667	0
0x66d	0x66d	0
0x670	0x670	0
0x675	0x675	0
0x678	0x678	0
0x679	0x679	0
0x67d	0x67d	0
0x680	0x680	0
0x684	0x684	0
0x685	0x685	0
0x687	0x687	0
0x68b	0x68b	0
0x68d	0x68d	0
0x68e	0x68e	0
0x692	0x692	0
0x698	0x698	0
0x69b	0x69b	0
0x6a0	0x6a0	0
0x6a2	0x6a2	0
0x6a3	0x6a3	0
0x6a7	0x6a7	0
0x6ad	0x6ad	0
0x6b0	0x6b0	0
0x6b3	0x6b3	0
0x6b4	0x6b4	0
0x6b5	0x6b5	0
0x6b8	0x6b8	0
0x6b9	0x6b9	0
0x6ba	0x6ba	0
0x6be	0x6be	0
0x6e0	0x6e0	0
0x6e2	0x6e2	0
0x6e3	0x6e3	0
0x6e7	0x6e7	0
0x6ed	0x6ed	0
0x6f0	0x6f0	0
0x6f3	0x6f3	0
0x6f4	0x6f4	0
0x6f5	0x6f5	0
0x6f8	0x6f8	0
0x6f9	0x6f9	0
0x6fa	0x6fa	0
0x6fe	0x6fe	0
0x704	0x704	0
0x706	0x706	0
0x709	0x709	0
0x70b	0x70b	0
0x70c	0x70c	0
0x713	0x713	0
0x714	0x714	0
0x715	0x715	0
0x719	0x719	0
0x71f	0x71f	0
0x721	0x721	0
0x724	0x724	0
0x725	0x725	0
0x726	0x726	0
0x727	0x727	0
0x72b	0x72b	0
0x731	0x731	0
0x733	0x733	0
0x735	0x735	0
0x738	0x738	0
0x73b	0x73b	0
0x73d	0x73d	0
0x73e	0x73e	0
0x73f	0x73f	0
0x746	0x746	0
0x747	0x747	0
0x748	0x748	0
0x749	0x749	0
0x74d	0x74d	0
0x756	0x756	0
0x758	0x758	0
0x759	0x759	0
0x75d	0x75d	0
0x75e	0x75e	0
0x75f	0x75f	0
0x761	0x761	0
0x762	0x762	0
0x764	0x764	0
0x767	0x767	0
0x768	0x768	0
0x773	0x773	0
0x775	0x775	0
0x77c	0x77c	0
0x77f	0x77f	0
0x788	0x788	0
0x793	0x793	0
0x795	0x795	0
0x796	0x796	0
0x79a	0x79a	0
0x7a0	0x7a0	0
0x7a3	0x7a3	0
0x7a6	0x7a6	0
0x7a7	0x7a7	0
0x7a8	0x7a8	0
0x7ab	0x7ab	0
0x7ac	0x7ac	0
0x7ad	0x7ad	0
0x7b1	0x7b1	0
0x7b7	0x7b7	0
0x7b8	0x7b8	0
0x7cd	0x7cd	0
0x7ce	0x7ce	0
0x7d5	0x7d5	0
0x7d7	0x7d7	0
0x7d8	0x7d8	0
0x7dc	0x7dc	0
0x7e2	0x7e2	0
0x7e5	0x7e5	0
0x7ea	0x7ea	0
0x7ec	0x7ec	0
0x7ed	0x7ed	0
0x7f1	0x7f1	0
0x7f7	0x7f7	0
0x7fa	0x7fa	0
0x7fd	0x7fd	0
0x7fe	0x7fe	0
0x7ff	0x7ff	0
0x802	0x802	0
0x803	0x803	0
0x804	0x804	0
0x808	0x808	0
0x80d	0x80d	0
0x823	0x823	0
0x824	0x824	0
0x826	0x826	0
0x829	0x829	0
0x82a	0x82a	0
0x82b	0x82b	0
0x82c	0x82c	0
0x82f	0x82f	0
0x831	0x831	0
0x834	0x834	0
0x835	0x835	0
0x838	0x838	0
0x839	0x839	0
0x83a	0x83a	0
0x841	0x841	0
0x842	0x842	0
0x843	0x843	0
0x847	0x847	0
0x84d	0x84d	0
0x84f	0x84f	0
0x852	0x852	0
0x853	0x853	0
0x854	0x854	0
0x855	0x855	0
0x859	0x859	0
0x85f	0x85f	0
0x861	0x861	0
0x863	0x863	0
0x866	0x866	0
0x869	0x869	0
0x86b	0x86b	0
0x86c	0x86c	0
0x86d	0x86d	0
0x874	0x874	0
0x875	0x875	0
0x876	0x876	0
0x877	0x877	0
0x87b	0x87b	0
0x884	0x884	0
0x886	0x886	0
0x887	0x887	0
0x88b	0x88b	0
0x88c	0x88c	0
0x88d	0x88d	0
0x88f	0x88f	0
0x890	0x890	0
0x892	0x892	0
0x895	0x895	0
0x896	0x896	0
0x8a1	0x8a1	0
0x8a3	0x8a3	0
0x8aa	0x8aa	0
0x8ad	0x8ad	0
0x8b6	0x8b6	0
0x8c1	0x8c1	0
0x8c3	0x8c3	0
0x8c4	0x8c4	0
0x8c8	0x8c8	0
0x8ce	0x8ce	0
0x8d1	0x8d1	0
0x8d4	0x8d4	0
0x8d5	0x8d5	0
0x8d6	0x8d6	0
0x8d9	0x8d9	0
0x8da	0x8da	0
0x8db	0x8db	0
0x8df	0x8df	0
0x8e4	0x8e4	0
0x8e6	0x8e6	0
0x8e7	0x8e7	0
0x8eb	0x8eb	0
0x8f1	0x8f1	0
0x8f4	0x8f4	0
0x8f9	0x8f9	0
0x8fb	0x8fb	0
0x8fc	0x8fc	0
0x900	0x900	0
0x906	0x906	0
0x909	0x909	0
0x90e	0x90e	0
0x910	0x910	0
0x911	0x911	0
0x915	0x915	0
0x91b	0x91b	0
0x91e	0x91e	0
0x923	0x923	0
0x925	0x925	0
0x926	0x926	0
0x92a	0x92a	0
0x930	0x930	0
0x933	0x933	0
0x936	0x936	0
0x937	0x937	0
0x938	0x938	0
0x93b	0x93b	0
0x93c	0x93c	0
0x93d	0x93d	0
0x941	0x941	0
0x947	0x947	0
0x948	0x948	0
0x95d	0x95d	0
0x95e	0x95e	0
0x963	0x963	0
0x966	0x966	0
0x967	0x967	0
0x96e	0x96e	0
0x971	0x971	0
0x975	0x975	0
0x976	0x976	0
0x978	0x978	0
0x97c	0x97c	0
0x97e	0x97e	0
0x97f	0x97f	0
0x983	0x983	0
0x989	0x989	0
0x98c	0x98c	0
0x98f	0x98f	0
0x990	0x990	0
0x991	0x991	0
0x994	0x994	0
0x995	0x995	0
0x996	0x996	0
0x99a	0x99a	0
0x9a0	0x9a0	0
0x9b6	0x9b6	0
0x9b7	0x9b7	0
0x9b9	0x9b9	0
0x9bb	0x9bb	0
0x9bc	0x9bc	0
0x9bd	0x9bd	0
0x9c2	0x9c2	0
0x9c4	0x9c4	0
0x9c5	0x9c5	0
0x9c9	0x9c9	0
0x9cf	0x9cf	0
0x9d2	0x9d2	0
0x9d5	0x9d5	0
0x9d6	0x9d6	0
0x9d7	0x9d7	0
0x9da	0x9da	0
0x9db	0x9db	0
0x9dc	0x9dc	0
0x9e0	0x9e0	0
0x9e7	0x9e7	0
0x9e9	0x9e9	0
0x9ec	0x9ec	0
0x9ed	0x9ed	0
0x9ef	0x9ef	0
0x9f1	0x9f1	0
0x9f2	0x9f2	0
0x9f3	0x9f3	0
0x9f4	0x9f4	0
0x9f5	0x9f5	0
0x9fa	0x9fa	0
0x9fc	0x9fc	0
0x9fd	0x9fd	0
0xa01	0xa01	0
0xa07	0xa07	0
0xa0a	0xa0a	0
0xa0f	0xa0f	0
0xa11	0xa11	0
0xa12	0xa12	0
0xa16	0xa16	0
0xa1c	0xa1c	0
0xa1f	0xa1f	0
0xa22	0xa22	0
0xa23	0xa23	0
0xa24	0xa24	0
0xa27	0xa27	0
0xa28	0xa28	0
0xa29	0xa29	0
0xa2d	0xa2d	0
0xa33	0xa33	0
0xa34	0xa34	0
0xa49	0xa49	0
0xa4a	0xa4a	0
0xa4f	0xa4f	0
0xa51	0xa51	0
0xa52	0xa52	0
0xa56	0xa56	0
0xa5c	0xa5c	0
0xa5f	0xa5f	0
0xa64	0xa64	0
0xa66	0xa66	0
0xa67	0xa67	0
0xa6b	0xa6b	0
0xa71	0xa71	0
0xa74	0xa74	0
0xa79	0xa79	0
0xa7b	0xa7b	0
0xa7c	0xa7c	0
0xa80	0xa80	0
0xa86	0xa86	0
0xa89	0xa89	0
0xa8e	0xa8e	0
0xa90	0xa90	0
0xa91	0xa91	0
0xa95	0xa95	0
0xa9b	0xa9b	0
0xa9e	0xa9e	0
0xaa1	0xaa1	0
0xaa2	0xaa2	0
0xaa3	0xaa3	0
0xaa6	0xaa6	0
0xaa7	0xaa7	0
0xaa8	0xaa8	0
0xaac	0xaac	0
0xab2	0xab2	0
0xac8	0xac8	0
0xac9	0xac9	0
0xacb	0xacb	0
0xace	0xace	0
0xacf	0xacf	0
0xad1	0xad1	0
0xad4	0xad4	0
0xad5	0xad5	0
0xad7	0xad7	0
0xad9	0xad9	0
0xadc	0xadc	0
0xadd	0xadd	0
0xade	0xade	0
0xae0	0xae0	0
0xae3	0xae3	0
0xae4	0xae4	0
0xae6	0xae6	0
0xae8	0xae8	0
0xae9	0xae9	0
0xaea	0xaea	0
0xaef	0xaef	0
0xaf1	0xaf1	0
0xaf2	0xaf2	0
0xaf6	0xaf6	0
0xafc	0xafc	0
0xaff	0xaff	0
0xb02	0xb02	0
0xb03	0xb03	0
0xb04	0xb04	0
0xb07	0xb07	0
0xb08	0xb08	0
0xb09	0xb09	0
0xb0d	0xb0d	0
0xb13	0xb13	0
0xb29	0xb29	0
0xb2b	0xb2b	0
0xb2d	0xb2d	0
0xb30	0xb30	0
0xb31	0xb31	0
0xb34	0xb34	0
0xb36	0xb36	0
0xb39	0xb39	0
0xb3a	0xb3a	0
0xb3c	0xb3c	0
0xb3f	0xb3f	0
0xb40	0xb40	0
0xb42	0xb42	0
0xb44	0xb44	0
0xb47	0xb47	0
0xb48	0xb48	0
0xb49	0xb49	0
0xb4b	0xb4b	0
0xb4e	0xb4e	0
0xb4f	0xb4f	0
0xb51	0xb51	0
0xb53	0xb53	0
0xb54	0xb54	0
0xb55	0xb55	0
0xb5a	0xb5a	0
0xb5c	0xb5c	0
0xb5d	0xb5d	0
0xb61	0xb61	0
0xb67	0xb67	0
0xb6a	0xb6a	0
0xb6d	0xb6d	0
0xb6e	0xb6e	0
0xb6f	0xb6f	0
0xb72	0xb72	0
0xb73	0xb73	0
0xb74	0xb74	0
0xb78	0xb78	0
0xb7e	0xb7e	0
0xb94	0xb94	0
0xb96	0xb96	0
0xb98	0xb98	0
0xb9a	0xb9a	0
0xb9b	0xb9b	0
0xb9c	0xb9c	0
0xb9d	0xb9d	0
0xba2	0xba2	0
0xba4	0xba4	0
0xba5	0xba5	0
0xba9	0xba9	0
0xbaf	0xbaf	0
0xbb2	0xbb2	0
0xbb7	0xbb7	0
0xbb9	0xbb9	0
0xbba	0xbba	0
0xbbe	0xbbe	0
0xbc4	0xbc4	0
0xbc7	0xbc7	0
0xbcc	0xbcc	0
0xbce	0xbce	0
0xbcf	0xbcf	0
0xbd3	0xbd3	0
0xbd9	0xbd9	0
0xbdc	0xbdc	0
0xbdf	0xbdf	0
0xbe0	0xbe0	0
0xbe1	0xbe1	0
0xbe4	0xbe4	0
0xbe5	0xbe5	0
0xbe6	0xbe6	0
0xbea	0xbea	0
0xbf1	0xbf1	0
0xbf2	0xbf2	0
0xc07	0xc07	0
0xc09	0xc09	0
0xc0b	0xc0b	0
0xc0c	0xc0c	0
0xc0d	0xc0d	0
0xc12	0xc12	0
0xc13	0xc13	0
0xc18	0xc18	0
0xc1b	0xc1b	0
0xc1c	0xc1c	0
0xc23	0xc23	0
0xc26	0xc26	0
0xc29	0xc29	0
0xc2f	0xc2f	0
0xc33	0xc33	0
0xc34	0xc34	0
0xccd	0xccd	0
0xcd0	0xcd0	0
0xcd1	0xcd1	0
0xcd4	0xcd4	0
0xcd5	0xcd5	0
0xcd7	0xcd7	0
0xcdb	0xcdb	0
0xcdc	0xcdc	0
0xcdd	0xcdd	0
0xce0	0xce0	0
0xce1	0xce1	0
0xd02	0xd02	0
0xd05	0xd05	0
0xd09	0xd09	0
0xd0a	0xd0a	0
0xd0d	0xd0d	0
0xd10	0xd10	0
0xd12	0xd12	0
0xd14	0xd14	0
0xd16	0xd16	0
0xd20	0xd20	0
0xd24	0xd24	0
0xd25	0xd25	0
0xd2a	0xd2a	0
0xd2c	0xd2c	0
0xd2d	0xd2d	0
0xd31	0xd31	0
0xd36	0xd36	0
0xd37	0xd37	0
0xd38	0xd38	0
0xd3c	0xd3c	0
0xd3e	0xd3e	0
0xd40	0xd40	0
0xda4	0xda4	0
0xda6	0xda6	0
0xda9	0xda9	0
0xdc5	0xdc5	0
0xdc7	0xdc7	0
0xdca	0xdca	0
0xdd3	0xdd3	0
0xdd5	0xdd5	0
0xdd6	0xdd6	0
0xdeb	0xdeb	0
0xdef	0xdef	0
0xdf1	0xdf1	0
0xdf2	0xdf2	0
0xdf6	0xdf6	0
0xdf7	0xdf7	0
0xe0c	0xe0c	0
0xe10	0xe10	0
0xe12	0xe12	0
0xe16	0xe16	0
0xe18	0xe18	0
0xe1a	0xe1a	0
0xe1c	0xe1c	0
0xe21	0xe21	0
0xe23	0xe23	0
0xe26	0xe26	0
0xe28	0xe28	0
0xe2b	0xe2b	0
0xe2d	0xe2d	0
0xe43	0xe43	0
0xe45	0xe45	0
0xe46	0xe46	0
0xe5b	0xe5b	0
0xe5f	0xe5f	0
0xe83	0xe83	0
0xe85	0xe85	0
0xe86	0xe86	0
0xe88	0xe88	0
0xe8c	0xe8c	0
0xe8e	0xe8e	0
0xe92	0xe92	0
0xe94	0xe94	0
0xe96	0xe96	0
0xe98	0xe98	0
0xe99	0xe99	0
0xeae	0xeae	0
0xeb0	0xeb0	0
0xeb2	0xeb2	0
0xeb3	0xeb3	0
0xeb5	0xeb5	0
0xeb8	0xeb8	0
0xeba	0xeba	0
0xebd	0xebd	0
0xec3	0xec3	0
0xec6	0xec6	0
0xec8	0xec8	0
0xecc	0xecc	0
0xece	0xece	0
0xed0	0xed0	0
0xed5	0xed5	0
0xeda	0xeda	0
0xedb	0xedb	0
0xedc	0xedc	0
0xee2	0xee2	0
0xee3	0xee3	0
0xee6	0xee6	0
0xee8	0xee8	0
0xeea	0xeea	0
0xeeb	0xeeb	0
0xef8	0xef8	0
0xefa	0xefa	0
0xefc	0xefc	0
0xefe	0xefe	0
0xeff	0xeff	0
0xf05	0xf05	0
0xf07	0xf07	0
0xf08	0xf08	0
0xf0b	0xf0b	0
0xf0d	0xf0d	0
0xf0e	0xf0e	0
0xf11	0xf11	0
0xf12	0xf12	0
0xf13	0xf13	0
0xf14	0xf14	0
0xf17	0xf17	0
0xf19	0xf19	0
0xf1e	0xf1e	0
0xf21	0xf21	0
0xf22	0xf22	0
0xf45	0xf45	0
0xf46	0xf46	0
0xf4c	0xf4c	0
0xf4f	0xf4f	0
0xf51	0xf51	0
0xf52	0xf52	0
0xf6f	0xf6f	0
0xf70	0xf70	0
0xf91	0xf91	0
0xf95	0xf95	0
0xf97	0xf97	0
0xfa5	0xfa5	0
0xfa8	0xfa8	0
0xfa9	0xfa9	0
0xfae	0xfae	0
0xfb1	0xfb1	0
0xfd4	0xfd4	0
0xfd6	0xfd6	0
0xfda	0xfda	0
0xfdc	0xfdc	0
0xfdd	0xfdd	0
0xfe2	0xfe2	0
0xfe5	0xfe5	0
0xfe7	0xfe7	0
0xfe8	0xfe8	0
0xfeb	0xfeb	0
0xfec	0xfec	0
0xfee	0xfee	0
0xff0	0xff0	0
0xff1	0xff1	0
0xff4	0xff4	0
0xff5	0xff5	0
0xff8	0xff8	0
0x1003	0x1003	0
0x1007	0x1007	0
0x1009	0x1009	0
0x100b	0x100b	0
0x100e	0x100e	0
0x1011	0x1011	0
0x1012	0x1012	0
0x1016	0x1016	0
0x1018	0x1018	0
0x101b	0x101b	0
0x101c	0x101c	0
0x1020	0x1020	0
0x1022	0x1022	0
0x1025	0x1025	0
0x1027	0x1027	0
0x1028	0x1028	0
0x102a	0x102a	0
0x102b	0x102b	0
0x102c	0x102c	0
0x102e	0x102e	0
0x102f	0x102f	0
0x1032	0x1032	0
0x1035	0x1035	0
0x1036	0x1036	0
0x1038	0x1038	0
0x103b	0x103b	0
0x103d	0x103d	0
0x1042	0x1042	0
0x104c	0x104c	0
0x104f	0x104f	0
0x1050	0x1050	0
0x1051	0x1051	0
0x1055	0x1055	0
0x1056	0x1056	0
0x1059	0x1059	0
0x105e	0x105e	0
0x1060	0x1060	0
0x1062	0x1062	0
0x1063	0x1063	0
0x1066	0x1066	0
0x1067	0x1067	0
0x1068	0x1068	0
0x106c	0x106c	0
0x1072	0x1072	0
0x1076	0x1076	0
0x1077	0x1077	0
0x1079	0x1079	0
0x107f	0x107f	0
0x1086	0x1086	0
0x1087	0x1087	0
0x1088	0x1088	0
0x108c	0x108c	0
0x1093	0x1093	0
0x1095	0x1095	0
0x1098	0x1098	0
0x109b	0x109b	0
0x109c	0x109c	0
0x109d	0x109d	0
0x10a1	0x10a1	0
0x10a7	0x10a7	0
0x10a8	0x10a8	0
0x10af	0x10af	0
0x10b2	0x10b2	0
0x10b4	0x10b4	0
0x10b5	0x10b5	0
0x10b6	0x10b6	0
0x10b7	0x10b7	0
0x10bb	0x10bb	0
0x10c4	0x10c4	0
0x10c5	0x10c5	0
0x10c9	0x10c9	0
0x10cd	0x10cd	0
0x10d2	0x10d2	0
0x10d7	0x10d7	0
0x10d8	0x10d8	0
0x10d9	0x10d9	0
0x10df	0x10df	0
0x10e0	0x10e0	0
0x10e3	0x10e3	0
0x10e5	0x10e5	0
0x10e7	0x10e7	0
0x10e8	0x10e8	0
0x10f5	0x10f5	0
0x10f7	0x10f7	0
0x10f9	0x10f9	0
0x10fb	0x10fb	0
0x10fc	0x10fc	0
0x1102	0x1102	0
0x1104	0x1104	0
0x1105	0x1105	0
0x1108	0x1108	0
0x110a	0x110a	0
0x110b	0x110b	0
0x110e	0x110e	0
0x110f	0x110f	0
0x1110	0x1110	0
0x1111	0x1111	0
0x1114	0x1114	0
0x1116	0x1116	0
0x111b	0x111b	0
0x112a	0x112a	0
0x112d	0x112d	0
0x1136	0x1136	0
0x1139	0x1139	0
0x1141	0x1141	0
0x1143	0x1143	0
0x1144	0x1144	0
0x1148	0x1148	0
0x1149	0x1149	0
0x115e	0x115e	0
0x115f	0x115f	0
0x1160	0x1160	0
0x1161	0x1161	0
0x1165	0x1165	0
0x1167	0x1167	0
0x1168	0x1168	0
0x118b	0x118b	0
0x118d	0x118d	0
0x1190	0x1190	0
0x1192	0x1192	0
0x1195	0x1195	0
0x1198	0x1198	0
0x119c	0x119c	0
0x119e	0x119e	0
0x11a0	0x11a0	0
0x11a3	0x11a3	0
0x11a7	0x11a7	0
0x11a9	0x11a9	0
0x11ad	0x11ad	0
0x11af	0x11af	0
0x11b2	0x11b2	0
0x11b7	0x11b7	0
0x11b8	0x11b8	0
0x11bc	0x11bc	0
0x11bf	0x11bf	0
0x11c0	0x11c0	0
0x11c4	0x11c4	0
0x11c7	0x11c7	0
0x11cb	0x11cb	0
0x11ce	0x11ce	0
0x11d0	0x11d0	0
0x11d1	0x11d1	0
0x11ee	0x11ee	0
0x11ef	0x11ef	0
0x1210	0x1210	0
0x1213	0x1213	0
0x1217	0x1217	0
0x121e	0x121e	0
0x1221	0x1221	0
0x1222	0x1222	0
0x1239	0x1239	0
0x123a	0x123a	0
0x125c	0x125c	0
0x125d	0x125d	0
0x1261	0x1261	0
0x1263	0x1263	0
0x1264	0x1264	0
0x1266	0x1266	0
0x1269	0x1269	0
0x126e	0x126e	0
0x126f	0x126f	0
0x1272	0x1272	0
0x1275	0x1275	0
0x1279	0x1279	0
0x127b	0x127b	0
0x1285	0x1285	0
0x1289	0x1289	0
0x128d	0x128d	0
0x1292	0x1292	0
0x1297	0x1297	0
0x1298	0x1298	0
0x1299	0x1299	0
0x129f	0x129f	0
0x12a0	0x12a0	0
0x12a3	0x12a3	0
0x12a5	0x12a5	0
0x12a7	0x12a7	0
0x12a8	0x12a8	0
0x12b5	0x12b5	0
0x12b7	0x12b7	0
0x12b9	0x12b9	0
0x12bb	0x12bb	0
0x12bc	0x12bc	0
0x12c2	0x12c2	0
0x12c4	0x12c4	0
0x12c5	0x12c5	0
0x12c8	0x12c8	0
0x12ca	0x12ca	0
0x12cb	0x12cb	0
0x12ce	0x12ce	0
0x12cf	0x12cf	0
0x12d0	0x12d0	0
0x12d1	0x12d1	0
0x12d4	0x12d4	0
0x12d6	0x12d6	0
0x12db	0x12db	0
0x12de	0x12de	0
0x12df	0x12df	0
0x1302	0x1302	0
0x1303	0x1303	0
0x1309	0x1309	0
0x130c	0x130c	0
0x130e	0x130e	0
0x130f	0x130f	0
0x132c	0x132c	0
0x132d	0x132d	0
0x134e	0x134e	0
0x1353	0x1353	0
0x135c	0x135c	0
0x135e	0x135e	0
0x135f	0x135f	0
0x1362	0x1362	0
0x1363	0x1363	0
0x137a	0x137a	0
0x137f	0x137f	0
0x1380	0x1380	0
0x1383	0x1383	0
0x1386	0x1386	0
0x1387	0x1387	0
0x13ab	0x13ab	0
0x13ae	0x13ae	0
0x13b7	0x13b7	0
0x13b9	0x13b9	0
0x13ba	0x13ba	0
0x13cf	0x13cf	0
0x13d3	0x13d3	0
0x13e1	0x13e1	0
0x13e3	0x13e3	0
0x13e4	0x13e4	0
0x13f9	0x13f9	0
0x13fd	0x13fd	0
0x13ff	0x13ff	0
0x1402	0x1402	0
0x1407	0x1407	0
0x140a	0x140a	0
0x140b	0x140b	0
0x140c	0x140c	0
0x1411	0x1411	0
0x141f	0x141f	0
0x1421	0x1421	0
0x1422	0x1422	0
0x1437	0x1437	0
0x143b	0x143b	0
0x143d	0x143d	0
0x1440	0x1440	0
0x1445	0x1445	0
0x1448	0x1448	0
0x1449	0x1449	0
0x144d	0x144d	0
0x1450	0x1450	0
0x1451	0x1451	0
0x1454	0x1454	0
0x1455	0x1455	0
0x1457	0x1457	0
0x145a	0x145a	0
0x145b	0x145b	0
0x145c	0x145c	0
0x145f	0x145f	0
0x1460	0x1460	0
0x1481	0x1481	0
0x1484	0x1484	0
0x1487	0x1487	0
0x1488	0x1488	0
0x148b	0x148b	0
0x148e	0x148e	0
0x1490	0x1490	0
0x1492	0x1492	0
0x1494	0x1494	0
0x149e	0x149e	0
0x14a2	0x14a2	0
0x14a3	0x14a3	0
0x14a8	0x14a8	0
0x14aa	0x14aa	0
0x14ab	0x14ab	0
0x14af	0x14af	0
0x14b4	0x14b4	0
0x14b5	0x14b5	0
0x14b6	0x14b6	0
0x14ba	0x14ba	0
0x14bc	0x14bc	0
0x14be	0x14be	0
0x14c3	0x14c3	0
0x14c5	0x14c5	0
0x14c9	0x14c9	0
0x14cb	0x14cb	0
0x14cf	0x14cf	0
0x14d2	0x14d2	0
0x14e0	0x14e0	0
0x14e3	0x14e3	0
0x14f2	0x14f2	0
0x14f4	0x14f4	0
0x14f6	0x14f6	0
0x14f8	0x14f8	0
0x14fd	0x14fd	0
0x14ff	0x14ff	0
0x1502	0x1502	0
0x1504	0x1504	0
0x1507	0x1507	0
0x1509	0x1509	0
0x150d	0x150d	0
0x1519	0x1519	0
0x151b	0x151b	0
0x1520	0x1520	0
0x1525	0x1525	0
0x1529	0x1529	0
0x1531	0x1531	0
0x1533	0x1533	0
0x1534	0x1534	0
0x1538	0x1538	0
0x1539	0x1539	0
0x153a	0x153a	0
0x1541	0x1541	0
0x1546	0x1546	0
0x1548	0x1548	0
0x154a	0x154a	0
0x154d	0x154d	0
0x1562	0x1562	0
0x1564	0x1564	0
0x1566	0x1566	0
0x156a	0x156a	0
0x156c	0x156c	0
0x156e	0x156e	0
0x1574	0x1574	0
0x1577	0x1577	0
0x1578	0x1578	0
0x157d	0x157d	0
0x1580	0x1580	0
0x15a3	0x15a3	0
0x15a5	0x15a5	0
0x15a9	0x15a9	0
0x15ab	0x15ab	0
0x15ac	0x15ac	0
0x15b1	0x15b1	0
0x15b4	0x15b4	0
0x15b6	0x15b6	0
0x15b7	0x15b7	0
0x15ba	0x15ba	0
0x15bb	0x15bb	0
0x15bd	0x15bd	0
0x15bf	0x15bf	0
0x15c0	0x15c0	0
0x15c3	0x15c3	0
0x15c4	0x15c4	0
0x15c7	0x15c7	0
0x15d2	0x15d2	0
0x15d6	0x15d6	0
0x15d8	0x15d8	0
0x15da	0x15da	0
0x15dd	0x15dd	0
0x15e0	0x15e0	0
0x15e1	0x15e1	0
0x15e5	0x15e5	0
0x15e7	0x15e7	0
0x15ea	0x15ea	0
0x15eb	0x15eb	0
0x15ef	0x15ef	0
0x15f1	0x15f1	0
0x15f4	0x15f4	0
0x15f6	0x15f6	0
0x15f7	0x15f7	0
0x15f9	0x15f9	0
0x15fa	0x15fa	0
0x15fb	0x15fb	0
0x15fd	0x15fd	0
0x15fe	0x15fe	0
0x1601	0x1601	0
0x1604	0x1604	0
0x1605	0x1605	0
0x1607	0x1607	0
0x160a	0x160a	0
0x160c	0x160c	0
0x1611	0x1611	0
0x161b	0x161b	0
0x161e	0x161e	0
0x161f	0x161f	0
0x1620	0x1620	0
0x1624	0x1624	0
0x1625	0x1625	0
0x1628	0x1628	0
0x19e1	0x19e1	0
0x19e4	0x19e4	0
0x19e5	0x19e5	0
0x19fc	0x19fc	0
0x19ff	0x19ff	0
0x1a03	0x1a03	0
0x1a04	0x1a04	0
0x1a06	0x1a06	0
0x1a29	0x1a29	0
0x1a2c	0x1a2c	0
0x1a2d	0x1a2d	0
0x1a44	0x1a44	0
0x1a47	0x1a47	0
0x1a4b	0x1a4b	0
0x1a4c	0x1a4c	0
0x1a4e	0x1a4e	0
0x1a71	0x1a71	0
0x1a74	0x1a74	0
0x1a78	0x1a78	0
0x1a7c	0x1a7c	0
0x1a7d	0x1a7d	0
0x1a7f	0x1a7f	0
0x1aa2	0x1aa2	0
0x1aa5	0x1aa5	0
0x1aa9	0x1aa9	0
0x1aad	0x1aad	0
0x1aae	0x1aae	0
0x1ab0	0x1ab0	0
0x1b06	0x1b06	0
0x1b09	0x1b09	0
0x1b0a	0x1b0a	0
0x1b21	0x1b21	0
0x1b24	0x1b24	0
0x1b28	0x1b28	0
0x1b29	0x1b29	0
0x1b2b	0x1b2b	0
0x1b4e	0x1b4e	0
0x1b51	0x1b51	0
0x1b55	0x1b55	0
0x1b59	0x1b59	0
0x1b5a	0x1b5a	0
0x1b5c	0x1b5c	0
0x1b7f	0x1b7f	0
0x1b82	0x1b82	0
0x1b86	0x1b86	0
0x1b8a	0x1b8a	0
0x1b8b	0x1b8b	0
0x1b8d	0x1b8d	0
0x1c8c	0x1c8c	0
0x1c8f	0x1c8f	0
0x1c90	0x1c90	0
0x1ca7	0x1ca7	0
0x1caa	0x1caa	0
0x1cae	0x1cae	0
0x1caf	0x1caf	0
0x1cb1	0x1cb1	0
0x1cd4	0x1cd4	0
0x1cd7	0x1cd7	0
0x1cdb	0x1cdb	0
0x1cdf	0x1cdf	0
0x1ce0	0x1ce0	0
0x1ce2	0x1ce2	0
0x1d05	0x1d05	0
0x1d08	0x1d08	0
0x1d09	0x1d09	0
0x1d20	0x1d20	0
0x1d23	0x1d23	0
0x1d27	0x1d27	0
0x1d28	0x1d28	0
0x1d2a	0x1d2a	0
0x1daf	0x1daf	0
0x1db2	0x1db2	0
0x1db3	0x1db3	0
0x1dca	0x1dca	0
0x1dcd	0x1dcd	0
0x1dd1	0x1dd1	0
0x1dd2	0x1dd2	0
0x1dd4	0x1dd4	0
0x1df7	0x1df7	0
0x1dfa	0x1dfa	0
0x1dfe	0x1dfe	0
0x1e02	0x1e02	0
0x1e03	0x1e03	0
0x1e05	0x1e05	0
0x1e28	0x1e28	0
0x1e2b	0x1e2b	0
0x1e2f	0x1e2f	0
0x1e33	0x1e33	0
0x1e34	0x1e34	0
0x1e36	0x1e36	0
0x1e59	0x1e59	0
0x1e5c	0x1e5c	0
0x1e60	0x1e60	0
0x1e64	0x1e64	0
0x1e65	0x1e65	0
0x1e67	0x1e67	0
0x1efd	0x1efd	0
0x1f00	0x1f00	0
0x1f04	0x1f04	0
0x1f08	0x1f08	0
0x1f09	0x1f09	0
0x1f0b	0x1f0b	0
0x1f2e	0x1f2e	0
0x1f31	0x1f31	0
0x1f35	0x1f35	0
0x1f39	0x1f39	0
0x1f3a	0x1f3a	0
0x1f3c	0x1f3c	0
0x2027	0x2027	0
0x2029	0x2029	0
0x202b	0x202b	0
0x202d	0x202d	0
0x202f	0x202f	0
0x2031	0x2031	0
0x2033	0x2033	0
0x2035	0x2035	0
0x2037	0x2037	0
0x2039	0x2039	0
0x203b	0x203b	0
0x203d	0x203d	0
0x203f	0x203f	0
0x2041	0x2041	0
0x2043	0x2043	0
0x2045	0x2045	0
0x2047	0x2047	0
0x2049	0x2049	0
0x204b	0x204b	0
0x204d	0x204d	0
0x204f	0x204f	0
0x2051	0x2051	0
0x2053	0x2053	0
0x2055	0x2055	0
0x2057	0x2057	0
0x2059	0x2059	0
0x205b	0x205b	0
0x205d	0x205d	0
0x205f	0x205f	0
0x2061	0x2061	0
0x2063	0x2063	0
0x2065	0x2065	0
0x2067	0x2067	0
0x2069	0x2069	0
0x206b	0x206b	0
0x206d	0x206d	0
0x206f	0x206f	0
0x2071	0x2071	0
0x2073	0x2073	0
0x2075	0x2075	0
0x2077	0x2077	0
0x2079	0x2079	0
0x207b	0x207b	0
0x207d	0x207d	0
0x207f	0x207f	0
0x2081	0x2081	0
0x2083	0x2083	0
0x2085	0x2085	0
0x2087	0x2087	0
0x2089	0x2089	0
0x208c	0x208c	0
0x208f	0x208f	0
0x2092	0x2092	0
0x2095	0x2095	0
0x2098	0x2098	0
0x209b	0x209b	0
0x209e	0x209e	0
0x20a1	0x20a1	0
0x20a4	0x20a4	0
0x20a7	0x20a7	0
0x20aa	0x20aa	0
0x20ad	0x20ad	0
0x20b0	0x20b0	0
0x20b3	0x20b3	0
0x20b6	0x20b6	0
0x20b9	0x20b9	0
0x20bc	0x20bc	0
0x20bf	0x20bf	0
0x20c2	0x20c2	0
0x20c5	0x20c5	0
0x20c8	0x20c8	0
0x20cb	0x20cb	0
0x20ce	0x20ce	0
0x20d1	0x20d1	0
0x20d4	0x20d4	0
0x20d7	0x20d7	0
0x20da	0x20da	0
0x20dd	0x20dd	0
0x20e0	0x20e0	0
0x20e3	0x20e3	0
0x20e6	0x20e6	0
0x20e9	0x20e9	0
0x20ec	0x20ec	0
0x20ef	0x20ef	0
0x20f2	0x20f2	0
0x20f5	0x20f5	0
0x20f8	0x20f8	0
0x20fb	0x20fb	0
0x394	0x394_0x0	0
0x394	0x394_0x1	1
0xa62	0xa62_0x0	0
0xa62	0xa62_0x1	1
0xd9c0x40a	0x40a0xd9c_0x0	0
0xd9c0x7e9	0x7e90xd9c_0x0	0
0x17bf0x517	0x5170x17bf	0
0x17bf0x553	0x5530x17bf	0
0x17bf0x69f	0x69f0x17bf	0
0x17bf0x8c0	0x8c00x17bf	0
0x17bf0x97b	0x97b0x17bf	0
0x17bf0xb59	0xb590x17bf	0
0x17a60x517	0x5170x17a6	0
0x17a60x553	0x5530x17a6	0
0x17a60x69f	0x69f0x17a6	0
0x17a60x8c0	0x8c00x17a6	0
0x17a60x97b	0x97b0x17a6	0
0x17a60xb59	0xb590x17a6	0
0x17850x517	0x5170x1785	0
0x17850x553	0x5530x1785	0
0x17850x69f	0x69f0x1785	0
0x17850x8c0	0x8c00x1785	0
0x17850x97b	0x97b0x1785	0
0x17850xb59	0xb590x1785	0
0x17460x517	0x5170x1746	0
0x17460x553	0x5530x1746	0
0x17460x69f	0x69f0x1746	0
0x17460x8c0	0x8c00x1746	0
0x17460x97b	0x97b0x1746	0
0x17460xb59	0xb590x1746	0
0x17120x517	0x5170x1712	0
0x17120x553	0x5530x1712	0
0x17120x69f	0x69f0x1712	0
0x17120x8c0	0x8c00x1712	0
0x17120x97b	0x97b0x1712	0
0x17120xb59	0xb590x1712	0
0x141a0x97b	0x97b0x141a	0
0x141a0xb59	0xb590x141a	0
0xe360x5e5	0x5e50xe36	0
0xe360x9c1	0x9c10xe36	0
0xdba0x517	0x5170xdba	0
0xdba0x69f	0x69f0xdba	0
0xdba0x8c0	0x8c00xdba	0
0xd7e0x40a	0x40a0xd7e	0
0xd7e0x7e9	0x7e90xd7e	0
0xd620xccc	0xccc0xd62	0
0xd620x144c	0x144c0xd62	0
0xcc10x31e	0x31e0xcc1	0
0xcc10x4bd	0x4bd0xcc1	0
0xcc10x5e5	0x5e50xcc1	0
0xcc10x792	0x7920xcc1	0
0xcc10x7d4	0x7d40xcc1	0
0xcc10x9c1	0x9c10xcc1	0
0xcc10xa8d	0xa8d0xcc1	0
0xcc10xaee	0xaee0xcc1	0
0xca80x31e	0x31e0xca8	0
0xca80x4bd	0x4bd0xca8	0
0xca80x5e5	0x5e50xca8	0
0xca80x792	0x7920xca8	0
0xca80x7d4	0x7d40xca8	0
0xca80x9c1	0x9c10xca8	0
0xca80xa8d	0xa8d0xca8	0
0xca80xaee	0xaee0xca8	0
0xc870x31e	0x31e0xc87	0
0xc870x4bd	0x4bd0xc87	0
0xc870x5e5	0x5e50xc87	0
0xc870x792	0x7920xc87	0
0xc870x7d4	0x7d40xc87	0
0xc870x9c1	0x9c10xc87	0
0xc870xa8d	0xa8d0xc87	0
0xc870xaee	0xaee0xc87	0
0x6db0x69f	0x69f0x6db	0
0x6db0x8c0	0x8c00x6db	0
0x3df0x380	0x3800x3df	0
0x3df0x40a	0x40a0x3df	0
0x3df0x6df	0x6df0x3df	0
0x3df0xa4e	0xa4e0x3df	0
0x3cb0x380	0x3800x3cb	0
0x3cb0x40a	0x40a0x3cb	0
0x3cb0x6df	0x6df0x3cb	0
0x3cb0xa4e	0xa4e0x3cb	0
0x3bc0x380	0x3800x3bc	0
0x3bc0x40a	0x40a0x3bc	0
0x3bc0x6df	0x6df0x3bc	0
0x3bc0xa4e	0xa4e0x3bc	0
0xed7_0x0	0xed7_0x0	0
0xee0_0x0	0xee0_0x0	0
0xf1c_0x1	0xf1c_0x1	0
0xfa4_0x2	0xfa4_0x2	0
0xfad_0x0	0xfad_0x0	0
0xfad_0x1	0xfad_0x1	0
0xfad_0x2	0xfad_0x2	0
0xfe1_0x0	0xfe1_0x0	0
0xfe1_0x1	0xfe1_0x1	0
0xfe1_0x2	0xfe1_0x2	0
0x1055_0x0	0x1055_0x0	0
0x105b_0x0	0x105b_0x0	0
0x10d4_0x0	0x10d4_0x0	0
0x10dd_0x0	0x10dd_0x0	0
0x1119_0x1	0x1119_0x1	0
0x1294_0x0	0x1294_0x0	0
0x129d_0x0	0x129d_0x0	0
0x12d9_0x1	0x12d9_0x1	0
0x1573_0x2	0x1573_0x2	0
0x157c_0x0	0x157c_0x0	0
0x157c_0x1	0x157c_0x1	0
0x157c_0x2	0x157c_0x2	0
0x15b0_0x0	0x15b0_0x0	0
0x15b0_0x1	0x15b0_0x1	0
0x15b0_0x2	0x15b0_0x2	0
0x1624_0x0	0x1624_0x0	0
0x162a_0x0	0x162a_0x0	0
0x3b70x380_0x0	0x3b70x380_0x0	0
0x3b70x40a_0x0	0x3b70x40a_0x0	0
0x3b70x6df_0x0	0x3b70x6df_0x0	0
0x3b70xa4e_0x0	0x3b70xa4e_0x0	0
0x3c00x380_0x0	0x3c00x380_0x0	0
0x3c00x40a_0x0	0x3c00x40a_0x0	0
0x3c00x6df_0x0	0x3c00x6df_0x0	0
0x3c00xa4e_0x0	0x3c00xa4e_0x0	0
0x3fc0x380_0x1	0x3fc0x380_0x1	0
0x3fc0x40a_0x1	0x3fc0x40a_0x1	0
0x3fc0x6df_0x1	0x3fc0x6df_0x1	0
0x3fc0xa4e_0x1	0x3fc0xa4e_0x1	0
0xd520xccc_0x0	0xd520xccc_0x0	0
0xd520xccc_0x1	0xd520xccc_0x1	0
0xd520x144c_0x0	0xd520x144c_0x0	0
0xd520x144c_0x1	0xd520x144c_0x1	0
0x170d0x517_0x2	0x170d0x517_0x2	0
0x170d0x553_0x2	0x170d0x553_0x2	0
0x170d0x69f_0x2	0x170d0x69f_0x2	0
0x170d0x8c0_0x2	0x170d0x8c0_0x2	0
0x170d0x97b_0x2	0x170d0x97b_0x2	0
0x170d0xb59_0x2	0x170d0xb59_0x2	0
0x17160x517_0x0	0x17160x517_0x0	0
0x17160x517_0x1	0x17160x517_0x1	0
0x17160x517_0x2	0x17160x517_0x2	0
0x17160x553_0x0	0x17160x553_0x0	0
0x17160x553_0x1	0x17160x553_0x1	0
0x17160x553_0x2	0x17160x553_0x2	0
0x17160x69f_0x0	0x17160x69f_0x0	0
0x17160x69f_0x1	0x17160x69f_0x1	0
0x17160x69f_0x2	0x17160x69f_0x2	0
0x17160x8c0_0x0	0x17160x8c0_0x0	0
0x17160x8c0_0x1	0x17160x8c0_0x1	0
0x17160x8c0_0x2	0x17160x8c0_0x2	0
0x17160x97b_0x0	0x17160x97b_0x0	0
0x17160x97b_0x1	0x17160x97b_0x1	0
0x17160x97b_0x2	0x17160x97b_0x2	0
0x17160xb59_0x0	0x17160xb59_0x0	0
0x17160xb59_0x1	0x17160xb59_0x1	0
0x17160xb59_0x2	0x17160xb59_0x2	0
0x174a0x517_0x0	0x174a0x517_0x0	0
0x174a0x517_0x1	0x174a0x517_0x1	0
0x174a0x517_0x2	0x174a0x517_0x2	0
0x174a0x553_0x0	0x174a0x553_0x0	0
0x174a0x553_0x1	0x174a0x553_0x1	0
0x174a0x553_0x2	0x174a0x553_0x2	0
0x174a0x69f_0x0	0x174a0x69f_0x0	0
0x174a0x69f_0x1	0x174a0x69f_0x1	0
0x174a0x69f_0x2	0x174a0x69f_0x2	0
0x174a0x8c0_0x0	0x174a0x8c0_0x0	0
0x174a0x8c0_0x1	0x174a0x8c0_0x1	0
0x174a0x8c0_0x2	0x174a0x8c0_0x2	0
0x174a0x97b_0x0	0x174a0x97b_0x0	0
0x174a0x97b_0x1	0x174a0x97b_0x1	0
0x174a0x97b_0x2	0x174a0x97b_0x2	0
0x174a0xb59_0x0	0x174a0xb59_0x0	0
0x174a0xb59_0x1	0x174a0xb59_0x1	0
0x174a0xb59_0x2	0x174a0xb59_0x2	0
0x19290x517	0x5170x1929	0
0x19290x553	0x5530x1929	0
0x19290x69f	0x69f0x1929	0
0x19290x8c0	0x8c00x1929	0
0x19290x97b	0x97b0x1929	0
0x19290xb59	0xb590x1929	0
0x19060x31e	0x31e0x1906	0
0x19060x4bd	0x4bd0x1906	0
0x19060x5e5	0x5e50x1906	0
0x19060x792	0x7920x1906	0
0x19060x7d4	0x7d40x1906	0
0x19060x9c1	0x9c10x1906	0
0x19060xa8d	0xa8d0x1906	0
0x19060xaee	0xaee0x1906	0
0x17ca0x517	0x5170x17ca	0
0x17ca0x553	0x5530x17ca	0
0x17ca0x69f	0x69f0x17ca	0
0x17ca0x8c0	0x8c00x17ca	0
0x17ca0x97b	0x97b0x17ca	0
0x17ca0xb59	0xb590x17ca	0
0x17c70x517	0x5170x17c7	0
0x17c70x553	0x5530x17c7	0
0x17c70x69f	0x69f0x17c7	0
0x17c70x8c0	0x8c00x17c7	0
0x17c70x97b	0x97b0x17c7	0
0x17c70xb59	0xb590x17c7	0
0x17c60x517	0x5170x17c6	0
0x17c60x553	0x5530x17c6	0
0x17c60x69f	0x69f0x17c6	0
0x17c60x8c0	0x8c00x17c6	0
0x17c60x97b	0x97b0x17c6	0
0x17c60xb59	0xb590x17c6	0
0x17c50x517	0x5170x17c5	0
0x17c50x553	0x5530x17c5	0
0x17c50x69f	0x69f0x17c5	0
0x17c50x8c0	0x8c00x17c5	0
0x17c50x97b	0x97b0x17c5	0
0x17c50xb59	0xb590x17c5	0
0x17c30x517	0x5170x17c3	0
0x17c30x553	0x5530x17c3	0
0x17c30x69f	0x69f0x17c3	0
0x17c30x8c0	0x8c00x17c3	0
0x17c30x97b	0x97b0x17c3	0
0x17c30xb59	0xb590x17c3	0
0x17be0x517	0x5170x17be	0
0x17be0x553	0x5530x17be	0
0x17be0x69f	0x69f0x17be	0
0x17be0x8c0	0x8c00x17be	0
0x17be0x97b	0x97b0x17be	0
0x17be0xb59	0xb590x17be	0
0x17b80x517	0x5170x17b8	0
0x17b80x553	0x5530x17b8	0
0x17b80x69f	0x69f0x17b8	0
0x17b80x8c0	0x8c00x17b8	0
0x17b80x97b	0x97b0x17b8	0
0x17b80xb59	0xb590x17b8	0
0x17b70x517	0x5170x17b7	0
0x17b70x553	0x5530x17b7	0
0x17b70x69f	0x69f0x17b7	0
0x17b70x8c0	0x8c00x17b7	0
0x17b70x97b	0x97b0x17b7	0
0x17b70xb59	0xb590x17b7	0
0x17b60x517	0x5170x17b6	0
0x17b60x553	0x5530x17b6	0
0x17b60x69f	0x69f0x17b6	0
0x17b60x8c0	0x8c00x17b6	0
0x17b60x97b	0x97b0x17b6	0
0x17b60xb59	0xb590x17b6	0
0x17b40x517	0x5170x17b4	0
0x17b40x553	0x5530x17b4	0
0x17b40x69f	0x69f0x17b4	0
0x17b40x8c0	0x8c00x17b4	0
0x17b40x97b	0x97b0x17b4	0
0x17b40xb59	0xb590x17b4	0
0x17ab0x517	0x5170x17ab	0
0x17ab0x553	0x5530x17ab	0
0x17ab0x69f	0x69f0x17ab	0
0x17ab0x8c0	0x8c00x17ab	0
0x17ab0x97b	0x97b0x17ab	0
0x17ab0xb59	0xb590x17ab	0
0x17a40x517	0x5170x17a4	0
0x17a40x553	0x5530x17a4	0
0x17a40x69f	0x69f0x17a4	0
0x17a40x8c0	0x8c00x17a4	0
0x17a40x97b	0x97b0x17a4	0
0x17a40xb59	0xb590x17a4	0
0x17a10x517	0x5170x17a1	0
0x17a10x553	0x5530x17a1	0
0x17a10x69f	0x69f0x17a1	0
0x17a10x8c0	0x8c00x17a1	0
0x17a10x97b	0x97b0x17a1	0
0x17a10xb59	0xb590x17a1	0
0x179f0x517	0x5170x179f	0
0x179f0x553	0x5530x179f	0
0x179f0x69f	0x69f0x179f	0
0x179f0x8c0	0x8c00x179f	0
0x179f0x97b	0x97b0x179f	0
0x179f0xb59	0xb590x179f	0
0x179e0x517	0x5170x179e	0
0x179e0x553	0x5530x179e	0
0x179e0x69f	0x69f0x179e	0
0x179e0x8c0	0x8c00x179e	0
0x179e0x97b	0x97b0x179e	0
0x179e0xb59	0xb590x179e	0
0x179b0x517	0x5170x179b	0
0x179b0x553	0x5530x179b	0
0x179b0x69f	0x69f0x179b	0
0x179b0x8c0	0x8c00x179b	0
0x179b0x97b	0x97b0x179b	0
0x179b0xb59	0xb590x179b	0
0x17980x517	0x5170x1798	0
0x17980x553	0x5530x1798	0
0x17980x69f	0x69f0x1798	0
0x17980x8c0	0x8c00x1798	0
0x17980x97b	0x97b0x1798	0
0x17980xb59	0xb590x1798	0
0x17970x517	0x5170x1797	0
0x17970x553	0x5530x1797	0
0x17970x69f	0x69f0x1797	0
0x17970x8c0	0x8c00x1797	0
0x17970x97b	0x97b0x1797	0
0x17970xb59	0xb590x1797	0
0x17950x517	0x5170x1795	0
0x17950x553	0x5530x1795	0
0x17950x69f	0x69f0x1795	0
0x17950x8c0	0x8c00x1795	0
0x17950x97b	0x97b0x1795	0
0x17950xb59	0xb590x1795	0
0x17940x517	0x5170x1794	0
0x17940x553	0x5530x1794	0
0x17940x69f	0x69f0x1794	0
0x17940x8c0	0x8c00x1794	0
0x17940x97b	0x97b0x1794	0
0x17940xb59	0xb590x1794	0
0x17930x517	0x5170x1793	0
0x17930x553	0x5530x1793	0
0x17930x69f	0x69f0x1793	0
0x17930x8c0	0x8c00x1793	0
0x17930x97b	0x97b0x1793	0
0x17930xb59	0xb590x1793	0
0x17910x517	0x5170x1791	0
0x17910x553	0x5530x1791	0
0x17910x69f	0x69f0x1791	0
0x17910x8c0	0x8c00x1791	0
0x17910x97b	0x97b0x1791	0
0x17910xb59	0xb590x1791	0
0x17900x517	0x5170x1790	0
0x17900x553	0x5530x1790	0
0x17900x69f	0x69f0x1790	0
0x17900x8c0	0x8c00x1790	0
0x17900x97b	0x97b0x1790	0
0x17900xb59	0xb590x1790	0
0x178e0x517	0x5170x178e	0
0x178e0x553	0x5530x178e	0
0x178e0x69f	0x69f0x178e	0
0x178e0x8c0	0x8c00x178e	0
0x178e0x97b	0x97b0x178e	0
0x178e0xb59	0xb590x178e	0
0x178b0x517	0x5170x178b	0
0x178b0x553	0x5530x178b	0
0x178b0x69f	0x69f0x178b	0
0x178b0x8c0	0x8c00x178b	0
0x178b0x97b	0x97b0x178b	0
0x178b0xb59	0xb590x178b	0
0x17890x517	0x5170x1789	0
0x17890x553	0x5530x1789	0
0x17890x69f	0x69f0x1789	0
0x17890x8c0	0x8c00x1789	0
0x17890x97b	0x97b0x1789	0
0x17890xb59	0xb590x1789	0
0x17840x517	0x5170x1784	0
0x17840x553	0x5530x1784	0
0x17840x69f	0x69f0x1784	0
0x17840x8c0	0x8c00x1784	0
0x17840x97b	0x97b0x1784	0
0x17840xb59	0xb590x1784	0
0x17810x517	0x5170x1781	0
0x17810x553	0x5530x1781	0
0x17810x69f	0x69f0x1781	0
0x17810x8c0	0x8c00x1781	0
0x17810x97b	0x97b0x1781	0
0x17810xb59	0xb590x1781	0
0x177f0x517	0x5170x177f	0
0x177f0x553	0x5530x177f	0
0x177f0x69f	0x69f0x177f	0
0x177f0x8c0	0x8c00x177f	0
0x177f0x97b	0x97b0x177f	0
0x177f0xb59	0xb590x177f	0
0x177b0x517	0x5170x177b	0
0x177b0x553	0x5530x177b	0
0x177b0x69f	0x69f0x177b	0
0x177b0x8c0	0x8c00x177b	0
0x177b0x97b	0x97b0x177b	0
0x177b0xb59	0xb590x177b	0
0x177a0x517	0x5170x177a	0
0x177a0x553	0x5530x177a	0
0x177a0x69f	0x69f0x177a	0
0x177a0x8c0	0x8c00x177a	0
0x177a0x97b	0x97b0x177a	0
0x177a0xb59	0xb590x177a	0
0x17770x517	0x5170x1777	0
0x17770x553	0x5530x1777	0
0x17770x69f	0x69f0x1777	0
0x17770x8c0	0x8c00x1777	0
0x17770x97b	0x97b0x1777	0
0x17770xb59	0xb590x1777	0
0x17740x517	0x5170x1774	0
0x17740x553	0x5530x1774	0
0x17740x69f	0x69f0x1774	0
0x17740x8c0	0x8c00x1774	0
0x17740x97b	0x97b0x1774	0
0x17740xb59	0xb590x1774	0
0x17720x517	0x5170x1772	0
0x17720x553	0x5530x1772	0
0x17720x69f	0x69f0x1772	0
0x17720x8c0	0x8c00x1772	0
0x17720x97b	0x97b0x1772	0
0x17720xb59	0xb590x1772	0
0x17700x517	0x5170x1770	0
0x17700x553	0x5530x1770	0
0x17700x69f	0x69f0x1770	0
0x17700x8c0	0x8c00x1770	0
0x17700x97b	0x97b0x1770	0
0x17700xb59	0xb590x1770	0
0x176c0x517	0x5170x176c	0
0x176c0x553	0x5530x176c	0
0x176c0x69f	0x69f0x176c	0
0x176c0x8c0	0x8c00x176c	0
0x176c0x97b	0x97b0x176c	0
0x176c0xb59	0xb590x176c	0
0x17610x517	0x5170x1761	0
0x17610x553	0x5530x1761	0
0x17610x69f	0x69f0x1761	0
0x17610x8c0	0x8c00x1761	0
0x17610x97b	0x97b0x1761	0
0x17610xb59	0xb590x1761	0
0x175e0x517	0x5170x175e	0
0x175e0x553	0x5530x175e	0
0x175e0x69f	0x69f0x175e	0
0x175e0x8c0	0x8c00x175e	0
0x175e0x97b	0x97b0x175e	0
0x175e0xb59	0xb590x175e	0
0x175d0x517	0x5170x175d	0
0x175d0x553	0x5530x175d	0
0x175d0x69f	0x69f0x175d	0
0x175d0x8c0	0x8c00x175d	0
0x175d0x97b	0x97b0x175d	0
0x175d0xb59	0xb590x175d	0
0x175a0x517	0x5170x175a	0
0x175a0x553	0x5530x175a	0
0x175a0x69f	0x69f0x175a	0
0x175a0x8c0	0x8c00x175a	0
0x175a0x97b	0x97b0x175a	0
0x175a0xb59	0xb590x175a	0
0x17590x517	0x5170x1759	0
0x17590x553	0x5530x1759	0
0x17590x69f	0x69f0x1759	0
0x17590x8c0	0x8c00x1759	0
0x17590x97b	0x97b0x1759	0
0x17590xb59	0xb590x1759	0
0x17570x517	0x5170x1757	0
0x17570x553	0x5530x1757	0
0x17570x69f	0x69f0x1757	0
0x17570x8c0	0x8c00x1757	0
0x17570x97b	0x97b0x1757	0
0x17570xb59	0xb590x1757	0
0x17550x517	0x5170x1755	0
0x17550x553	0x5530x1755	0
0x17550x69f	0x69f0x1755	0
0x17550x8c0	0x8c00x1755	0
0x17550x97b	0x97b0x1755	0
0x17550xb59	0xb590x1755	0
0x17540x517	0x5170x1754	0
0x17540x553	0x5530x1754	0
0x17540x69f	0x69f0x1754	0
0x17540x8c0	0x8c00x1754	0
0x17540x97b	0x97b0x1754	0
0x17540xb59	0xb590x1754	0
0x17510x517	0x5170x1751	0
0x17510x553	0x5530x1751	0
0x17510x69f	0x69f0x1751	0
0x17510x8c0	0x8c00x1751	0
0x17510x97b	0x97b0x1751	0
0x17510xb59	0xb590x1751	0
0x17500x517	0x5170x1750	0
0x17500x553	0x5530x1750	0
0x17500x69f	0x69f0x1750	0
0x17500x8c0	0x8c00x1750	0
0x17500x97b	0x97b0x1750	0
0x17500xb59	0xb590x1750	0
0x174e0x517	0x5170x174e	0
0x174e0x553	0x5530x174e	0
0x174e0x69f	0x69f0x174e	0
0x174e0x8c0	0x8c00x174e	0
0x174e0x97b	0x97b0x174e	0
0x174e0xb59	0xb590x174e	0
0x174b0x517	0x5170x174b	0
0x174b0x553	0x5530x174b	0
0x174b0x69f	0x69f0x174b	0
0x174b0x8c0	0x8c00x174b	0
0x174b0x97b	0x97b0x174b	0
0x174b0xb59	0xb590x174b	0
0x17450x517	0x5170x1745	0
0x17450x553	0x5530x1745	0
0x17450x69f	0x69f0x1745	0
0x17450x8c0	0x8c00x1745	0
0x17450x97b	0x97b0x1745	0
0x17450xb59	0xb590x1745	0
0x17430x517	0x5170x1743	0
0x17430x553	0x5530x1743	0
0x17430x69f	0x69f0x1743	0
0x17430x8c0	0x8c00x1743	0
0x17430x97b	0x97b0x1743	0
0x17430xb59	0xb590x1743	0
0x173f0x517	0x5170x173f	0
0x173f0x553	0x5530x173f	0
0x173f0x69f	0x69f0x173f	0
0x173f0x8c0	0x8c00x173f	0
0x173f0x97b	0x97b0x173f	0
0x173f0xb59	0xb590x173f	0
0x173d0x517	0x5170x173d	0
0x173d0x553	0x5530x173d	0
0x173d0x69f	0x69f0x173d	0
0x173d0x8c0	0x8c00x173d	0
0x173d0x97b	0x97b0x173d	0
0x173d0xb59	0xb590x173d	0
0x171a0x517	0x5170x171a	0
0x171a0x553	0x5530x171a	0
0x171a0x69f	0x69f0x171a	0
0x171a0x8c0	0x8c00x171a	0
0x171a0x97b	0x97b0x171a	0
0x171a0xb59	0xb590x171a	0
0x17170x517	0x5170x1717	0
0x17170x553	0x5530x1717	0
0x17170x69f	0x69f0x1717	0
0x17170x8c0	0x8c00x1717	0
0x17170x97b	0x97b0x1717	0
0x17170xb59	0xb590x1717	0
0x17110x517	0x5170x1711	0
0x17110x553	0x5530x1711	0
0x17110x69f	0x69f0x1711	0
0x17110x8c0	0x8c00x1711	0
0x17110x97b	0x97b0x1711	0
0x17110xb59	0xb590x1711	0
0x170e0x517	0x5170x170e	0
0x170e0x553	0x5530x170e	0
0x170e0x69f	0x69f0x170e	0
0x170e0x8c0	0x8c00x170e	0
0x170e0x97b	0x97b0x170e	0
0x170e0xb59	0xb590x170e	0
0x16fc0x517	0x5170x16fc	0
0x16fc0x553	0x5530x16fc	0
0x16fc0x69f	0x69f0x16fc	0
0x16fc0x8c0	0x8c00x16fc	0
0x16fc0x97b	0x97b0x16fc	0
0x16fc0xb59	0xb590x16fc	0
0x16fa0x517	0x5170x16fa	0
0x16fa0x553	0x5530x16fa	0
0x16fa0x69f	0x69f0x16fa	0
0x16fa0x8c0	0x8c00x16fa	0
0x16fa0x97b	0x97b0x16fa	0
0x16fa0xb59	0xb590x16fa	0
0x16f60x517	0x5170x16f6	0
0x16f60x553	0x5530x16f6	0
0x16f60x69f	0x69f0x16f6	0
0x16f60x8c0	0x8c00x16f6	0
0x16f60x97b	0x97b0x16f6	0
0x16f60xb59	0xb590x16f6	0
0x16d50x517	0x5170x16d5	0
0x16d50x553	0x5530x16d5	0
0x16d50x69f	0x69f0x16d5	0
0x16d50x8c0	0x8c00x16d5	0
0x16d50x97b	0x97b0x16d5	0
0x16d50xb59	0xb590x16d5	0
0x16d40x517	0x5170x16d4	0
0x16d40x553	0x5530x16d4	0
0x16d40x69f	0x69f0x16d4	0
0x16d40x8c0	0x8c00x16d4	0
0x16d40x97b	0x97b0x16d4	0
0x16d40xb59	0xb590x16d4	0
0x16b70x517	0x5170x16b7	0
0x16b70x553	0x5530x16b7	0
0x16b70x69f	0x69f0x16b7	0
0x16b70x8c0	0x8c00x16b7	0
0x16b70x97b	0x97b0x16b7	0
0x16b70xb59	0xb590x16b7	0
0x16b60x517	0x5170x16b6	0
0x16b60x553	0x5530x16b6	0
0x16b60x69f	0x69f0x16b6	0
0x16b60x8c0	0x8c00x16b6	0
0x16b60x97b	0x97b0x16b6	0
0x16b60xb59	0xb590x16b6	0
0x16b40x517	0x5170x16b4	0
0x16b40x553	0x5530x16b4	0
0x16b40x69f	0x69f0x16b4	0
0x16b40x8c0	0x8c00x16b4	0
0x16b40x97b	0x97b0x16b4	0
0x16b40xb59	0xb590x16b4	0
0x16b10x517	0x5170x16b1	0
0x16b10x553	0x5530x16b1	0
0x16b10x69f	0x69f0x16b1	0
0x16b10x8c0	0x8c00x16b1	0
0x16b10x97b	0x97b0x16b1	0
0x16b10xb59	0xb590x16b1	0
0x16ab0x517	0x5170x16ab	0
0x16ab0x553	0x5530x16ab	0
0x16ab0x69f	0x69f0x16ab	0
0x16ab0x8c0	0x8c00x16ab	0
0x16ab0x97b	0x97b0x16ab	0
0x16ab0xb59	0xb590x16ab	0
0x16a80x517	0x5170x16a8	0
0x16a80x553	0x5530x16a8	0
0x16a80x69f	0x69f0x16a8	0
0x16a80x8c0	0x8c00x16a8	0
0x16a80x97b	0x97b0x16a8	0
0x16a80xb59	0xb590x16a8	0
0x16a50x517	0x5170x16a5	0
0x16a50x553	0x5530x16a5	0
0x16a50x69f	0x69f0x16a5	0
0x16a50x8c0	0x8c00x16a5	0
0x16a50x97b	0x97b0x16a5	0
0x16a50xb59	0xb590x16a5	0
0x16a20x517	0x5170x16a2	0
0x16a20x553	0x5530x16a2	0
0x16a20x69f	0x69f0x16a2	0
0x16a20x8c0	0x8c00x16a2	0
0x16a20x97b	0x97b0x16a2	0
0x16a20xb59	0xb590x16a2	0
0x167f0x517	0x5170x167f	0
0x167f0x553	0x5530x167f	0
0x167f0x69f	0x69f0x167f	0
0x167f0x8c0	0x8c00x167f	0
0x167f0x97b	0x97b0x167f	0
0x167f0xb59	0xb590x167f	0
0x167e0x517	0x5170x167e	0
0x167e0x553	0x5530x167e	0
0x167e0x69f	0x69f0x167e	0
0x167e0x8c0	0x8c00x167e	0
0x167e0x97b	0x97b0x167e	0
0x167e0xb59	0xb590x167e	0
0x167a0x517	0x5170x167a	0
0x167a0x553	0x5530x167a	0
0x167a0x69f	0x69f0x167a	0
0x167a0x8c0	0x8c00x167a	0
0x167a0x97b	0x97b0x167a	0
0x167a0xb59	0xb590x167a	0
0x16790x517	0x5170x1679	0
0x16790x553	0x5530x1679	0
0x16790x69f	0x69f0x1679	0
0x16790x8c0	0x8c00x1679	0
0x16790x97b	0x97b0x1679	0
0x16790xb59	0xb590x1679	0
0x16760x517	0x5170x1676	0
0x16760x553	0x5530x1676	0
0x16760x69f	0x69f0x1676	0
0x16760x8c0	0x8c00x1676	0
0x16760x97b	0x97b0x1676	0
0x16760xb59	0xb590x1676	0
0x16740x517	0x5170x1674	0
0x16740x553	0x5530x1674	0
0x16740x69f	0x69f0x1674	0
0x16740x8c0	0x8c00x1674	0
0x16740x97b	0x97b0x1674	0
0x16740xb59	0xb590x1674	0
0x16700x517	0x5170x1670	0
0x16700x553	0x5530x1670	0
0x16700x69f	0x69f0x1670	0
0x16700x8c0	0x8c00x1670	0
0x16700x97b	0x97b0x1670	0
0x16700xb59	0xb590x1670	0
0x16690x517	0x5170x1669	0
0x16690x553	0x5530x1669	0
0x16690x69f	0x69f0x1669	0
0x16690x8c0	0x8c00x1669	0
0x16690x97b	0x97b0x1669	0
0x16690xb59	0xb590x1669	0
0x16670x517	0x5170x1667	0
0x16670x553	0x5530x1667	0
0x16670x69f	0x69f0x1667	0
0x16670x8c0	0x8c00x1667	0
0x16670x97b	0x97b0x1667	0
0x16670xb59	0xb590x1667	0
0x165e0x517	0x5170x165e	0
0x165e0x553	0x5530x165e	0
0x165e0x69f	0x69f0x165e	0
0x165e0x8c0	0x8c00x165e	0
0x165e0x97b	0x97b0x165e	0
0x165e0xb59	0xb590x165e	0
0x165b0x517	0x5170x165b	0
0x165b0x553	0x5530x165b	0
0x165b0x69f	0x69f0x165b	0
0x165b0x8c0	0x8c00x165b	0
0x165b0x97b	0x97b0x165b	0
0x165b0xb59	0xb590x165b	0
0x16590x517	0x5170x1659	0
0x16590x553	0x5530x1659	0
0x16590x69f	0x69f0x1659	0
0x16590x8c0	0x8c00x1659	0
0x16590x97b	0x97b0x1659	0
0x16590xb59	0xb590x1659	0
0x16560x517	0x5170x1656	0
0x16560x553	0x5530x1656	0
0x16560x69f	0x69f0x1656	0
0x16560x8c0	0x8c00x1656	0
0x16560x97b	0x97b0x1656	0
0x16560xb59	0xb590x1656	0
0x16540x517	0x5170x1654	0
0x16540x553	0x5530x1654	0
0x16540x69f	0x69f0x1654	0
0x16540x8c0	0x8c00x1654	0
0x16540x97b	0x97b0x1654	0
0x16540xb59	0xb590x1654	0
0x16530x517	0x5170x1653	0
0x16530x553	0x5530x1653	0
0x16530x69f	0x69f0x1653	0
0x16530x8c0	0x8c00x1653	0
0x16530x97b	0x97b0x1653	0
0x16530xb59	0xb590x1653	0
0x16510x517	0x5170x1651	0
0x16510x553	0x5530x1651	0
0x16510x69f	0x69f0x1651	0
0x16510x8c0	0x8c00x1651	0
0x16510x97b	0x97b0x1651	0
0x16510xb59	0xb590x1651	0
0x16500x517	0x5170x1650	0
0x16500x553	0x5530x1650	0
0x16500x69f	0x69f0x1650	0
0x16500x8c0	0x8c00x1650	0
0x16500x97b	0x97b0x1650	0
0x16500xb59	0xb590x1650	0
0x164e0x517	0x5170x164e	0
0x164e0x553	0x5530x164e	0
0x164e0x69f	0x69f0x164e	0
0x164e0x8c0	0x8c00x164e	0
0x164e0x97b	0x97b0x164e	0
0x164e0xb59	0xb590x164e	0
0x164d0x517	0x5170x164d	0
0x164d0x553	0x5530x164d	0
0x164d0x69f	0x69f0x164d	0
0x164d0x8c0	0x8c00x164d	0
0x164d0x97b	0x97b0x164d	0
0x164d0xb59	0xb590x164d	0
0x16380x517	0x5170x1638	0
0x16380x553	0x5530x1638	0
0x16380x69f	0x69f0x1638	0
0x16380x8c0	0x8c00x1638	0
0x16380x97b	0x97b0x1638	0
0x16380xb59	0xb590x1638	0
0x16370x517	0x5170x1637	0
0x16370x553	0x5530x1637	0
0x16370x69f	0x69f0x1637	0
0x16370x8c0	0x8c00x1637	0
0x16370x97b	0x97b0x1637	0
0x16370xb59	0xb590x1637	0
0x16350x517	0x5170x1635	0
0x16350x553	0x5530x1635	0
0x16350x69f	0x69f0x1635	0
0x16350x8c0	0x8c00x1635	0
0x16350x97b	0x97b0x1635	0
0x16350xb59	0xb590x1635	0
0x16330x517	0x5170x1633	0
0x16330x553	0x5530x1633	0
0x16330x69f	0x69f0x1633	0
0x16330x8c0	0x8c00x1633	0
0x16330x97b	0x97b0x1633	0
0x16330xb59	0xb590x1633	0
0x14170x97b	0x97b0x1417	0
0x14170xb59	0xb590x1417	0
0x14150x97b	0x97b0x1415	0
0x14150xb59	0xb590x1415	0
0xe330x5e5	0x5e50xe33	0
0xe330x9c1	0x9c10xe33	0
0xe310x5e5	0x5e50xe31	0
0xe310x9c1	0x9c10xe31	0
0xdb70x517	0x5170xdb7	0
0xdb70x69f	0x69f0xdb7	0
0xdb70x8c0	0x8c00xdb7	0
0xdb50x517	0x5170xdb5	0
0xdb50x69f	0x69f0xdb5	0
0xdb50x8c0	0x8c00xdb5	0
0xd990x40a	0x40a0xd99	0
0xd990x7e9	0x7e90xd99	0
0xd970x40a	0x40a0xd97	0
0xd970x7e9	0x7e90xd97	0
0xd820x40a	0x40a0xd82	0
0xd820x7e9	0x7e90xd82	0
0xd7b0x40a	0x40a0xd7b	0
0xd7b0x7e9	0x7e90xd7b	0
0xd7a0x40a	0x40a0xd7a	0
0xd7a0x7e9	0x7e90xd7a	0
0xd780x40a	0x40a0xd78	0
0xd780x7e9	0x7e90xd78	0
0xd6d0xccc	0xccc0xd6d	0
0xd6d0x144c	0x144c0xd6d	0
0xd6b0xccc	0xccc0xd6b	0
0xd6b0x144c	0x144c0xd6b	0
0xd690xccc	0xccc0xd69	0
0xd690x144c	0x144c0xd69	0
0xd680xccc	0xccc0xd68	0
0xd680x144c	0x144c0xd68	0
0xd610xccc	0xccc0xd61	0
0xd610x144c	0x144c0xd61	0
0xd5e0xccc	0xccc0xd5e	0
0xd5e0x144c	0x144c0xd5e	0
0xd5c0xccc	0xccc0xd5c	0
0xd5c0x144c	0x144c0xd5c	0
0xd5a0xccc	0xccc0xd5a	0
0xd5a0x144c	0x144c0xd5a	0
0xd580xccc	0xccc0xd58	0
0xd580x144c	0x144c0xd58	0
0xd540xccc	0xccc0xd54	0
0xd540x144c	0x144c0xd54	0
0xd500xccc	0xccc0xd50	0
0xd500x144c	0x144c0xd50	0
0xd4e0xccc	0xccc0xd4e	0
0xd4e0x144c	0x144c0xd4e	0
0xd4c0xccc	0xccc0xd4c	0
0xd4c0x144c	0x144c0xd4c	0
0xd490xccc	0xccc0xd49	0
0xd490x144c	0x144c0xd49	0
0xd460xccc	0xccc0xd46	0
0xd460x144c	0x144c0xd46	0
0xcc50x31e	0x31e0xcc5	0
0xcc50x4bd	0x4bd0xcc5	0
0xcc50x5e5	0x5e50xcc5	0
0xcc50x792	0x7920xcc5	0
0xcc50x7d4	0x7d40xcc5	0
0xcc50x9c1	0x9c10xcc5	0
0xcc50xa8d	0xa8d0xcc5	0
0xcc50xaee	0xaee0xcc5	0
0xcc00x31e	0x31e0xcc0	0
0xcc00x4bd	0x4bd0xcc0	0
0xcc00x5e5	0x5e50xcc0	0
0xcc00x792	0x7920xcc0	0
0xcc00x7d4	0x7d40xcc0	0
0xcc00x9c1	0x9c10xcc0	0
0xcc00xa8d	0xa8d0xcc0	0
0xcc00xaee	0xaee0xcc0	0
0xcba0x31e	0x31e0xcba	0
0xcba0x4bd	0x4bd0xcba	0
0xcba0x5e5	0x5e50xcba	0
0xcba0x792	0x7920xcba	0
0xcba0x7d4	0x7d40xcba	0
0xcba0x9c1	0x9c10xcba	0
0xcba0xa8d	0xa8d0xcba	0
0xcba0xaee	0xaee0xcba	0
0xcb90x31e	0x31e0xcb9	0
0xcb90x4bd	0x4bd0xcb9	0
0xcb90x5e5	0x5e50xcb9	0
0xcb90x792	0x7920xcb9	0
0xcb90x7d4	0x7d40xcb9	0
0xcb90x9c1	0x9c10xcb9	0
0xcb90xa8d	0xa8d0xcb9	0
0xcb90xaee	0xaee0xcb9	0
0xcb80x31e	0x31e0xcb8	0
0xcb80x4bd	0x4bd0xcb8	0
0xcb80x5e5	0x5e50xcb8	0
0xcb80x792	0x7920xcb8	0
0xcb80x7d4	0x7d40xcb8	0
0xcb80x9c1	0x9c10xcb8	0
0xcb80xa8d	0xa8d0xcb8	0
0xcb80xaee	0xaee0xcb8	0
0xcb60x31e	0x31e0xcb6	0
0xcb60x4bd	0x4bd0xcb6	0
0xcb60x5e5	0x5e50xcb6	0
0xcb60x792	0x7920xcb6	0
0xcb60x7d4	0x7d40xcb6	0
0xcb60x9c1	0x9c10xcb6	0
0xcb60xa8d	0xa8d0xcb6	0
0xcb60xaee	0xaee0xcb6	0
0xcad0x31e	0x31e0xcad	0
0xcad0x4bd	0x4bd0xcad	0
0xcad0x5e5	0x5e50xcad	0
0xcad0x792	0x7920xcad	0
0xcad0x7d4	0x7d40xcad	0
0xcad0x9c1	0x9c10xcad	0
0xcad0xa8d	0xa8d0xcad	0
0xcad0xaee	0xaee0xcad	0
0xca60x31e	0x31e0xca6	0
0xca60x4bd	0x4bd0xca6	0
0xca60x5e5	0x5e50xca6	0
0xca60x792	0x7920xca6	0
0xca60x7d4	0x7d40xca6	0
0xca60x9c1	0x9c10xca6	0
0xca60xa8d	0xa8d0xca6	0
0xca60xaee	0xaee0xca6	0
0xca30x31e	0x31e0xca3	0
0xca30x4bd	0x4bd0xca3	0
0xca30x5e5	0x5e50xca3	0
0xca30x792	0x7920xca3	0
0xca30x7d4	0x7d40xca3	0
0xca30x9c1	0x9c10xca3	0
0xca30xa8d	0xa8d0xca3	0
0xca30xaee	0xaee0xca3	0
0xca10x31e	0x31e0xca1	0
0xca10x4bd	0x4bd0xca1	0
0xca10x5e5	0x5e50xca1	0
0xca10x792	0x7920xca1	0
0xca10x7d4	0x7d40xca1	0
0xca10x9c1	0x9c10xca1	0
0xca10xa8d	0xa8d0xca1	0
0xca10xaee	0xaee0xca1	0
0xca00x31e	0x31e0xca0	0
0xca00x4bd	0x4bd0xca0	0
0xca00x5e5	0x5e50xca0	0
0xca00x792	0x7920xca0	0
0xca00x7d4	0x7d40xca0	0
0xca00x9c1	0x9c10xca0	0
0xca00xa8d	0xa8d0xca0	0
0xca00xaee	0xaee0xca0	0
0xc9d0x31e	0x31e0xc9d	0
0xc9d0x4bd	0x4bd0xc9d	0
0xc9d0x5e5	0x5e50xc9d	0
0xc9d0x792	0x7920xc9d	0
0xc9d0x7d4	0x7d40xc9d	0
0xc9d0x9c1	0x9c10xc9d	0
0xc9d0xa8d	0xa8d0xc9d	0
0xc9d0xaee	0xaee0xc9d	0
0xc9a0x31e	0x31e0xc9a	0
0xc9a0x4bd	0x4bd0xc9a	0
0xc9a0x5e5	0x5e50xc9a	0
0xc9a0x792	0x7920xc9a	0
0xc9a0x7d4	0x7d40xc9a	0
0xc9a0x9c1	0x9c10xc9a	0
0xc9a0xa8d	0xa8d0xc9a	0
0xc9a0xaee	0xaee0xc9a	0
0xc990x31e	0x31e0xc99	0
0xc990x4bd	0x4bd0xc99	0
0xc990x5e5	0x5e50xc99	0
0xc990x792	0x7920xc99	0
0xc990x7d4	0x7d40xc99	0
0xc990x9c1	0x9c10xc99	0
0xc990xa8d	0xa8d0xc99	0
0xc990xaee	0xaee0xc99	0
0xc970x31e	0x31e0xc97	0
0xc970x4bd	0x4bd0xc97	0
0xc970x5e5	0x5e50xc97	0
0xc970x792	0x7920xc97	0
0xc970x7d4	0x7d40xc97	0
0xc970x9c1	0x9c10xc97	0
0xc970xa8d	0xa8d0xc97	0
0xc970xaee	0xaee0xc97	0
0xc960x31e	0x31e0xc96	0
0xc960x4bd	0x4bd0xc96	0
0xc960x5e5	0x5e50xc96	0
0xc960x792	0x7920xc96	0
0xc960x7d4	0x7d40xc96	0
0xc960x9c1	0x9c10xc96	0
0xc960xa8d	0xa8d0xc96	0
0xc960xaee	0xaee0xc96	0
0xc950x31e	0x31e0xc95	0
0xc950x4bd	0x4bd0xc95	0
0xc950x5e5	0x5e50xc95	0
0xc950x792	0x7920xc95	0
0xc950x7d4	0x7d40xc95	0
0xc950x9c1	0x9c10xc95	0
0xc950xa8d	0xa8d0xc95	0
0xc950xaee	0xaee0xc95	0
0xc930x31e	0x31e0xc93	0
0xc930x4bd	0x4bd0xc93	0
0xc930x5e5	0x5e50xc93	0
0xc930x792	0x7920xc93	0
0xc930x7d4	0x7d40xc93	0
0xc930x9c1	0x9c10xc93	0
0xc930xa8d	0xa8d0xc93	0
0xc930xaee	0xaee0xc93	0
0xc920x31e	0x31e0xc92	0
0xc920x4bd	0x4bd0xc92	0
0xc920x5e5	0x5e50xc92	0
0xc920x792	0x7920xc92	0
0xc920x7d4	0x7d40xc92	0
0xc920x9c1	0x9c10xc92	0
0xc920xa8d	0xa8d0xc92	0
0xc920xaee	0xaee0xc92	0
0xc900x31e	0x31e0xc90	0
0xc900x4bd	0x4bd0xc90	0
0xc900x5e5	0x5e50xc90	0
0xc900x792	0x7920xc90	0
0xc900x7d4	0x7d40xc90	0
0xc900x9c1	0x9c10xc90	0
0xc900xa8d	0xa8d0xc90	0
0xc900xaee	0xaee0xc90	0
0xc8d0x31e	0x31e0xc8d	0
0xc8d0x4bd	0x4bd0xc8d	0
0xc8d0x5e5	0x5e50xc8d	0
0xc8d0x792	0x7920xc8d	0
0xc8d0x7d4	0x7d40xc8d	0
0xc8d0x9c1	0x9c10xc8d	0
0xc8d0xa8d	0xa8d0xc8d	0
0xc8d0xaee	0xaee0xc8d	0
0xc8b0x31e	0x31e0xc8b	0
0xc8b0x4bd	0x4bd0xc8b	0
0xc8b0x5e5	0x5e50xc8b	0
0xc8b0x792	0x7920xc8b	0
0xc8b0x7d4	0x7d40xc8b	0
0xc8b0x9c1	0x9c10xc8b	0
0xc8b0xa8d	0xa8d0xc8b	0
0xc8b0xaee	0xaee0xc8b	0
0xc860x31e	0x31e0xc86	0
0xc860x4bd	0x4bd0xc86	0
0xc860x5e5	0x5e50xc86	0
0xc860x792	0x7920xc86	0
0xc860x7d4	0x7d40xc86	0
0xc860x9c1	0x9c10xc86	0
0xc860xa8d	0xa8d0xc86	0
0xc860xaee	0xaee0xc86	0
0xc830x31e	0x31e0xc83	0
0xc830x4bd	0x4bd0xc83	0
0xc830x5e5	0x5e50xc83	0
0xc830x792	0x7920xc83	0
0xc830x7d4	0x7d40xc83	0
0xc830x9c1	0x9c10xc83	0
0xc830xa8d	0xa8d0xc83	0
0xc830xaee	0xaee0xc83	0
0xc810x31e	0x31e0xc81	0
0xc810x4bd	0x4bd0xc81	0
0xc810x5e5	0x5e50xc81	0
0xc810x792	0x7920xc81	0
0xc810x7d4	0x7d40xc81	0
0xc810x9c1	0x9c10xc81	0
0xc810xa8d	0xa8d0xc81	0
0xc810xaee	0xaee0xc81	0
0xc7d0x31e	0x31e0xc7d	0
0xc7d0x4bd	0x4bd0xc7d	0
0xc7d0x5e5	0x5e50xc7d	0
0xc7d0x792	0x7920xc7d	0
0xc7d0x7d4	0x7d40xc7d	0
0xc7d0x9c1	0x9c10xc7d	0
0xc7d0xa8d	0xa8d0xc7d	0
0xc7d0xaee	0xaee0xc7d	0
0xc7c0x31e	0x31e0xc7c	0
0xc7c0x4bd	0x4bd0xc7c	0
0xc7c0x5e5	0x5e50xc7c	0
0xc7c0x792	0x7920xc7c	0
0xc7c0x7d4	0x7d40xc7c	0
0xc7c0x9c1	0x9c10xc7c	0
0xc7c0xa8d	0xa8d0xc7c	0
0xc7c0xaee	0xaee0xc7c	0
0xc790x31e	0x31e0xc79	0
0xc790x4bd	0x4bd0xc79	0
0xc790x5e5	0x5e50xc79	0
0xc790x792	0x7920xc79	0
0xc790x7d4	0x7d40xc79	0
0xc790x9c1	0x9c10xc79	0
0xc790xa8d	0xa8d0xc79	0
0xc790xaee	0xaee0xc79	0
0xc6f0x31e	0x31e0xc6f	0
0xc6f0x4bd	0x4bd0xc6f	0
0xc6f0x5e5	0x5e50xc6f	0
0xc6f0x792	0x7920xc6f	0
0xc6f0x7d4	0x7d40xc6f	0
0xc6f0x9c1	0x9c10xc6f	0
0xc6f0xa8d	0xa8d0xc6f	0
0xc6f0xaee	0xaee0xc6f	0
0xc6c0x31e	0x31e0xc6c	0
0xc6c0x4bd	0x4bd0xc6c	0
0xc6c0x5e5	0x5e50xc6c	0
0xc6c0x792	0x7920xc6c	0
0xc6c0x7d4	0x7d40xc6c	0
0xc6c0x9c1	0x9c10xc6c	0
0xc6c0xa8d	0xa8d0xc6c	0
0xc6c0xaee	0xaee0xc6c	0
0xc6a0x31e	0x31e0xc6a	0
0xc6a0x4bd	0x4bd0xc6a	0
0xc6a0x5e5	0x5e50xc6a	0
0xc6a0x792	0x7920xc6a	0
0xc6a0x7d4	0x7d40xc6a	0
0xc6a0x9c1	0x9c10xc6a	0
0xc6a0xa8d	0xa8d0xc6a	0
0xc6a0xaee	0xaee0xc6a	0
0xc680x31e	0x31e0xc68	0
0xc680x4bd	0x4bd0xc68	0
0xc680x5e5	0x5e50xc68	0
0xc680x792	0x7920xc68	0
0xc680x7d4	0x7d40xc68	0
0xc680x9c1	0x9c10xc68	0
0xc680xa8d	0xa8d0xc68	0
0xc680xaee	0xaee0xc68	0
0xc5f0x31e	0x31e0xc5f	0
0xc5f0x4bd	0x4bd0xc5f	0
0xc5f0x5e5	0x5e50xc5f	0
0xc5f0x792	0x7920xc5f	0
0xc5f0x7d4	0x7d40xc5f	0
0xc5f0x9c1	0x9c10xc5f	0
0xc5f0xa8d	0xa8d0xc5f	0
0xc5f0xaee	0xaee0xc5f	0
0xc5b0x31e	0x31e0xc5b	0
0xc5b0x4bd	0x4bd0xc5b	0
0xc5b0x5e5	0x5e50xc5b	0
0xc5b0x792	0x7920xc5b	0
0xc5b0x7d4	0x7d40xc5b	0
0xc5b0x9c1	0x9c10xc5b	0
0xc5b0xa8d	0xa8d0xc5b	0
0xc5b0xaee	0xaee0xc5b	0
0xc440x31e	0x31e0xc44	0
0xc440x4bd	0x4bd0xc44	0
0xc440x5e5	0x5e50xc44	0
0xc440x792	0x7920xc44	0
0xc440x7d4	0x7d40xc44	0
0xc440x9c1	0x9c10xc44	0
0xc440xa8d	0xa8d0xc44	0
0xc440xaee	0xaee0xc44	0
0xc410x31e	0x31e0xc41	0
0xc410x4bd	0x4bd0xc41	0
0xc410x5e5	0x5e50xc41	0
0xc410x792	0x7920xc41	0
0xc410x7d4	0x7d40xc41	0
0xc410x9c1	0x9c10xc41	0
0xc410xa8d	0xa8d0xc41	0
0xc410xaee	0xaee0xc41	0
0xc3e0x31e	0x31e0xc3e	0
0xc3e0x4bd	0x4bd0xc3e	0
0xc3e0x5e5	0x5e50xc3e	0
0xc3e0x792	0x7920xc3e	0
0xc3e0x7d4	0x7d40xc3e	0
0xc3e0x9c1	0x9c10xc3e	0
0xc3e0xa8d	0xa8d0xc3e	0
0xc3e0xaee	0xaee0xc3e	0
0xc3d0x31e	0x31e0xc3d	0
0xc3d0x4bd	0x4bd0xc3d	0
0xc3d0x5e5	0x5e50xc3d	0
0xc3d0x792	0x7920xc3d	0
0xc3d0x7d4	0x7d40xc3d	0
0xc3d0x9c1	0x9c10xc3d	0
0xc3d0xa8d	0xa8d0xc3d	0
0xc3d0xaee	0xaee0xc3d	0
0xc3b0x31e	0x31e0xc3b	0
0xc3b0x4bd	0x4bd0xc3b	0
0xc3b0x5e5	0x5e50xc3b	0
0xc3b0x792	0x7920xc3b	0
0xc3b0x7d4	0x7d40xc3b	0
0xc3b0x9c1	0x9c10xc3b	0
0xc3b0xa8d	0xa8d0xc3b	0
0xc3b0xaee	0xaee0xc3b	0
0xc3a0x31e	0x31e0xc3a	0
0xc3a0x4bd	0x4bd0xc3a	0
0xc3a0x5e5	0x5e50xc3a	0
0xc3a0x792	0x7920xc3a	0
0xc3a0x7d4	0x7d40xc3a	0
0xc3a0x9c1	0x9c10xc3a	0
0xc3a0xa8d	0xa8d0xc3a	0
0xc3a0xaee	0xaee0xc3a	0
0xc380x31e	0x31e0xc38	0
0xc380x4bd	0x4bd0xc38	0
0xc380x5e5	0x5e50xc38	0
0xc380x792	0x7920xc38	0
0xc380x7d4	0x7d40xc38	0
0xc380x9c1	0x9c10xc38	0
0xc380xa8d	0xa8d0xc38	0
0xc380xaee	0xaee0xc38	0
0x6da0x69f	0x69f0x6da	0
0x6da0x8c0	0x8c00x6da	0
0x6c50x69f	0x69f0x6c5	0
0x6c50x8c0	0x8c00x6c5	0
0x6c40x69f	0x69f0x6c4	0
0x6c40x8c0	0x8c00x6c4	0
0x4070x380	0x3800x407	0
0x4070x40a	0x40a0x407	0
0x4070x6df	0x6df0x407	0
0x4070xa4e	0xa4e0x407	0
0x4040x380	0x3800x404	0
0x4040x40a	0x40a0x404	0
0x4040x6df	0x6df0x404	0
0x4040xa4e	0xa4e0x404	0
0x4020x380	0x3800x402	0
0x4020x40a	0x40a0x402	0
0x4020x6df	0x6df0x402	0
0x4020xa4e	0xa4e0x402	0
0x3f90x380	0x3800x3f9	0
0x3f90x40a	0x40a0x3f9	0
0x3f90x6df	0x6df0x3f9	0
0x3f90xa4e	0xa4e0x3f9	0
0x3f70x380	0x3800x3f7	0
0x3f70x40a	0x40a0x3f7	0
0x3f70x6df	0x6df0x3f7	0
0x3f70xa4e	0xa4e0x3f7	0
0x3f40x380	0x3800x3f4	0
0x3f40x40a	0x40a0x3f4	0
0x3f40x6df	0x6df0x3f4	0
0x3f40xa4e	0xa4e0x3f4	0
0x3f30x380	0x3800x3f3	0
0x3f30x40a	0x40a0x3f3	0
0x3f30x6df	0x6df0x3f3	0
0x3f30xa4e	0xa4e0x3f3	0
0x3f20x380	0x3800x3f2	0
0x3f20x40a	0x40a0x3f2	0
0x3f20x6df	0x6df0x3f2	0
0x3f20xa4e	0xa4e0x3f2	0
0x3f10x380	0x3800x3f1	0
0x3f10x40a	0x40a0x3f1	0
0x3f10x6df	0x6df0x3f1	0
0x3f10xa4e	0xa4e0x3f1	0
0x3ee0x380	0x3800x3ee	0
0x3ee0x40a	0x40a0x3ee	0
0x3ee0x6df	0x6df0x3ee	0
0x3ee0xa4e	0xa4e0x3ee	0
0x3ed0x380	0x3800x3ed	0
0x3ed0x40a	0x40a0x3ed	0
0x3ed0x6df	0x6df0x3ed	0
0x3ed0xa4e	0xa4e0x3ed	0
0x3eb0x380	0x3800x3eb	0
0x3eb0x40a	0x40a0x3eb	0
0x3eb0x6df	0x6df0x3eb	0
0x3eb0xa4e	0xa4e0x3eb	0
0x3e80x380	0x3800x3e8	0
0x3e80x40a	0x40a0x3e8	0
0x3e80x6df	0x6df0x3e8	0
0x3e80xa4e	0xa4e0x3e8	0
0x3e70x380	0x3800x3e7	0
0x3e70x40a	0x40a0x3e7	0
0x3e70x6df	0x6df0x3e7	0
0x3e70xa4e	0xa4e0x3e7	0
0x3e50x380	0x3800x3e5	0
0x3e50x40a	0x40a0x3e5	0
0x3e50x6df	0x6df0x3e5	0
0x3e50xa4e	0xa4e0x3e5	0
0x3de0x380	0x3800x3de	0
0x3de0x40a	0x40a0x3de	0
0x3de0x6df	0x6df0x3de	0
0x3de0xa4e	0xa4e0x3de	0
0x3dc0x380	0x3800x3dc	0
0x3dc0x40a	0x40a0x3dc	0
0x3dc0x6df	0x6df0x3dc	0
0x3dc0xa4e	0xa4e0x3dc	0
0x3da0x380	0x3800x3da	0
0x3da0x40a	0x40a0x3da	0
0x3da0x6df	0x6df0x3da	0
0x3da0xa4e	0xa4e0x3da	0
0x3d80x380	0x3800x3d8	0
0x3d80x40a	0x40a0x3d8	0
0x3d80x6df	0x6df0x3d8	0
0x3d80xa4e	0xa4e0x3d8	0
0x3ca0x380	0x3800x3ca	0
0x3ca0x40a	0x40a0x3ca	0
0x3ca0x6df	0x6df0x3ca	0
0x3ca0xa4e	0xa4e0x3ca	0
0x3c80x380	0x3800x3c8	0
0x3c80x40a	0x40a0x3c8	0
0x3c80x6df	0x6df0x3c8	0
0x3c80xa4e	0xa4e0x3c8	0
0x3c60x380	0x3800x3c6	0
0x3c60x40a	0x40a0x3c6	0
0x3c60x6df	0x6df0x3c6	0
0x3c60xa4e	0xa4e0x3c6	0
0x3c30x380	0x3800x3c3	0
0x3c30x40a	0x40a0x3c3	0
0x3c30x6df	0x6df0x3c3	0
0x3c30xa4e	0xa4e0x3c3	0
0x3c20x380	0x3800x3c2	0
0x3c20x40a	0x40a0x3c2	0
0x3c20x6df	0x6df0x3c2	0
0x3c20xa4e	0xa4e0x3c2	0
0x3bb0x380	0x3800x3bb	0
0x3bb0x40a	0x40a0x3bb	0
0x3bb0x6df	0x6df0x3bb	0
0x3bb0xa4e	0xa4e0x3bb	0
0x3ba0x380	0x3800x3ba	0
0x3ba0x40a	0x40a0x3ba	0
0x3ba0x6df	0x6df0x3ba	0
0x3ba0xa4e	0xa4e0x3ba	0
0x3b50x380	0x3800x3b5	0
0x3b50x40a	0x40a0x3b5	0
0x3b50x6df	0x6df0x3b5	0
0x3b50xa4e	0xa4e0x3b5	0
0x3b00x380	0x3800x3b0	0
0x3b00x40a	0x40a0x3b0	0
0x3b00x6df	0x6df0x3b0	0
0x3b00xa4e	0xa4e0x3b0	0
0x3ad0x380	0x3800x3ad	0
0x3ad0x40a	0x40a0x3ad	0
0x3ad0x6df	0x6df0x3ad	0
0x3ad0xa4e	0xa4e0x3ad	0
0x3a60x380	0x3800x3a6	0
0x3a60x40a	0x40a0x3a6	0
0x3a60x6df	0x6df0x3a6	0
0x3a60xa4e	0xa4e0x3a6	0
0x3a30x380	0x3800x3a3	0
0x3a30x40a	0x40a0x3a3	0
0x3a30x6df	0x6df0x3a3	0
0x3a30xa4e	0xa4e0x3a3	0
0x3a00x380	0x3800x3a0	0
0x3a00x40a	0x40a0x3a0	0
0x3a00x6df	0x6df0x3a0	0
0x3a00xa4e	0xa4e0x3a0	0
0x39a0x380	0x3800x39a	0
0x39a0x40a	0x40a0x39a	0
0x39a0x6df	0x6df0x39a	0
0x39a0xa4e	0xa4e0x39a	0
0x3990x380	0x3800x399	0
0x3990x40a	0x40a0x399	0
0x3990x6df	0x6df0x399	0
0x3990xa4e	0xa4e0x399	0
0x3960x380	0x3800x396	0
0x3960x40a	0x40a0x396	0
0x3960x6df	0x6df0x396	0
0x3960xa4e	0xa4e0x396	0
0xd78S0x11bc	0xd78V0x11bc	0
0xd7aS0x11bc	0xd7aV0x11bc	0
0xd7bS0x11bc	0xd7bV0x11bc	0
0xd7eS0x11bc	0xd7eV0x11bc	0
0xd82S0x11bc	0xd82V0x11bc	0
0xd97S0x11bc	0xd97V0x11bc	0
0xd99S0x11bc	0xd99V0x11bc	0
0xd9cS0x11bc	0xd9c_0x0V0x11bc	0
