0x5c
0x51dS0x0
0x54bS0x0
0x4d2S0x4fdS0x0
0x4d2S0x508S0x0
0x64bS0x5a2S0x0
0x64bS0x5c4S0x1dfS0x125S0x84
0x4a5S0x468S0x1dfS0x125S0x84
0x4adS0x468S0x1dfS0x125S0x84
