0x0	0x21
0x2a	0x42
