0x328
0x44e
