0xdb
0x161
0x1eb
0x250
0x287
0x2aa
0x2d3
0x3e0
0x4e8
0x5a5
0x5b8
0x693
0x6a7
0x8a5
0x980
0x993
0xadc
0xaf0
0xcee
