0x40	0xf851a440
0x0	0x80
0x1f	0x4f1ef286
0x2	0x40
0x5	0x4
0x9	0x4e
0xd	0x0
0x10	0xe0
0x14	0x3659cfe6
0x2a	0x5c60da1b
0x35	0x8f283970
0x4a	0x5d
0x50	0x5d
0x54	0x64c
0x57	0x191
0x5e	0x66d
0x61	0x191
0x69	0x71
0x6d	0x0
0x73	0x68e
0x76	0x4
0x7b	0x20
0x80	0x88
0x84	0x0
0x8b	0x1
0x8d	0x1
0x8f	0xa0
0x91	0x10000000000000000000000000000000000000000
0x92	0xffffffffffffffffffffffffffffffffffffffff
0x94	0x1ab
0x99	0x6af
0x9c	0x4
0xa1	0x40
0xa6	0xae
0xaa	0x0
0xaf	0x1
0xb1	0x1
0xb3	0xa0
0xb5	0x10000000000000000000000000000000000000000
0xb6	0xffffffffffffffffffffffffffffffffffffffff
0xbf	0x40
0xc2	0x44
0xc3	0x20
0xc6	0x24
0xc8	0x100000000
0xd1	0xd9
0xd5	0x0
0xdd	0x20
0xe3	0xeb
0xe7	0x0
0xef	0x20
0xf4	0x1
0xfb	0x100000000
0x105	0x10d
0x109	0x0
0x114	0x1e5
0x11c	0x124
0x120	0x0
0x126	0x6d0
0x129	0x292
0x14d	0x155
0x151	0x0
0x157	0x70b
0x15a	0x4
0x15f	0x20
0x164	0x16c
0x168	0x0
0x16f	0x1
0x171	0x1
0x173	0xa0
0x175	0x10000000000000000000000000000000000000000
0x176	0xffffffffffffffffffffffffffffffffffffffff
0x178	0x2cf
0x180	0x188
0x184	0x0
0x18a	0x72c
0x18d	0x389
0x1ac	0x1b3
0x1af	0x463
0x1b4	0x1
0x1b6	0x1
0x1b8	0xa0
0x1ba	0x10000000000000000000000000000000000000000
0x1bb	0xffffffffffffffffffffffffffffffffffffffff
0x1be	0x1
0x1c0	0x1
0x1c2	0xa0
0x1c4	0x10000000000000000000000000000000000000000
0x1c5	0xffffffffffffffffffffffffffffffffffffffff
0x1c9	0x1da
0x1cd	0x1d5
0x1d1	0x488
0x1e6	0x1ed
0x1e9	0x463
0x1ee	0x1
0x1f0	0x1
0x1f2	0xa0
0x1f4	0x10000000000000000000000000000000000000000
0x1f5	0xffffffffffffffffffffffffffffffffffffffff
0x1f8	0x1
0x1fa	0x1
0x1fc	0xa0
0x1fe	0x10000000000000000000000000000000000000000
0x1ff	0xffffffffffffffffffffffffffffffffffffffff
0x203	0x285
0x207	0x20f
0x20b	0x488
0x210	0x0
0x213	0x1
0x215	0x1
0x217	0xa0
0x219	0x10000000000000000000000000000000000000000
0x21a	0xffffffffffffffffffffffffffffffffffffffff
0x21e	0x40
0x228	0x40
0x22f	0x0
0x243	0x0
0x247	0x26c
0x24b	0x40
0x250	0x1f
0x252	0xffffffffffffffffffffffffffffffffffffffffffffffffffffffffffffffe0
0x253	0x3f
0x25a	0x40
0x261	0x0
0x263	0x20
0x268	0x271
0x26d	0x60
0x277	0x27f
0x27b	0x0
0x281	0x7cc
0x286	0x7f0
0x289	0x191
0x293	0x0
0x295	0x29c
0x298	0x463
0x29d	0x1
0x29f	0x1
0x2a1	0xa0
0x2a3	0x10000000000000000000000000000000000000000
0x2a4	0xffffffffffffffffffffffffffffffffffffffff
0x2a7	0x1
0x2a9	0x1
0x2ab	0xa0
0x2ad	0x10000000000000000000000000000000000000000
0x2ae	0xffffffffffffffffffffffffffffffffffffffff
0x2b2	0x2c4
0x2b6	0x2bd
0x2b9	0x41a
0x2d0	0x2d7
0x2d3	0x463
0x2d8	0x1
0x2da	0x1
0x2dc	0xa0
0x2de	0x10000000000000000000000000000000000000000
0x2df	0xffffffffffffffffffffffffffffffffffffffff
0x2e2	0x1
0x2e4	0x1
0x2e6	0xa0
0x2e8	0x10000000000000000000000000000000000000000
0x2e9	0xffffffffffffffffffffffffffffffffffffffff
0x2ed	0x1da
0x2f1	0x1
0x2f3	0x1
0x2f5	0xa0
0x2f7	0x10000000000000000000000000000000000000000
0x2f8	0xffffffffffffffffffffffffffffffffffffffff
0x2fb	0x335
0x2ff	0x40
0x302	0x461bcd
0x306	0xe5
0x308	0x8c379a000000000000000000000000000000000000000000000000000000000
0x30b	0x4
0x310	0x20
0x315	0x20
0x318	0x36
0x31c	0x20
0x320	0x587
0x323	0x36
0x327	0x40
0x32d	0x40
0x332	0x84
0x336	0x7e644d79422f17c01e4894b5f4f588d331ebfa28653d42ae832dc59e38c9798f
0x357	0x35e
0x35a	0x463
0x35f	0x40
0x363	0x1
0x365	0x1
0x367	0xa0
0x369	0x10000000000000000000000000000000000000000
0x36a	0xffffffffffffffffffffffffffffffffffffffff
0x373	0x20
0x37d	0x0
0x37e	0x40
0x381	0x1d5
0x385	0x4c8
0x38a	0x0
0x38c	0x393
0x38f	0x463
0x394	0x1
0x396	0x1
0x398	0xa0
0x39a	0x10000000000000000000000000000000000000000
0x39b	0xffffffffffffffffffffffffffffffffffffffff
0x39e	0x1
0x3a0	0x1
0x3a2	0xa0
0x3a4	0x10000000000000000000000000000000000000000
0x3a5	0xffffffffffffffffffffffffffffffffffffffff
0x3a9	0x2c4
0x3ad	0x2bd
0x3b0	0x463
0x3bb	0x3c2
0x3be	0x463
0x3c3	0x1
0x3c5	0x1
0x3c7	0xa0
0x3c9	0x10000000000000000000000000000000000000000
0x3ca	0xffffffffffffffffffffffffffffffffffffffff
0x3cd	0x1
0x3cf	0x1
0x3d1	0xa0
0x3d3	0x10000000000000000000000000000000000000000
0x3d4	0xffffffffffffffffffffffffffffffffffffffff
0x3d8	0x412
0x3dc	0x40
0x3df	0x461bcd
0x3e3	0xe5
0x3e5	0x8c379a000000000000000000000000000000000000000000000000000000000
0x3e8	0x4
0x3ed	0x20
0x3f2	0x20
0x3f5	0x32
0x3f9	0x20
0x3fd	0x555
0x400	0x32
0x404	0x40
0x40a	0x40
0x40f	0x84
0x413	0x858
0x416	0x879
0x489	0x491
0x48d	0x4ec
0x492	0x40
0x495	0x1
0x497	0x1
0x499	0xa0
0x49b	0x10000000000000000000000000000000000000000
0x49c	0xffffffffffffffffffffffffffffffffffffffff
0x4a0	0xbc7cd75a20ee27fd9adebab32041f755214dbc6bffa90cc0225b39da2e5c2d3b
0x4c2	0x0
0x4c9	0xb53127684a568b3173ae13b9f8a6016e243e63b6e8ee1178d6a717850b5d6103
0x4ed	0x4f5
0x4f1	0x3b4
0x4f6	0x530
0x4fa	0x40
0x4fd	0x461bcd
0x501	0xe5
0x503	0x8c379a000000000000000000000000000000000000000000000000000000000
0x506	0x4
0x50b	0x20
0x510	0x20
0x513	0x3b
0x517	0x20
0x51b	0x5bd
0x51e	0x3b
0x522	0x40
0x528	0x40
0x52d	0x84
0x531	0x360894a13ba1a3210667c828492db98dca3e2076cc3735a920a3ca505d382bbc
0x6d1	0x40
0x6d5	0x1
0x6d7	0x1
0x6d9	0xa0
0x6db	0x10000000000000000000000000000000000000000
0x6dc	0xffffffffffffffffffffffffffffffffffffffff
0x6e6	0x0
0x6e7	0x20
0x6e9	0x20
0x72d	0x40
0x731	0x1
0x733	0x1
0x735	0xa0
0x737	0x10000000000000000000000000000000000000000
0x738	0xffffffffffffffffffffffffffffffffffffffff
0x742	0x0
0x743	0x20
0x745	0x20
0x87b	0x888
0x87d	0x88b
0x87f	0x88e
0x881	0x891
0x883	0x894
0x885	0x887
0x889	0x65
0x88c	0x98
0x88f	0x118
0x892	0x149
0x895	0x17c
0x00x460	0x0
0x00x45b	0x0
0x00x456	0x45e
0x650x456	0x45e
0x980x456	0x45e
0x1490x456	0x45e
0x2920x456	0x45e
0x3890x456	0x45e
0x8870x456	0x45e
0x00x44f	0x0
0x00x449	0x0
0x00x445	0x0
0x00x441	0x0
0x2920x2c8	0x191
0x3890x2c8	0x191
0x2920x2c0	0x814
0x3890x2c0	0x814
0x650x1de	0x191
0x1490x1de	0x191
0x650x1d6	0x788
0x1490x1d6	0x788
0x00x1a5	0x43f
0x650x1a5	0x43f
0x980x1a5	0x43f
0x1490x1a5	0x43f
0x2920x1a5	0x43f
0x3890x1a5	0x43f
0x8870x1a5	0x43f
0x00x19d	0x1a4
0x650x19d	0x1a4
0x980x19d	0x1a4
0x1490x19d	0x1a4
0x2920x19d	0x1a4
0x3890x19d	0x1a4
0x8870x19d	0x1a4
0x00x192	0x199
0x650x192	0x199
0x980x192	0x199
0x1490x192	0x199
0x2920x192	0x199
0x3890x192	0x199
0x8870x192	0x199
0x650x460	0x0
0x980x460	0x0
0x1490x460	0x0
0x2920x460	0x0
0x3890x460	0x0
0x8870x460	0x0
0x650x45b	0x0
0x980x45b	0x0
0x1490x45b	0x0
0x2920x45b	0x0
0x3890x45b	0x0
0x8870x45b	0x0
0x650x44f	0x0
0x980x44f	0x0
0x1490x44f	0x0
0x2920x44f	0x0
0x3890x44f	0x0
0x8870x44f	0x0
0x650x449	0x0
0x980x449	0x0
0x1490x449	0x0
0x2920x449	0x0
0x3890x449	0x0
0x8870x449	0x0
0x650x445	0x0
0x980x445	0x0
0x1490x445	0x0
0x2920x445	0x0
0x3890x445	0x0
0x8870x445	0x0
0x650x441	0x0
0x980x441	0x0
0x1490x441	0x0
0x2920x441	0x0
0x3890x441	0x0
0x8870x441	0x0
0x2920x2c5	0x836
0x3890x2c5	0x836
0x650x1db	0x7aa
0x1490x1db	0x7aa
0x00x1a0	0x41a
0x650x1a0	0x41a
0x980x1a0	0x41a
0x1490x1a0	0x41a
0x2920x1a0	0x41a
0x3890x1a0	0x41a
0x8870x1a0	0x41a
0x00x19a	0x767
0x650x19a	0x767
0x980x19a	0x767
0x1490x19a	0x767
0x2920x19a	0x767
0x3890x19a	0x767
0x8870x19a	0x767
0x00x195	0x3ba
0x650x195	0x3ba
0x980x195	0x3ba
0x1490x195	0x3ba
0x2920x195	0x3ba
0x3890x195	0x3ba
0x8870x195	0x3ba
0x41bV0x2b6	0x360894a13ba1a3210667c828492db98dca3e2076cc3735a920a3ca505d382bbc
0x464V0x3ad	0xb53127684a568b3173ae13b9f8a6016e243e63b6e8ee1178d6a717850b5d6103
0x464V0x1ab	0xb53127684a568b3173ae13b9f8a6016e243e63b6e8ee1178d6a717850b5d6103
0x464V0x1e5	0xb53127684a568b3173ae13b9f8a6016e243e63b6e8ee1178d6a717850b5d6103
0x464V0x292	0xb53127684a568b3173ae13b9f8a6016e243e63b6e8ee1178d6a717850b5d6103
0x464V0x2cf	0xb53127684a568b3173ae13b9f8a6016e243e63b6e8ee1178d6a717850b5d6103
0x464V0x389	0xb53127684a568b3173ae13b9f8a6016e243e63b6e8ee1178d6a717850b5d6103
0x464V0x335	0xb53127684a568b3173ae13b9f8a6016e243e63b6e8ee1178d6a717850b5d6103
0x464V0x3ba	0xb53127684a568b3173ae13b9f8a6016e243e63b6e8ee1178d6a717850b5d6103
0x41bV0x1990x0	0x360894a13ba1a3210667c828492db98dca3e2076cc3735a920a3ca505d382bbc
0x41bV0x1990x65	0x360894a13ba1a3210667c828492db98dca3e2076cc3735a920a3ca505d382bbc
0x41bV0x1990x98	0x360894a13ba1a3210667c828492db98dca3e2076cc3735a920a3ca505d382bbc
0x41bV0x1990x149	0x360894a13ba1a3210667c828492db98dca3e2076cc3735a920a3ca505d382bbc
0x41bV0x1990x292	0x360894a13ba1a3210667c828492db98dca3e2076cc3735a920a3ca505d382bbc
0x41bV0x1990x389	0x360894a13ba1a3210667c828492db98dca3e2076cc3735a920a3ca505d382bbc
0x41bV0x1990x887	0x360894a13ba1a3210667c828492db98dca3e2076cc3735a920a3ca505d382bbc
