0x0	0xc
0x0	0x10
0x10	0x1a
0x10	0x4184
0x1a	0x2b
0x1a	0x1de
0x2b	0x36
0x2b	0x10f
0x36	0x41
0x36	0xad
0x41	0x4c
0x41	0x7c
0x4c	0x57
0x4c	0x4178
0x57	0x62
0x57	0x417b
0x62	0x6d
0x62	0x417e
0x6d	0x78
0x6d	0x4181
0x78	0x2e8f
0x7c	0x88
0x7c	0x416f
0x88	0x93
0x88	0x413c
0x93	0x9e
0x93	0x4172
0x9e	0xa9
0x9e	0x4175
0xa9	0x2eb3
0xad	0xb9
0xad	0xe9
0xb9	0xc4
0xb9	0x4163
0xc4	0xcf
0xc4	0x4166
0xcf	0xda
0xcf	0x4169
0xda	0xe5
0xda	0x416c
0xe5	0x2ed7
0xe9	0xf5
0xe9	0x4100
0xf5	0x100
0xf5	0x415d
0x100	0x10b
0x100	0x4160
0x10b	0x2efb
0x10f	0x11b
0x10f	0x17c
0x11b	0x126
0x11b	0x156
0x126	0x131
0x126	0x4154
0x131	0x13c
0x131	0x4151
0x13c	0x147
0x13c	0x4157
0x147	0x152
0x147	0x415a
0x152	0x2f1f
0x156	0x162
0x156	0x414b
0x162	0x16d
0x162	0x414e
0x16d	0x178
0x16d	0x4151
0x178	0x2f43
0x17c	0x188
0x17c	0x1b8
0x188	0x193
0x188	0x413f
0x193	0x19e
0x193	0x4142
0x19e	0x1a9
0x19e	0x4145
0x1a9	0x1b4
0x1a9	0x4148
0x1b4	0x2f67
0x1b8	0x1c4
0x1b8	0x4136
0x1c4	0x1cf
0x1c4	0x4139
0x1cf	0x1da
0x1cf	0x413c
0x1da	0x2f8b
0x1de	0x1ea
0x1de	0x2b8
0x1ea	0x1f5
0x1ea	0x256
0x1f5	0x200
0x1f5	0x230
0x200	0x20b
0x200	0x412d
0x20b	0x216
0x20b	0x4130
0x216	0x221
0x216	0x4106
0x221	0x22c
0x221	0x4133
0x22c	0x2faf
0x230	0x23c
0x230	0x4124
0x23c	0x247
0x23c	0x4127
0x247	0x252
0x247	0x412a
0x252	0x2fd3
0x256	0x262
0x256	0x292
0x262	0x26d
0x262	0x4118
0x26d	0x278
0x26d	0x411b
0x278	0x283
0x278	0x411e
0x283	0x28e
0x283	0x4121
0x28e	0x2ff7
0x292	0x29e
0x292	0x4112
0x29e	0x2a9
0x29e	0x40eb
0x2a9	0x2b4
0x2a9	0x4115
0x2b4	0x301b
0x2b8	0x2c4
0x2b8	0x325
0x2c4	0x2cf
0x2c4	0x2ff
0x2cf	0x2da
0x2cf	0x4106
0x2da	0x2e5
0x2da	0x4109
0x2e5	0x2f0
0x2e5	0x410c
0x2f0	0x2fb
0x2f0	0x410f
0x2fb	0x303f
0x2ff	0x30b
0x2ff	0x40fd
0x30b	0x316
0x30b	0x4100
0x316	0x321
0x316	0x4103
0x321	0x3063
0x325	0x331
0x325	0x361
0x331	0x33c
0x331	0x40f1
0x33c	0x347
0x33c	0x40f4
0x347	0x352
0x347	0x40f7
0x352	0x35d
0x352	0x40fa
0x35d	0x3087
0x361	0x36d
0x361	0x40e8
0x36d	0x378
0x36d	0x40eb
0x378	0x383
0x378	0x40ee
0x388	0x3900x388
0x3a6	0x6b4
0x3bb	0x6cc
0x3c3	0x6d2
0x3d8	0x3e6
0x3e6	0x3900x3d8
0x3eb	0x7db
0x3f3	0x7ea
0x3fb	0x409
0x409	0x3123
0x410	0xaac
0x418	0x426
0x426	0x3144
0x42b	0xc07
0x433	0x441
0x441	0x4460x433
0x453	0x461
0x461	0x318d
0x466	0xd91
0x46e	0xda9
0x476	0x31ae
0x47e	0xdc1
0x486	0xdd9
0x48e	0xde8
0x496	0x1049
0x49e	0x104f
0x4a6	0x106c
0x4ae	0x1084
0x4b6	0x109c
0x4be	0x10ab
0x4c6	0x3900x4c6
0x4ce	0x4dc
0x4dc	0x10cf
0x4e1	0x10f9
0x4e9	0x10fe
0x4f1	0x31f0
0x4f9	0x507
0x507	0x1126
0x50c	0x3900x50c
0x514	0x522
0x522	0x120d
0x527	0x535
0x535	0x53a0x527
0x547	0x12bb
0x54f	0x12c1
0x557	0x565
0x565	0x12d9
0x56a	0x578
0x578	0x1303
0x57d	0x58b
0x58b	0x132d
0x590	0x135c
0x598	0x136b
0x5a0	0x3900x5a0
0x5a8	0x13a2
0x5b0	0x5be
0x5be	0x13ba
0x5c3	0x32ff
0x5cb	0x5d9
0x5d9	0x14ac
0x5de	0x14db
0x5e6	0x261d
0x5f4	0x14f8
0x5f9	0x53a0x5f9
0x601	0x60f
0x60f	0x15d7
0x614	0x1606
0x61c	0x1615
0x624	0x65e0x624
0x6b4	0x3ae0x3a6
0x6cc	0x3900x3bb
0x6d2	0x3cb0x3c3
0x6fd	0x70c
0x6fd	0x72c
0x70c	0x3362
0x72c	0x734
0x734	0x73d
0x73d	0x769
0x769	0x77d
0x769	0x781
0x781	0x78c
0x781	0x795
0x795	0x7b9
0x7b9	0x338a
0x7db	0x3ae0x3eb
0x7ea	0x3ae0x3f3
0x7f9	0x80a
0x7f9	0x812
0x80a	0x812
0x812	0x818
0x812	0x820
0x818	0x820
0x820	0x825
0x820	0x83c
0x825	0x33ae
0x83c	0x84f
0x83c	0x867
0x84f	0x867
0x867	0x873
0x867	0x88a
0x873	0x33d6
0x88a	0x897
0x897	0x916
0x897	0x917
0x917	0x958
0x917	0x959
0x959	0x99a
0x959	0x99b
0x99b	0x16b9
0x9ee	0xa3d
0xa3d	0xa53
0xa3d	0xa57
0xa57	0xa62
0xa57	0xa6b
0xa6b	0xa8f
0xa8f	0xa98
0xa8f	0xaa3
0xa98	0xaa3
0xaac	0x3ae0x410
0xac4	0xad0
0xac4	0xae7
0xad0	0x33fe
0xae7	0xaef
0xaef	0x172f
0xaf8	0xb2a
0xb2a	0xb3e
0xb2a	0xb42
0xb42	0xb4d
0xb42	0xb56
0xb56	0xb7a
0xb7a	0xb85
0xb7a	0xbd4
0xb85	0xb90
0xb90	0x3426
0xbb3	0xbbb
0xbb3	0xbd2
0xbbb	0x289c
0xbd2	0xbd4
0xbd4	0xbe0
0xbe0	0xbed
0xbed	0x3498
0xc07	0x3ae0x42b
0xc1f	0xc2b
0xc2b	0xc30
0xc30	0xc3a
0xc30	0xc79
0xc3a	0xc44
0xc3a	0xc45
0xc45	0xc67
0xc45	0xc71
0xc67	0x34bc
0xc71	0xc30
0xc83	0xc94
0xc83	0xc9c
0xc94	0xc9c
0xc9c	0xca2
0xc9c	0xcaa
0xca2	0xcaa
0xcaa	0xcaf
0xcaa	0xcc6
0xcaf	0x34e0
0xcc6	0xcd9
0xcc6	0xcf1
0xcd9	0xcf1
0xcf1	0xcfd
0xcf1	0xd14
0xcfd	0x3508
0xd14	0xd1c
0xd1c	0xd7e
0xd1c	0xd89
0xd7e	0xd89
0xd91	0x3ae0x466
0xda9	0x3900x46e
0xdaf	0xdb7
0xdb7	0x3530
0xdc1	0x3ae0x47e
0xdd9	0x3ae0x486
0xde8	0xdf7
0xde8	0xe0e
0xdf7	0x3551
0xe0e	0xe16
0xe16	0xe1e
0xe1e	0xe58
0xe58	0xe6c
0xe58	0xe70
0xe70	0xe7b
0xe70	0xe84
0xe84	0xea8
0xea8	0xeb1
0xea8	0xf15
0xeb1	0xf10
0xf10	0xf15
0xf15	0xf4c
0xf4c	0xf60
0xf4c	0xf64
0xf64	0xf6f
0xf64	0xf78
0xf78	0xf9c
0xf9c	0xfa5
0xf9c	0x100e
0xfa5	0xfdb
0xfdb	0xff1
0xfdb	0xff5
0xff5	0x1000
0xff5	0x1009
0x1009	0x100e
0x100e	0x103d
0x103d	0x3900x48e
0x1049	0x3900x496
0x104f	0x3cb0x49e
0x106c	0x3ae0x4a6
0x1084	0x3ae0x4ae
0x109c	0x3ae0x4b6
0x10ab	0x4460x4be
0x10b4	0x10c1
0x10c1	0x10c9
0x10c9	0x6ae0x10b4
0x10cf	0x10d7
0x10d7	0x31cf
0x10f9	0x4460x4e1
0x10fe	0x3ae0x4e9
0x1116	0x111e
0x111e	0x3579
0x1126	0x112e
0x112e	0x1139
0x112e	0x1150
0x1139	0x2be5
0x1150	0x3211
0x1155	0x1164
0x1155	0x117b
0x1164	0x35c2
0x117b	0x1183
0x1183	0x118b
0x118b	0x11bd
0x11bd	0x11d1
0x11bd	0x11d5
0x11d5	0x11e0
0x11d5	0x11e9
0x11e9	0x360b
0x120d	0x1215
0x1215	0x3232
0x1237	0x127f
0x1237	0x12ad
0x127f	0x128f
0x128f	0x128f
0x128f	0x12ad
0x12ad	0x12b5
0x12bb	0x3900x547
0x12c1	0x3ae0x54f
0x12d9	0x12e1
0x12e1	0x327b
0x1303	0x130b
0x130b	0x329c
0x132d	0x1335
0x1335	0x1340
0x1335	0x1357
0x1340	0x2a52
0x1357	0x32bd
0x135c	0x3ae0x590
0x136b	0x3900x598
0x1371	0x65e0x1371
0x13a2	0x3ae0x5a8
0x13ba	0x13c2
0x13c2	0x32de
0x13e4	0x13f0
0x13e4	0x1407
0x13f0	0x3657
0x1407	0x140f
0x140f	0x1440
0x1440	0x1454
0x1440	0x1458
0x1458	0x1463
0x1458	0x146c
0x146c	0x1490
0x1490	0x1499
0x1490	0x14a1
0x1499	0x14a1
0x14a1	0x367f
0x14ac	0x14b4
0x14b4	0x14bf
0x14b4	0x14d6
0x14bf	0x2b71
0x14d6	0x3320
0x14db	0x3cb0x5de
0x14f8	0x151c
0x14f8	0x151d
0x151d	0x3ae0x5e6
0x153a	0x1577
0x153a	0x1578
0x1578	0x15b9
0x1578	0x15ba
0x15d7	0x15df
0x15df	0x15ea
0x15df	0x1601
0x15ea	0x2a00
0x1601	0x3341
0x1606	0x3ae0x614
0x1615	0x3900x61c
0x161b	0x162e
0x161b	0x3712
0x162e	0x29a3
0x1645	0x164e
0x164e	0x1654
0x164e	0x375b
0x1658	0x37a10x1658
0x16b9	0x16ee
0x16ee	0x1722
0x1722	0x9ee
0x172f	0x1764
0x1764	0x1778
0x1764	0x177c
0x177c	0x1787
0x177c	0x1790
0x1790	0x17b4
0x17b4	0x17bf
0x17b4	0x183b
0x17bf	0x17ca
0x17ca	0x2d3f
0x1807	0x181d
0x1807	0x1821
0x1821	0x182c
0x1821	0x1835
0x1835	0x183b
0x183b	0x186c
0x186c	0x1880
0x186c	0x1884
0x1884	0x188f
0x1884	0x1898
0x1898	0x18bc
0x18bc	0x18ca
0x18ca	0x2d8b
0x1901	0xaf8
0x1911	0x191c
0x1911	0x1933
0x191c	0x291f
0x1933	0x381f
0x1944	0x194c
0x1944	0x1953
0x194c	0x3845
0x1953	0x195f
0x1953	0x1960
0x1960	0x1967
0x1960	0x386a
0x1967	0x2b10
0x197e	0x20b0
0x19c0	0x19ca
0x19c0	0x19cf
0x19ca	0x38de
0x19d6	0x19e4
0x19d6	0x19eb
0x19e4	0x3904
0x19eb	0x3928
0x1a08	0x1a57
0x1a08	0x1a5b
0x1a5b	0x1a66
0x1a5b	0x1a6f
0x1a6f	0x1a93
0x1a93	0x16580x19d6
0x1aa6	0x20e7
0x1ae8	0x1b200x1ae8
0x1bb3	0x1bc4
0x1bb3	0x1bcc
0x1bc4	0x1bcc
0x1bcc	0x1bd2
0x1bcc	0x1bda
0x1bd2	0x1bda
0x1bda	0x1bdf
0x1bda	0x1bf6
0x1bdf	0x39c0
0x1bf6	0x1c09
0x1bf6	0x1c21
0x1c09	0x1c21
0x1c21	0x1c29
0x1c29	0x1c310x1bb3
0x1c45	0x1c58
0x1c45	0x3a0a
0x1c58	0x2cb8
0x1c6f	0x1c7a
0x1c6f	0x1c91
0x1c7a	0x28f1
0x1c91	0x3a7b
0x1cdb	0x1cef
0x1cdb	0x1cfe
0x1cef	0x1cfe
0x1cfe	0x1d03
0x1cfe	0x3aa7
0x1d03	0x286e
0x1d1a	0x1d52
0x1d52	0x1d66
0x1d52	0x1d6a
0x1d6a	0x1d75
0x1d6a	0x1d7e
0x1d7e	0x1da2
0x1da2	0x1da9
0x1da2	0x3af0
0x1da9	0x1de0
0x1de0	0x1df6
0x1de0	0x1dfa
0x1dfa	0x1e05
0x1dfa	0x3b11
0x1e0e	0x1e19
0x1e19	0x2d4f
0x1e4e	0x1e64
0x1e4e	0x1e68
0x1e68	0x1e73
0x1e68	0x1e7c
0x1e7c	0x3b36
0x1eab	0x1eb9
0x1eab	0x3b5c
0x1eb9	0x296c
0x1ed0	0x1ee4
0x1ed0	0x1ef3
0x1ee4	0x1ef3
0x1ef3	0x1ef8
0x1ef3	0x3baa
0x1ef8	0x2bc0
0x1f0f	0x1f1b
0x1f0f	0x1f32
0x1f1b	0x3bf3
0x1f32	0x3c1b
0x1f68	0x1f7c
0x1f68	0x1f8b
0x1f7c	0x1f8b
0x1f8b	0x1f91
0x1f8b	0x1fa0
0x1f91	0x1fa0
0x1fa0	0x1fa5
0x1fa0	0x3c47
0x1fa5	0x29cb
0x1fbc	0x1ff3
0x1ff3	0x2009
0x1ff3	0x200d
0x200d	0x2018
0x200d	0x3c90
0x2021	0x2076
0x2076	0x2081
0x2076	0x3cb6
0x2081	0x2094
0x2094	0x2099
0x2094	0x3cda
0x2099	0x2c6e
0x20b0	0x20b9
0x20b0	0x20d1
0x20b9	0x3d26
0x20d1	0x20dc
0x20d1	0x20dd
0x20dd	0x38b8
0x20e7	0x20f3
0x20e7	0x210b
0x20f3	0x3d4e
0x210b	0x3972
0x2113	0x2124
0x2113	0x212c
0x2124	0x212c
0x212c	0x2132
0x212c	0x213a
0x2132	0x213a
0x213a	0x213f
0x213a	0x2156
0x213f	0x3d76
0x2156	0x2169
0x2156	0x1c310x2113
0x2169	0x2187
0x2169	0x3d9e
0x2194	0x21a5
0x2194	0x21ad
0x21a5	0x21ad
0x21ad	0x21b3
0x21ad	0x21bb
0x21b3	0x21bb
0x21bb	0x21c0
0x21bb	0x21d7
0x21c0	0x3dc0
0x21d7	0x21ea
0x21d7	0x2202
0x21ea	0x2202
0x2202	0x2213
0x2202	0x3de8
0x2224	0x2239
0x2239	0x3e0a
0x224d	0x3e2e
0x2264	0x226c
0x2264	0x22ec
0x226c	0x27b5
0x229a	0x22ae
0x229a	0x22b2
0x22b2	0x22bd
0x22b2	0x22c6
0x22c6	0x22ea
0x22ea	0x22ec
0x22ec	0x22f1
0x22ec	0x2308
0x22f1	0x2ce0
0x2308	0x3ea1
0x2327	0x23eb
0x2332	0x2337
0x2332	0x234e
0x2337	0x2c37
0x234e	0x2785
0x236b	0x2387
0x236b	0x23a8
0x2387	0x23ad
0x23a8	0x23ad
0x23ad	0x23b9
0x23ad	0x23c1
0x23b9	0x3f1f
0x23c1	0x23c9
0x23c1	0x23d1
0x23d1	0x3f46
0x23eb	0x2332
0x23f1	0x240b
0x23f1	0x2446
0x240b	0x2411
0x2411	0x241a
0x2411	0x2446
0x241a	0x2411
0x2446	0x3f6e
0x2456	0x2457
0x2457	0x2460
0x2457	0x3f91
0x2460	0x2457
0x2475	0x2483
0x2475	0x2486
0x2486	0x3fb4
0x2491	0x249f
0x2491	0x24a2
0x24a2	0x3fda
0x24ad	0x24bc
0x24ad	0x24bf
0x24bf	0x24ca
0x24ca	0x24da
0x24e5	0x24f9
0x24e5	0x24fc
0x24fc	0x2507
0x2507	0x2517
0x2517	0x2527
0x2527	0x2537
0x2537	0x2547
0x2555	0x256c
0x2555	0x256f
0x256f	0x257a
0x257a	0x258b
0x258b	0x259b
0x259b	0x25ab
0x25ab	0x25bb
0x25bb	0x25c8
0x25bb	0x25cb
0x25cb	0x25d5
0x25d5	0x25e5
0x25d5	0x25e8
0x25e8	0x25ec
0x25ec	0x25f6
0x25ec	0x260b
0x25f6	0x25ec
0x261d	0x262e
0x261d	0x2631
0x2631	0x263c
0x263c	0x264c
0x264c	0x5f4
0x265d	0x266c
0x265d	0x266f
0x266f	0x2682
0x266f	0x2685
0x2685	0x2692
0x2685	0x2695
0x2695	0x2dcd
0x26a3	0x26a8
0x26a8	0x26c1
0x26a8	0x26c4
0x26c4	0x26c8
0x26c8	0x26d1
0x26c8	0x26e6
0x26d1	0x26c8
0x26f2	0x2700
0x26f2	0x2703
0x2703	0x270f
0x2703	0x4000
0x2712	0x2720
0x2712	0x2723
0x272a	0x2738
0x272a	0x273b
0x2742	0x2755
0x2755	0x275e
0x2755	0x277a
0x275e	0x2755
0x2785	0x2797
0x2797	0x236b
0x27b5	0x229a
0x27cf	0x27fb
0x281d	0x4026
0x283b	0x285a
0x286e	0x3ac8
0x289c	0x344b
0x28f1	0x3a53
0x291f	0x37f7
0x296c	0x3b82
0x29a3	0x3733
0x29cb	0x3c68
0x2a00	0x36ea
0x2a52	0x362f
0x2b10	0x3890
0x2b71	0x36c2
0x2bc0	0x3bcb
0x2be5	0x359a
0x2c37	0x3ef7
0x2c6e	0x3cfe
0x2cb8	0x3a2b
0x2ce0	0x3e55
0x2d3f	0x1807
0x2d4f	0x2d6e
0x2d6e	0x1e4e
0x2d8b	0x1901
0x2da6	0x2dc1
0x2da6	0x2dc5
0x2dcd	0x2de0
0x2dcd	0x2de3
0x2de3	0x26a3
0x2ded	0x2df0
0x2df0	0x2df9
0x2df0	0x2e08
0x2df9	0x2df0
0x2e08	0x2e11
0x2e08	0x404c
0x2e19	0x2e2a
0x2e19	0x4071
0x3426	0xbb3
0x3498	0x3473
0x360b	0x1ae80x1155
0x3928	0x1a08
0x3a7b	0x1cd10x1c6f
0x3c1b	0x1cd10x1f0f
0x3ea1	0x3e7d
0x3900x388	0x30ab0x388
0x3900x3bb	0x30ab0x3bb
0x3900x3d8	0x30ab0x3d8
0x3900x46e	0x30ab0x46e
0x3900x48e	0x30ab0x48e
0x3900x496	0x30ab0x496
0x3900x4c6	0x30ab0x4c6
0x3900x50c	0x30ab0x50c
0x3900x547	0x30ab0x547
0x3900x598	0x30ab0x598
0x3900x5a0	0x30ab0x5a0
0x3900x61c	0x30ab0x61c
0x3ae0x3a6	0x30d30x3a6
0x3ae0x3eb	0x30d30x3eb
0x3ae0x3f3	0x30d30x3f3
0x3ae0x410	0x30d30x410
0x3ae0x42b	0x30d30x42b
0x3ae0x466	0x30d30x466
0x3ae0x47e	0x30d30x47e
0x3ae0x486	0x30d30x486
0x3ae0x4a6	0x30d30x4a6
0x3ae0x4ae	0x30d30x4ae
0x3ae0x4b6	0x30d30x4b6
0x3ae0x4e9	0x30d30x4e9
0x3ae0x54f	0x30d30x54f
0x3ae0x590	0x30d30x590
0x3ae0x5a8	0x30d30x5a8
0x3ae0x5e6	0x30d30x5e6
0x3ae0x614	0x30d30x614
0x3cb0x3c3	0x30fb0x3c3
0x3cb0x49e	0x30fb0x49e
0x3cb0x5de	0x30fb0x5de
0x4460x433	0x31650x433
0x4460x4be	0x31650x4be
0x4460x4e1	0x31650x4e1
0x53a0x527	0x32530x527
0x53a0x5f9	0x32530x5f9
0x65e0x624	0x6720x624
0x65e0x624	0x6760x624
0x65e0x1371	0x6720x1371
0x65e0x1371	0x6760x1371
0x6760x624	0x6810x624
0x6760x624	0x68a0x624
0x6760x1371	0x6810x1371
0x6760x1371	0x68a0x1371
0x68a0x624	0x6ae0x624
0x68a0x1371	0x6ae0x1371
0x6ae0x624	0x6b10x624
0x6ae0x10b4	0x6b10x10b4
0x6ae0x1371	0x6b10x1371
0x16580x19d6	0x37a10x19d6
0x1ae80x1155	0x1b200x1155
0x1b200x1155	0x1b340x1155
0x1b200x1155	0x1b380x1155
0x1b200x1ae8	0x1b340x1ae8
0x1b200x1ae8	0x1b380x1ae8
0x1b380x1155	0x1b430x1155
0x1b380x1155	0x1b4c0x1155
0x1b380x1ae8	0x1b430x1ae8
0x1b380x1ae8	0x1b4c0x1ae8
0x1b4c0x1155	0x1b700x1155
0x1b4c0x1ae8	0x1b700x1ae8
0x1b700x1155	0x1b810x1155
0x1b700x1155	0x1b980x1155
0x1b700x1ae8	0x1b810x1ae8
0x1b700x1ae8	0x1b980x1ae8
0x1b810x1155	0x2b510x1155
0x1b810x1ae8	0x2b510x1ae8
0x1b980x1155	0x1baf0x1155
0x1b980x1ae8	0x1baf0x1ae8
0x1baf0x1155	0x6b10x1155
0x1c310x1bb3	0x1c380x1bb3
0x1c310x1bb3	0x39e80x1bb3
0x1c310x2113	0x1c380x2113
0x1c310x2113	0x39e80x2113
0x2b510x1155	0x39980x1155
0x2b510x1ae8	0x39980x1ae8
0x377d0x19d6	0x394d
0x37a10x1658	0x377d0x1658
0x37a10x19d6	0x377d0x19d6
