0x57f	Error(string)
0x60e	Error(string)
0x7c2	Error(string)
0x887	Error(string)
0xa5c	Error(string)
0xaa9	Error(string)
0xc15	Error(string)
0xd05	Error(string)
0xd6b	Error(string)
0xf32	Error(string)
0xf72	Error(string)
0x108c	Error(string)
0x1137	Error(string)
0x129e	Error(string)
0x138d	Error(string)
0x153b	Error(string)
0xe560x3f1	Error(string)
0x16260x1096	Error(string)
0x16260x1138	Error(string)
0x11d3S0x6bf	Error(string)
0x11d3S0x7c3	Error(string)
0x11d3S0xc16	Error(string)
0x11d3S0xc29	Error(string)
0x11d3S0xff9	Error(string)
0xa15S0x316	Error(string)
0x11d3S0x50e0x1e9	Error(string)
0x11d3S0x50e0x48a	Error(string)
0x16f6S0x138e	Error(string)
0x17f2S0x138e	Error(string)
0x184bS0x138e	Error(string)
0xe560xdf5S0xd97	Error(string)
0x956S0x30e	Error(string)
0x16f6S0x13e9S0xc4c	Error(string)
0x17f2S0x13e9S0xc4c	Error(string)
0x184bS0x13e9S0xc4c	Error(string)
