0x0
0xc
0x10
0x1a
0x2b
0x36
0x41
0x4c
0x57
0x62
0x6d
0x78
0x7c
0x88
0x93
0x9e
0xa9
0xad
0xb9
0xc4
0xcf
0xda
0xe5
0xe9
0xf5
0x100
0x10b
0x116
0x11a
0x126
0x131
0x13c
0x147
0x152
0x15d
0x161
0x16d
0x178
0x183
0x18e
0x192
0x19e
0x1a9
0x1b4
0x1bf
0x1ca
0x1ce
0x1da
0x1e5
0x1f0
0x1fb
0x200
0x21e
0x22c
0x233
0x249
0x257
0x26c
0x28c
0x294
0x2a2
0x2a7
0x2bc
0x2ca
0x2cf
0x2dd
0x2e2
0x2eb
0x2f9
0x2fe
0x311
0x31f
0x334
0x341
0x349
0x357
0x369
0x371
0x37f
0x384
0x38c
0x394
0x39c
0x3aa
0x3bc
0x3ca
0x3cf
0x3dd
0x3e2
0x3f0
0x3f5
0x3fd
0x405
0x413
0x418
0x426
0x451
0x45f
0x464
0x481
0x48a
0x492
0x4a0
0x4a5
0x4ba
0x54c
0x554
0x559
0x59c
0x5a5
0x5b6
0x5be
0x5c3
0x621
0x634
0x643
0x6b9
0x6e7
0x6f2
0x6fa
0x713
0x77f
0x797
0x7a8
0x7ea
0x7f3
0x7fb
0x842
0x870
0x89f
0x8d2
0x8e4
0x912
0x969
0x97c
0x993
0x9ae
0x9c5
0x9d4
0xa1b
0xa26
0xa71
0xa80
0xa85
0xa8e
0xaa3
0xaac
0xab6
0xafd
0xb1a
0xb20
0xb6a
0xb72
0xb85
0xb9c
0xbaa
0xbe5
0xc45
0xc4e
0xc50
0xc64
0xc82
0xc89
0xc95
0xcb4
0xcba
0xcc9
0xcdc
0xcf3
0xcfd
0xd29
0xd51
0xd5b
0xd80
0xde4
0xdf5
0xe37
0xe40
0xe48
0xe8f
0xe9a
0xec5
0xee0
0xef7
0xf04
0xf0a
0xf51
0xf66
0xf94
0xfb9
0xfd1
0xfea
0xff2
0xff7
0x103e
0x1066
0x1086
0x10be
0x10e4
0x110d
0x1128
0x113f
0x114c
0x1151
0x1198
0x11a6
0x11c2
0x11c8
0x11d6
0x11df
0x1201
0x1231
0x123f
0x1256
0x1275
0x129d
0x12ab
0x12b5
0x12c8
0x12dc
0x12f5
0x1308
0x1313
0x1320
0x1330
0x1337
0x134e
0x13bf
0x13ee
0x140f
0x1412
0x1418
0x1424
0x1434
0x143c
0x1445
0x1447
0x144d
0x1459
0x1469
0x146d
0x1476
0x1482
0x1497
0x14a3
0x14ab
0x14c6
0x14dd
0x14f0
0x1537
0x1542
0x1552
0x1578
0x1598
0x15a4
0x15ac
0x15b9
0x15bd
0x15ca
0x15dd
0x1611
0x164c
0x165b
0x16a2
0x16c2
0x1710
0x172f
0x174a
0x1752
0x1757
0x1772
0x1789
0x179c
0x17e3
0x17e9
0x17ed
0x17f8
0x1808
0x182d
0x1839
0x183b
0x1841
0x185e
0x1867
0x1889
0x18a7
0x18e8
0x18ef
0x18fb
0x1903
0x1910
0x1914
0x1921
0x1957
0x1960
0x196f
0x1995
0x199c
0x199e
0x19a4
0x19ac
0x19cb
0x19d7
0x19e3
0x19f8
0x1a04
0x1a1c
0x1a24
0x1a42
0x1a5f
0x1a86
0x1aae
0x1ad6
0x1adc
0x1ae9
0x1af5
0x1afe
0x1b0a
0x1b24
0x1b2c
0x1b35
0x1b45
0x1b54
0x1b57
0x1b60
0x1b72
0x1b82
0x1b83
0x1b8c
0x1b97
0x1baa
0x1bae
0x1bbc
0x1bc0
0x1bd4
0x1bd8
0x1bec
0x1bf0
0x1bf7
0x1c05
0x1c09
0x1c12
0x1c21
0x1c25
0x1c2e
0x1c3c
0x1c45
0x1c56
0x1c5a
0x1c63
0x1c71
0x1c81
0x1c90
0x1c94
0x1c9d
0x1cab
0x1cbf
0x1cc3
0x1cd7
0x1cdb
0x1ce7
0x1cfc
0x1d00
0x1d0d
0x1d20
0x1d2c
0x1d3a
0x1d3e
0x1d45
0x1d52
0x1d67
0x1d6d
0x1d7e
0x1d87
0x1d9a
0x1da3
0x1dac
0x1dc2
0x1df9
0x1e21
0x1e2d
0x1e34
0x1e39
0x1e41
0x1e56
0x1e5b
0x1e6e
0x1e75
0x1e7a
0x1e85
0x1e8c
0x1e91
0x1e9f
0x1ea5
0x1eb1
0x1ec6
0x1ee2
0x1f9a
0x1fc2
0x1fea
0x2012
0x203a
0x2062
0x208a
0x20b2
0x20da
0x2102
0x212a
0x2152
0x217a
0x21a2
0x21ca
0x21f2
0x221a
0x224f
0x2284
0x22e1
0x237a
0x23a2
0x23c3
0x23e4
0x240c
0x242d
0x244e
0x246f
0x2490
0x24b8
0x24d9
0x2501
0x259e
0x25c2
0x25e6
0x260e
0x2636
0x265e
0x2681
0x26a5
0x26f0
0x2718
0x273b
0x2763
0x278b
0x27b3
0x27d9
0x27ff
0x2827
0x284f
0x2875
0x289d
0x28c3
0x28e5
0x290d
0x2933
0x2959
0x297f
0x29a5
0x29cd
0x29ef
0x2a17
0x2a3a
0x2a5d
0x2aa8
0x2aab
0x2aae
0x2ab1
0x2ab4
0x2ab7
0x2aba
0x2abd
0x2ac0
0x2ac3
0x2ac6
0x2ac9
0x2acc
0x2acf
0x2ad2
0x2ad5
0x2ad8
0x2adb
0x2ade
0x2ae1
0x2ae4
0x2ae7
0x2aea
0x2aed
0x2af0
0x2af3
0x2af6
0x2af9
0x2afc
0x2aff
0x2b02
0x2b05
0x2b08
0x2b0b
0x2080x200
0x2080x394
0x23b0x233
0x23b0x28c
0x23b0x2e2
0x23b0x349
0x23b0x369
0x23b0x371
0x23b0x384
0x23b0x38c
0x23b0x39c
0x23b0x418
0x23b0x481
0x25c0x249
0x25c0x294
0x25c0x2bc
0x25c0x3cf
0x25c0x3e2
0x25c0x3fd
0x2740x26c
0x2740x2fe
0x4f50x4ba
0x4f50xcba
0x4fc0x4ba
0x4fc0xcba
0x5040x4ba
0x5040xcba
0x5170x4ba
0x5170xcba
0x5250x4ba
0x5250xcba
0x5390x4ba
0x5390xcba
0x5420x4ba
0x5420xcba
0x76e0x713
0x76e0x8e4
0x76e0xde4
0x22b90x200
0x22b90x394
0x23020x233
0x23020x28c
0x23020x2e2
0x23020x349
0x23020x369
0x23020x371
0x23020x384
0x23020x38c
0x23020x39c
0x23020x418
0x23020x481
0x232a0x249
0x232a0x294
0x232a0x2bc
0x232a0x3cf
0x232a0x3e2
0x232a0x3fd
0x23520x26c
0x23520x2fe
0x254c0x4ba
0x254c0xcba
0x25750x4ba
0x25750xcba
