0x0	0
0x12	0
0x16	0
0x16	1
0x39	1
0x39	2
0x4e	2
0x4e	3
0x4e	4
0x4e	5
0x4e	667
0x4e	668
0x9f	5
0x2a7	21
0x2a7	22
0x2a7	23
0x2a7	24
0x2a7	25
0x2a7	26
0x2a7	27
0x2a7	28
0x2a7	29
0x2a7	30
0x2a7	31
0x2a7	32
0x2a7	33
0x2a7	34
0x2a7	35
0x2a7	36
0x2a7	37
0x2a7	38
0x2a7	39
0x2a7	40
0x2a7	41
0x2a7	42
0x2a7	43
0x2a7	44
0x2a7	45
0x2a7	46
0x2a7	47
0x2a7	48
0x2a7	49
0x2a7	50
0x2a7	51
0x2a7	52
0x2a7	53
0x2a7	54
0x2a7	55
0x2a7	56
0x2a7	57
0x2a7	58
0x2a7	59
0x2a7	60
0x2a7	61
0x2a7	62
0x2a7	63
0x2a7	64
0x2a7	65
0x2a7	66
0x2a7	67
0x2a7	68
0x2a7	69
0x2a7	70
0x2a7	71
0x2a7	72
0x2a7	73
0x2a7	74
0x2a7	75
0x2a7	76
0x2a7	77
0x2a7	78
0x2a7	79
0x2a7	80
0x2a7	81
0x2a7	82
0x2a7	83
0x2a7	84
0x2a7	85
0x2a7	86
0x2a7	87
0x2a7	88
0x2a7	89
0x2a7	90
0x2a7	91
0x2a7	92
0x2a7	93
0x2a7	94
0x2a7	95
0x2a7	96
0x2a7	97
0x2a7	98
0x2a7	99
0x2a7	100
0x2a7	101
0x2a7	102
0x2a7	103
0x2a7	104
0x2a7	105
0x2a7	106
0x2a7	107
0x2a7	108
0x2a7	109
0x2a7	110
0x2a7	111
0x2a7	112
0x2a7	113
0x2a7	114
0x2a7	115
0x2a7	116
0x2a7	117
0x2a7	118
0x2a7	119
0x2a7	120
0x2a7	121
0x2a7	122
0x2a7	123
0x2a7	124
0x2a7	125
0x2a7	126
0x2a7	127
0x2a7	128
0x2a7	129
0x2a7	130
0x2a7	131
0x2a7	132
0x2a7	133
0x2a7	134
0x2a7	135
0x2a7	136
0x2a7	137
0x2a7	138
0x2a7	139
0x2a7	140
0x2a7	141
0x2a7	142
0x2a7	143
0x2a7	144
0x2a7	145
0x2a7	146
0x2a7	147
0x2a7	148
0x2a7	149
0x2a7	150
0x2a7	151
0x2a7	152
0x2a7	153
0x2a7	154
0x2a7	155
0x2a7	156
0x2a7	157
0x2a7	158
0x2a7	159
0x2a7	160
0x2a7	161
0x2a7	162
0x2a7	163
0x2a7	164
0x2a7	165
0x2a7	166
0x2a7	167
0x2a7	168
0x2a7	169
0x2a7	170
0x2a7	171
0x2a7	172
0x2a7	173
0x2a7	174
0x2a7	175
0x2a7	176
0x2a7	177
0x2a7	178
0x2a7	179
0x2a7	180
0x2a7	181
0x2a7	182
0x2a7	183
0x2a7	184
0x2a7	185
0x2a7	186
0x2a7	187
0x2a7	188
0x2a7	189
0x2a7	190
0x2a7	191
0x2a7	192
0x2a7	193
0x2a7	194
0x2a7	195
0x2a7	196
0x2a7	197
0x2a7	198
0x2a7	199
0x2a7	200
0x2a7	201
0x2a7	202
0x2a7	203
0x2a7	204
0x2a7	205
0x2a7	206
0x2a7	207
0x2a7	208
0x2a7	209
0x2a7	210
0x2a7	211
0x2a7	212
0x2a7	213
0x2a7	214
0x2a7	215
0x2a7	216
0x2a7	217
0x2a7	218
0x2a7	219
0x2a7	220
0x2a7	221
0x2a7	222
0x2a7	223
0x2a7	224
0x2a7	225
0x2a7	226
0x2a7	227
0x2a7	228
0x2a7	229
0x2a7	230
0x2a7	231
0x2a7	232
0x2a7	233
0x2a7	234
0x2a7	235
0x2a7	236
0x2a7	237
0x2a7	238
0x2a7	239
0x2a7	240
0x2a7	241
0x2a7	242
0x2a7	243
0x2a7	244
0x2a7	245
0x2a7	246
0x2a7	247
0x2a7	248
0x2a7	249
0x2a7	250
0x2a7	251
0x2a7	252
0x2a7	253
0x2a7	254
0x2a7	255
0x2a7	256
0x2a7	257
0x2a7	258
0x2a7	259
0x2a7	260
0x2a7	261
0x2a7	262
0x2a7	263
0x2a7	264
0x2a7	265
0x2a7	266
0x2a7	267
0x2a7	268
0x2a7	269
0x2a7	270
0x2a7	271
0x2a7	272
0x2a7	273
0x2a7	274
0x2a7	275
0x2a7	276
0x2a7	277
0x2a7	278
0x2a7	279
0x2a7	280
0x2a7	281
0x2a7	282
0x2a7	283
0x2a7	284
0x2a7	285
0x2a7	286
0x2a7	287
0x2a7	288
0x2a7	289
0x2a7	290
0x2a7	291
0x2a7	292
0x2a7	293
0x2a7	294
0x2a7	295
0x2a7	296
0x2a7	297
0x2a7	298
0x2a7	299
0x2a7	300
0x2a7	301
0x2a7	302
0x2a7	303
0x2a7	304
0x2a7	305
0x2a7	306
0x2a7	307
0x2a7	308
0x2a7	309
0x2a7	310
0x2a7	311
0x2a7	312
0x2a7	313
0x2a7	314
0x2a7	315
0x2a7	316
0x2a7	317
0x2a7	318
0x2a7	319
0x2a7	320
0x2a7	321
0x2a7	322
0x2a7	323
0x2a7	324
0x2a7	325
0x2a7	326
0x2a7	327
0x2a7	328
0x2a7	329
0x2a7	330
0x2a7	331
0x2a7	332
0x2a7	333
0x2a7	334
0x2a7	335
0x2a7	336
0x2a7	337
0x2a7	338
0x2a7	339
0x2a7	340
0x2a7	341
0x2a7	342
0x2a7	343
0x2a7	344
0x2a7	345
0x2a7	346
0x2a7	347
0x2a7	348
0x2a7	349
0x2a7	350
0x2a7	351
0x2a7	352
0x2a7	353
0x2a7	354
0x2a7	355
0x2a7	356
0x2a7	357
0x2a7	358
0x2a7	359
0x2a7	360
0x2a7	361
0x2a7	362
0x2a7	363
0x2a7	364
0x2a7	365
0x2a7	366
0x2a7	367
0x2a7	368
0x2a7	369
0x2a7	370
0x2a7	371
0x2a7	372
0x2a7	373
0x2a7	374
0x2a7	375
0x2a7	376
0x2a7	377
0x2a7	378
0x2a7	379
0x2a7	380
0x2a7	381
0x2a7	382
0x2a7	383
0x2a7	384
0x2a7	385
0x2a7	386
0x2a7	387
0x2a7	388
0x2a7	389
0x2a7	390
0x2a7	391
0x2a7	392
0x2a7	393
0x2a7	394
0x2a7	395
0x2a7	396
0x2a7	397
0x2a7	398
0x2a7	399
0x2a7	400
0x2a7	401
0x2a7	402
0x2a7	403
0x2a7	404
0x2a7	405
0x2a7	406
0x2a7	407
0x2a7	408
0x2a7	409
0x2a7	410
0x2a7	411
0x2a7	412
0x2a7	413
0x2a7	414
0x2a7	415
0x2a7	416
0x2a7	417
0x2a7	418
0x2a7	419
0x2a7	420
0x2a7	421
0x2a7	422
0x2a7	423
0x2a7	424
0x2a7	425
0x2a7	426
0x2a7	427
0x2a7	428
0x2a7	429
0x2a7	430
0x2a7	431
0x2a7	432
0x2a7	433
0x2a7	434
0x2a7	435
0x2a7	436
0x2a7	437
0x2a7	438
0x2a7	439
0x2a7	440
0x2a7	441
0x2a7	442
0x2a7	443
0x2a7	444
0x2a7	445
0x2a7	446
0x2a7	447
0x2a7	448
0x2a7	449
0x2a7	450
0x2a7	451
0x2a7	452
0x2a7	453
0x2a7	454
0x2a7	455
0x2a7	456
0x2a7	457
0x2a7	458
0x2a7	459
0x2a7	460
0x2a7	461
0x2a7	462
0x2a7	463
0x2a7	464
0x2a7	465
0x2a7	466
0x2a7	467
0x2a7	468
0x2a7	469
0x2a7	470
0x2a7	471
0x2a7	472
0x2a7	473
0x2a7	474
0x2a7	475
0x2a7	476
0x2a7	477
0x2a7	478
0x2a7	479
0x2a7	480
0x2a7	481
0x2a7	482
0x2a7	483
0x2a7	484
0x2a7	485
0x2a7	486
0x2a7	487
0x2a7	488
0x2a7	489
0x2a7	490
0x2a7	491
0x2a7	492
0x2a7	493
0x2a7	494
0x2a7	495
0x2a7	496
0x2a7	497
0x2a7	498
0x2a7	499
0x2a7	500
0x2a7	501
0x2a7	502
0x2a7	503
0x2a7	504
0x2a7	505
0x2a7	506
0x2a7	507
0x2a7	508
0x2a7	509
0x2a7	510
0x2a7	511
0x2a7	512
0x2a7	513
0x2a7	514
0x2a7	515
0x2a7	516
0x2a7	517
0x2a7	518
0x2a7	519
0x2a7	520
0x2a7	521
0x2a7	522
0x2a7	523
0x2a7	524
0x2a7	525
0x2a7	526
0x2a7	527
0x2a7	528
0x2a7	529
0x2a7	530
0x2a7	531
0x2a7	532
0x2a7	533
0x2a7	534
0x2a7	535
0x2a7	536
0x2a7	537
0x2a7	538
0x2a7	539
0x2a7	540
0x2a7	541
0x2a7	542
0x2a7	543
0x2a7	544
0x2a7	545
0x2a7	546
0x2a7	547
0x2a7	548
0x2a7	549
0x2a7	550
0x2a7	551
0x2a7	552
0x2a7	553
0x2a7	554
0x2a7	555
0x2a7	556
0x2a7	557
0x2a7	558
0x2a7	559
0x2a7	560
0x2a7	561
0x2a7	562
0x2a7	563
0x2a7	564
0x2a7	565
0x2a7	566
0x2a7	567
0x2a7	568
0x2a7	569
0x2a7	570
0x2a7	571
0x2a7	572
0x2a7	573
0x2a7	574
0x2a7	575
0x2a7	576
0x2a7	577
0x2a7	578
0x2a7	579
0x2a7	580
0x2a7	581
0x2a7	582
0x2a7	583
0x2a7	584
0x2a7	585
0x2a7	586
0x2a7	587
0x2a7	588
0x2a7	589
0x2a7	590
0x2a7	591
0x2a7	592
0x2a7	593
0x2a7	594
0x2a7	595
0x2a7	596
0x2a7	597
0x2a7	598
0x2a7	599
0x2a7	600
0x2a7	601
0x2a7	602
0x2a7	603
0x2a7	604
0x2a7	605
0x2a7	606
0x2a7	607
0x2a7	608
0x2a7	609
0x2a7	610
0x2a7	611
0x2a7	612
0x2a7	613
0x2a7	614
0x2a7	615
0x2a7	616
0x2a7	617
0x2a7	618
0x2a7	619
0x2a7	620
0x2a7	621
0x2a7	622
0x2a7	623
0x2a7	624
0x2a7	625
0x2a7	626
0x2a7	627
0x2a7	628
0x2a7	629
0x2a7	630
0x2a7	631
0x2a7	632
0x2a7	633
0x2a7	634
0x2a7	635
0x2a7	636
0x2a7	637
0x2a7	638
0x2a7	639
0x2a7	640
0x2a7	641
0x2a7	642
0x2a7	643
0x2a7	644
0x2a7	645
0x2a7	646
0x2a7	647
0x2a7	648
0x2a7	649
0x2a7	650
0x2a7	651
0x2a7	652
0x2a7	653
0x2a7	654
0x2a7	655
0x2a7	656
0x2a7	657
0x2a7	658
0x2a7	659
0x2a7	660
0x2a7	661
0x2a7	662
0x2a7	663
0x2a7	664
0x2a7	665
0x2a7	666
0x2a7	667
0xa6B0x39	5
0xc3B0x4e	6
0xc3B0x4e	7
0x13dB0x4e	10
0x13dB0x4e	11
0xaaB0x4e	5
0xaaB0x4e	6
0xbdB0x4e	6
0xfcB0x4e	8
0xfcB0x4e	9
0xe5B0x4e	7
0xe5B0x4e	8
0x5133B0x4e	670
0x5133B0x4e	671
0x12dB0x4e	9
0x12dB0x4e	10
0x11eB0x4e	9
0x156B0x4e	11
0x156B0x4e	12
0x156B0x4e	13
0x156B0x4e	667
0x156B0x4e	668
0x517dB0x4e	672
0x517dB0x4e	673
0x517dB0x4e	674
0xa6B0xfcB0x4e	5
0x263B0xc3B0x4e	19
0x263B0xc3B0x4e	20
0x236B0xc3B0x4e	18
0x236B0xc3B0x4e	19
0x227B0xc3B0x4e	17
0x227B0xc3B0x4e	18
0x275B0x227B0xc3B0x4e	20
0x251B0x13dB0x4e	19
0x1ecB0x13dB0x4e	15
0x1ecB0x13dB0x4e	16
0x1ecB0x13dB0x4e	17
0x1ddB0x13dB0x4e	15
0x275B0x1ddB0x13dB0x4e	20
0x1c3B0x16	14
0x1b4B0x16	14
0x1c7B0x16	14
0x1c7B0x16	15
0x1a1B0x1c7B0x16	13
0x2a3B0x1a1B0x1c7B0x16	21
0x290B0x1a1B0x1c7B0x16	21
0x29bB0x1a1B0x1c7B0x16	21
0x27eB0x290B0x1a1B0x1c7B0x16	20
0x27eB0x290B0x1a1B0x1c7B0x16	21
0x515bB0x4e	671
0x515bB0x4e	672
0x51efB0xc3B0x4e	676
0x51efB0xc3B0x4e	677
0x51caB0x13dB0x4e	675
0x51caB0x13dB0x4e	676
0x1d5B0x16	15
0x51a5B0x1c7B0x16	674
0x51a5B0x1c7B0x16	675
0x5239B0x1a1B0x1c7B0x16	679
0x5214B0x290B0x1a1B0x1c7B0x16	677
0x5214B0x290B0x1a1B0x1c7B0x16	679
