0x40	nil
0x0	nil
0x1f	nil
0x4	nil
0xf	nil
0x2	nil
0x5	nil
0x7	nil
0x8	nil
0xc	nil
0x12	nil
0x14	nil
0x15	nil
0x1a	nil
0x1c	nil
0x1d	nil
0x21	nil
0x26	nil
0x27	nil
0x2c	nil
0x31	nil
0x32	nil
0x37	nil
0x3c	nil
0x3d	nil
0x42	nil
0x47	nil
0x4d	nil
0x52	nil
0x58	nil
0x5d	nil
0x63	nil
0x68	nil
0x6e	nil
0x73	nil
0x78	nil
0x7e	nil
0x83	nil
0x89	nil
0x8e	nil
0x94	nil
0x99	nil
0x9f	nil
0xa4	nil
0xa9	nil
0xaf	nil
0xb4	nil
0xb5	nil
0xba	nil
0xbf	nil
0xc5	nil
0xca	nil
0xd0	nil
0xd5	nil
0xdb	nil
0xe0	nil
0xe6	nil
0xeb	nil
0xf0	nil
0xf6	nil
0xfb	nil
0x101	nil
0x106	nil
0x10c	nil
0x111	nil
0x117	nil
0x11c	nil
0x121	nil
0x127	nil
0x12c	nil
0x12d	nil
0x132	nil
0x137	nil
0x138	nil
0x13d	nil
0x142	nil
0x148	nil
0x14d	nil
0x153	nil
0x158	nil
0x15e	nil
0x163	nil
0x169	nil
0x16e	nil
0x173	nil
0x179	nil
0x17e	nil
0x184	nil
0x189	nil
0x18f	nil
0x194	nil
0x19a	nil
0x19f	nil
0x1a4	nil
0x1aa	nil
0x1af	nil
0x1b0	nil
0x1b5	nil
0x1ba	nil
0x1c0	nil
0x1c5	nil
0x1cb	nil
0x1d0	nil
0x1d6	nil
0x1db	nil
0x1e1	nil
0x1e6	nil
0x1eb	nil
0x1f1	nil
0x1f5	nil
0x1fb	nil
0x200	nil
0x206	nil
0x20b	nil
0x211	nil
0x216	nil
0x21c	nil
0x221	nil
0x224	nil
0x227	nil
0x228	nil
0x229	nil
0x22c	nil
0x22d	nil
0x22e	nil
0x232	nil
0x238	nil
0x23a	nil
0x23c	nil
0x23e	nil
0x23f	nil
0x241	nil
0x242	nil
0x244	nil
0x246	nil
0x247	nil
0x248	nil
0x25f	nil
0x262	nil
0x265	nil
0x266	nil
0x267	nil
0x26a	nil
0x26b	nil
0x26c	nil
0x270	nil
0x276	nil
0x277	nil
0x279	nil
0x27b	nil
0x27d	nil
0x27e	nil
0x27f	nil
0x280	nil
0x281	nil
0x29a	nil
0x29d	nil
0x2a0	nil
0x2a1	nil
0x2a2	nil
0x2a5	nil
0x2a6	nil
0x2a7	nil
0x2ab	nil
0x2b1	nil
0x2b3	nil
0x2b6	nil
0x2b8	nil
0x2b9	nil
0x2bb	nil
0x2bd	nil
0x2bf	nil
0x2c0	nil
0x2c1	nil
0x2c5	nil
0x2cb	nil
0x2cd	nil
0x2d0	nil
0x2d1	nil
0x2d2	nil
0x2d3	nil
0x2d7	nil
0x2dd	nil
0x2df	nil
0x2e1	nil
0x2e4	nil
0x2e7	nil
0x2e9	nil
0x2ea	nil
0x2eb	nil
0x2ed	nil
0x2ef	nil
0x2f1	nil
0x2f2	nil
0x2f3	nil
0x2f4	nil
0x2f8	nil
0x301	nil
0x303	nil
0x304	nil
0x308	nil
0x309	nil
0x30a	nil
0x30c	nil
0x30d	nil
0x30f	nil
0x312	nil
0x313	nil
0x31e	nil
0x320	nil
0x327	nil
0x32a	nil
0x333	nil
0x340	nil
0x343	nil
0x346	nil
0x347	nil
0x348	nil
0x34b	nil
0x34c	nil
0x34d	nil
0x351	nil
0x357	nil
0x358	nil
0x3d2	nil
0x3d5	nil
0x3da	nil
0x3dd	nil
0x3e0	nil
0x3e1	nil
0x3e2	nil
0x3e5	nil
0x3e6	nil
0x3e7	nil
0x3eb	nil
0x3f1	nil
0x3f3	nil
0x3f5	nil
0x3f7	nil
0x3f8	nil
0x3fa	nil
0x3fc	nil
0x3fe	nil
0x401	nil
0x402	nil
0x404	nil
0x407	nil
0x408	nil
0x40a	nil
0x40d	nil
0x40e	nil
0x411	nil
0x413	nil
0x415	nil
0x416	nil
0x417	nil
0x41c	nil
0x41f	nil
0x422	nil
0x423	nil
0x424	nil
0x427	nil
0x428	nil
0x429	nil
0x42d	nil
0x432	nil
0x434	nil
0x436	nil
0x438	nil
0x439	nil
0x43b	nil
0x43d	nil
0x43f	nil
0x442	nil
0x443	nil
0x446	nil
0x449	nil
0x44b	nil
0x44e	nil
0x44f	nil
0x452	nil
0x453	nil
0x454	nil
0x456	nil
0x458	nil
0x45a	nil
0x45b	nil
0x45c	nil
0x460	nil
0x466	nil
0x468	nil
0x46b	nil
0x46c	nil
0x46d	nil
0x46e	nil
0x472	nil
0x478	nil
0x47a	nil
0x47c	nil
0x47f	nil
0x482	nil
0x484	nil
0x485	nil
0x486	nil
0x488	nil
0x48a	nil
0x48c	nil
0x48d	nil
0x48e	nil
0x48f	nil
0x493	nil
0x49c	nil
0x49e	nil
0x49f	nil
0x4a1	nil
0x4a2	nil
0x4a4	nil
0x4a7	nil
0x4a8	nil
0x4b3	nil
0x4b5	nil
0x4b8	nil
0x4ba	nil
0x4bf	nil
0x4c2	nil
0x4cc	nil
0x4cf	nil
0x4d2	nil
0x4d6	nil
0x4d8	nil
0x4da	nil
0x4dc	nil
0x4dd	nil
0x4de	nil
0x4e2	nil
0x4e8	nil
0x4ea	nil
0x4ed	nil
0x4ee	nil
0x4ef	nil
0x4f0	nil
0x4f4	nil
0x4fa	nil
0x4fc	nil
0x4fe	nil
0x501	nil
0x504	nil
0x506	nil
0x507	nil
0x508	nil
0x50a	nil
0x50c	nil
0x50e	nil
0x50f	nil
0x510	nil
0x511	nil
0x515	nil
0x51e	nil
0x520	nil
0x521	nil
0x523	nil
0x524	nil
0x526	nil
0x529	nil
0x52a	nil
0x535	nil
0x537	nil
0x53a	nil
0x53c	nil
0x541	nil
0x544	nil
0x54e	nil
0x551	nil
0x554	nil
0x558	nil
0x55a	nil
0x55c	nil
0x55e	nil
0x55f	nil
0x560	nil
0x564	nil
0x56a	nil
0x56c	nil
0x56f	nil
0x570	nil
0x571	nil
0x572	nil
0x576	nil
0x57c	nil
0x57e	nil
0x580	nil
0x583	nil
0x586	nil
0x588	nil
0x589	nil
0x58a	nil
0x58c	nil
0x58e	nil
0x590	nil
0x591	nil
0x592	nil
0x593	nil
0x597	nil
0x5a0	nil
0x5a2	nil
0x5a3	nil
0x5a7	nil
0x5a8	nil
0x5a9	nil
0x5ab	nil
0x5ac	nil
0x5ae	nil
0x5b1	nil
0x5b2	nil
0x5bd	nil
0x5bf	nil
0x5c6	nil
0x5c9	nil
0x5d2	nil
0x5dd	nil
0x5e0	nil
0x5e3	nil
0x5e4	nil
0x5e5	nil
0x5e8	nil
0x5e9	nil
0x5ea	nil
0x5ee	nil
0x5f4	nil
0x5f5	nil
0x5f7	nil
0x5f9	nil
0x5fb	nil
0x5fc	nil
0x5fd	nil
0x5fe	nil
0x603	nil
0x606	nil
0x609	nil
0x60a	nil
0x60b	nil
0x60e	nil
0x60f	nil
0x610	nil
0x614	nil
0x61a	nil
0x61c	nil
0x61e	nil
0x620	nil
0x621	nil
0x623	nil
0x624	nil
0x626	nil
0x628	nil
0x629	nil
0x62a	nil
0x62f	nil
0x632	nil
0x635	nil
0x636	nil
0x637	nil
0x63a	nil
0x63b	nil
0x63c	nil
0x640	nil
0x646	nil
0x648	nil
0x64a	nil
0x64c	nil
0x64d	nil
0x64f	nil
0x651	nil
0x653	nil
0x655	nil
0x656	nil
0x657	nil
0x658	nil
0x65d	nil
0x660	nil
0x663	nil
0x664	nil
0x665	nil
0x668	nil
0x669	nil
0x66a	nil
0x66e	nil
0x674	nil
0x676	nil
0x679	nil
0x67b	nil
0x67c	nil
0x67e	nil
0x680	nil
0x682	nil
0x683	nil
0x684	nil
0x688	nil
0x68e	nil
0x690	nil
0x693	nil
0x694	nil
0x695	nil
0x696	nil
0x69a	nil
0x6a0	nil
0x6a2	nil
0x6a4	nil
0x6a7	nil
0x6aa	nil
0x6ac	nil
0x6ad	nil
0x6ae	nil
0x6b0	nil
0x6b2	nil
0x6b4	nil
0x6b5	nil
0x6b6	nil
0x6b7	nil
0x6bb	nil
0x6c4	nil
0x6c6	nil
0x6c7	nil
0x6c9	nil
0x6ca	nil
0x6cc	nil
0x6cf	nil
0x6d0	nil
0x6db	nil
0x6dd	nil
0x6e0	nil
0x6e2	nil
0x6e7	nil
0x6ea	nil
0x6f4	nil
0x6f7	nil
0x6fa	nil
0x6fe	nil
0x700	nil
0x702	nil
0x704	nil
0x705	nil
0x706	nil
0x70a	nil
0x710	nil
0x712	nil
0x715	nil
0x716	nil
0x717	nil
0x718	nil
0x71c	nil
0x722	nil
0x724	nil
0x726	nil
0x729	nil
0x72c	nil
0x72e	nil
0x72f	nil
0x730	nil
0x732	nil
0x734	nil
0x736	nil
0x737	nil
0x738	nil
0x739	nil
0x73d	nil
0x746	nil
0x748	nil
0x749	nil
0x74b	nil
0x74c	nil
0x74e	nil
0x751	nil
0x752	nil
0x75d	nil
0x75f	nil
0x762	nil
0x764	nil
0x769	nil
0x76c	nil
0x775	nil
0x7d0	nil
0x7d3	nil
0x7d6	nil
0x7d7	nil
0x7d8	nil
0x7db	nil
0x7dc	nil
0x7dd	nil
0x7e1	nil
0x7e7	nil
0x7e8	nil
0x7ea	nil
0x7ec	nil
0x7ee	nil
0x7ef	nil
0x7f0	nil
0x7f1	nil
0x7f6	nil
0x7f9	nil
0x7fc	nil
0x7fd	nil
0x7fe	nil
0x801	nil
0x802	nil
0x803	nil
0x807	nil
0x80d	nil
0x80f	nil
0x811	nil
0x813	nil
0x814	nil
0x816	nil
0x817	nil
0x819	nil
0x81b	nil
0x81c	nil
0x81d	nil
0x822	nil
0x825	nil
0x82a	nil
0x82d	nil
0x830	nil
0x831	nil
0x832	nil
0x835	nil
0x836	nil
0x837	nil
0x83b	nil
0x841	nil
0x842	nil
0x844	nil
0x846	nil
0x848	nil
0x849	nil
0x84a	nil
0x84b	nil
0x850	nil
0x853	nil
0x856	nil
0x857	nil
0x858	nil
0x85b	nil
0x85c	nil
0x85d	nil
0x861	nil
0x866	nil
0x868	nil
0x86a	nil
0x86c	nil
0x86d	nil
0x86f	nil
0x870	nil
0x872	nil
0x875	nil
0x876	nil
0x879	nil
0x87b	nil
0x87e	nil
0x87f	nil
0x882	nil
0x883	nil
0x884	nil
0x886	nil
0x888	nil
0x88a	nil
0x88b	nil
0x88c	nil
0x890	nil
0x896	nil
0x898	nil
0x89b	nil
0x89c	nil
0x89d	nil
0x89e	nil
0x8a2	nil
0x8a8	nil
0x8aa	nil
0x8ac	nil
0x8af	nil
0x8b2	nil
0x8b4	nil
0x8b5	nil
0x8b6	nil
0x8b8	nil
0x8ba	nil
0x8bc	nil
0x8bd	nil
0x8be	nil
0x8bf	nil
0x8c3	nil
0x8ce	nil
0x8d3	nil
0x8d6	nil
0x8d9	nil
0x8da	nil
0x8db	nil
0x8de	nil
0x8df	nil
0x8e0	nil
0x8e4	nil
0x8ea	nil
0x8eb	nil
0x8f0	nil
0x8f2	nil
0x8f5	nil
0x8f7	nil
0x8f9	nil
0x8fb	nil
0x8fc	nil
0x8fd	nil
0x900	nil
0x902	nil
0x904	nil
0x906	nil
0x908	nil
0x90a	nil
0x90e	nil
0x910	nil
0x913	nil
0x919	nil
0x91c	nil
0x91e	nil
0x922	nil
0x924	nil
0x926	nil
0x928	nil
0x92a	nil
0x92e	nil
0x933	nil
0x934	nil
0x935	nil
0x93b	nil
0x93c	nil
0x93f	nil
0x941	nil
0x943	nil
0x944	nil
0x94f	nil
0x952	nil
0x958	nil
0x95b	nil
0x95d	nil
0x961	nil
0x963	nil
0x965	nil
0x967	nil
0x969	nil
0x96d	nil
0x972	nil
0x973	nil
0x974	nil
0x97a	nil
0x97b	nil
0x97e	nil
0x980	nil
0x982	nil
0x983	nil
0x98e	nil
0x997	nil
0x999	nil
0x99c	nil
0x9a0	nil
0x9a3	nil
0x9a6	nil
0x9a7	nil
0x9a8	nil
0x9ab	nil
0x9ac	nil
0x9ad	nil
0x9b1	nil
0x9b7	nil
0x9b9	nil
0x9bb	nil
0x9bd	nil
0x9be	nil
0x9c0	nil
0x9c1	nil
0x9c3	nil
0x9c6	nil
0x9c7	nil
0x9c9	nil
0x9cb	nil
0x9cc	nil
0x9cd	nil
0x9d2	nil
0x9d5	nil
0x9f6	nil
0x9f9	nil
0x9fc	nil
0x9fd	nil
0x9fe	nil
0xa01	nil
0xa02	nil
0xa03	nil
0xa07	nil
0xa0d	nil
0xa0e	nil
0xa10	nil
0xa12	nil
0xa14	nil
0xa15	nil
0xa16	nil
0xa17	nil
0xa1c	nil
0xa1f	nil
0xa22	nil
0xa23	nil
0xa24	nil
0xa27	nil
0xa28	nil
0xa29	nil
0xa2d	nil
0xa33	nil
0xa34	nil
0xa36	nil
0xa38	nil
0xa3a	nil
0xa3b	nil
0xa3c	nil
0xa3d	nil
0xa42	nil
0xa45	nil
0xa48	nil
0xa49	nil
0xa4a	nil
0xa4d	nil
0xa4e	nil
0xa4f	nil
0xa53	nil
0xa59	nil
0xa5b	nil
0xa5d	nil
0xa5f	nil
0xa60	nil
0xa62	nil
0xa63	nil
0xa65	nil
0xa67	nil
0xa68	nil
0xa69	nil
0xa6e	nil
0xa71	nil
0xa74	nil
0xa75	nil
0xa76	nil
0xa79	nil
0xa7a	nil
0xa7b	nil
0xa7f	nil
0xa85	nil
0xa87	nil
0xa89	nil
0xa8b	nil
0xa8c	nil
0xa8e	nil
0xa8f	nil
0xa91	nil
0xa93	nil
0xa94	nil
0xa95	nil
0xa96	nil
0xa97	nil
0xa9c	nil
0xa9f	nil
0xaa2	nil
0xaa3	nil
0xaa4	nil
0xaa7	nil
0xaa8	nil
0xaa9	nil
0xaad	nil
0xab2	nil
0xab4	nil
0xab6	nil
0xab8	nil
0xab9	nil
0xabb	nil
0xabc	nil
0xabe	nil
0xac1	nil
0xac2	nil
0xac4	nil
0xac7	nil
0xac8	nil
0xacc	nil
0xace	nil
0xad1	nil
0xad2	nil
0xad5	nil
0xad6	nil
0xad7	nil
0xad9	nil
0xadb	nil
0xadd	nil
0xade	nil
0xadf	nil
0xae3	nil
0xae9	nil
0xaeb	nil
0xaee	nil
0xaef	nil
0xaf0	nil
0xaf1	nil
0xaf5	nil
0xafb	nil
0xafd	nil
0xaff	nil
0xb02	nil
0xb05	nil
0xb07	nil
0xb08	nil
0xb09	nil
0xb0b	nil
0xb0d	nil
0xb0f	nil
0xb10	nil
0xb11	nil
0xb12	nil
0xb16	nil
0xb21	nil
0xb24	nil
0xb26	nil
0xb27	nil
0xb29	nil
0xb2b	nil
0xb2d	nil
0xb2e	nil
0xb2f	nil
0xb33	nil
0xb39	nil
0xb3b	nil
0xb3e	nil
0xb3f	nil
0xb40	nil
0xb41	nil
0xb45	nil
0xb4b	nil
0xb4d	nil
0xb4f	nil
0xb52	nil
0xb55	nil
0xb57	nil
0xb58	nil
0xb59	nil
0xb5b	nil
0xb5d	nil
0xb5f	nil
0xb60	nil
0xb61	nil
0xb62	nil
0xb66	nil
0xb71	nil
0xb76	nil
0xb79	nil
0xb7c	nil
0xb7d	nil
0xb7e	nil
0xb81	nil
0xb82	nil
0xb83	nil
0xb87	nil
0xb8d	nil
0xb8e	nil
0xb93	nil
0xb96	nil
0xb97	nil
0xb99	nil
0xb9b	nil
0xb9d	nil
0xb9e	nil
0xba1	nil
0xba4	nil
0xba6	nil
0xba8	nil
0xbaa	nil
0xbab	nil
0xbae	nil
0xbaf	nil
0xbb2	nil
0xbb6	nil
0xbbb	nil
0xbbe	nil
0xbc0	nil
0xbc4	nil
0xbc5	nil
0xbc7	nil
0xbcb	nil
0xbce	nil
0xbd1	nil
0xbd2	nil
0xbd3	nil
0xbd6	nil
0xbd7	nil
0xbd8	nil
0xbdc	nil
0xbe2	nil
0xbe3	nil
0xbe5	nil
0xbe7	nil
0xbe9	nil
0xbea	nil
0xbeb	nil
0xbec	nil
0xbf1	nil
0xbf4	nil
0xbf7	nil
0xbf8	nil
0xbf9	nil
0xbfc	nil
0xbfd	nil
0xbfe	nil
0xc02	nil
0xc08	nil
0xc09	nil
0xc0b	nil
0xc0d	nil
0xc0f	nil
0xc10	nil
0xc11	nil
0xc12	nil
0xc17	nil
0xc1a	nil
0xc1d	nil
0xc1e	nil
0xc1f	nil
0xc22	nil
0xc23	nil
0xc24	nil
0xc28	nil
0xc2e	nil
0xc2f	nil
0xc31	nil
0xc33	nil
0xc35	nil
0xc36	nil
0xc37	nil
0xc38	nil
0xc3d	nil
0xc40	nil
0xc43	nil
0xc44	nil
0xc45	nil
0xc48	nil
0xc49	nil
0xc4a	nil
0xc4e	nil
0xc53	nil
0xc55	nil
0xc57	nil
0xc59	nil
0xc5a	nil
0xc5c	nil
0xc5d	nil
0xc61	nil
0xc63	nil
0xc66	nil
0xc67	nil
0xc6a	nil
0xc6b	nil
0xc6c	nil
0xc6e	nil
0xc70	nil
0xc72	nil
0xc73	nil
0xc74	nil
0xc78	nil
0xc7e	nil
0xc80	nil
0xc83	nil
0xc84	nil
0xc85	nil
0xc86	nil
0xc8a	nil
0xc90	nil
0xc92	nil
0xc94	nil
0xc97	nil
0xc9a	nil
0xc9c	nil
0xc9d	nil
0xc9e	nil
0xca0	nil
0xca2	nil
0xca4	nil
0xca5	nil
0xca6	nil
0xca7	nil
0xcab	nil
0xcb6	nil
0xcbb	nil
0xcbe	nil
0xcc3	nil
0xcc6	nil
0xcc9	nil
0xcca	nil
0xccb	nil
0xcce	nil
0xccf	nil
0xcd0	nil
0xcd4	nil
0xcda	nil
0xcdb	nil
0xce0	nil
0xce3	nil
0xce4	nil
0xce6	nil
0xce8	nil
0xcea	nil
0xceb	nil
0xcee	nil
0xcf4	nil
0xcf5	nil
0xcf8	nil
0xcfa	nil
0xcfc	nil
0xcfe	nil
0xd00	nil
0xd01	nil
0xd02	nil
0xd05	nil
0xd08	nil
0xd0c	nil
0xd0d	nil
0xd0f	nil
0xd13	nil
0xd16	nil
0xd19	nil
0xd1a	nil
0xd1b	nil
0xd1e	nil
0xd1f	nil
0xd20	nil
0xd24	nil
0xd2a	nil
0xd2c	nil
0xd2e	nil
0xd30	nil
0xd31	nil
0xd33	nil
0xd34	nil
0xd36	nil
0xd38	nil
0xd39	nil
0xd3a	nil
0xd3f	nil
0xd42	nil
0xd45	nil
0xd46	nil
0xd47	nil
0xd4a	nil
0xd4b	nil
0xd4c	nil
0xd50	nil
0xd56	nil
0xd58	nil
0xd5a	nil
0xd5c	nil
0xd5d	nil
0xd5f	nil
0xd60	nil
0xd62	nil
0xd64	nil
0xd65	nil
0xd66	nil
0xd6b	nil
0xd6e	nil
0xd71	nil
0xd72	nil
0xd73	nil
0xd76	nil
0xd77	nil
0xd78	nil
0xd7c	nil
0xd82	nil
0xd84	nil
0xd86	nil
0xd88	nil
0xd89	nil
0xd8b	nil
0xd8d	nil
0xd8f	nil
0xd91	nil
0xd92	nil
0xd93	nil
0xd94	nil
0xd99	nil
0xd9c	nil
0xd9f	nil
0xda0	nil
0xda1	nil
0xda4	nil
0xda5	nil
0xda6	nil
0xdaa	nil
0xdaf	nil
0xdb1	nil
0xdb3	nil
0xdb5	nil
0xdb6	nil
0xdb8	nil
0xdba	nil
0xdbc	nil
0xdbf	nil
0xdc0	nil
0xdc3	nil
0xdc5	nil
0xdc8	nil
0xdc9	nil
0xdcb	nil
0xdce	nil
0xdcf	nil
0xdd2	nil
0xdd4	nil
0xdd7	nil
0xdd8	nil
0xddb	nil
0xddc	nil
0xddd	nil
0xddf	nil
0xde1	nil
0xde3	nil
0xde4	nil
0xde5	nil
0xde9	nil
0xdef	nil
0xdf1	nil
0xdf4	nil
0xdf5	nil
0xdf6	nil
0xdf7	nil
0xdfb	nil
0xe01	nil
0xe03	nil
0xe05	nil
0xe08	nil
0xe0b	nil
0xe0d	nil
0xe0e	nil
0xe0f	nil
0xe11	nil
0xe13	nil
0xe15	nil
0xe16	nil
0xe17	nil
0xe18	nil
0xe1c	nil
0xe25	nil
0xe27	nil
0xe28	nil
0xe2c	nil
0xe2d	nil
0xe2e	nil
0xe30	nil
0xe31	nil
0xe33	nil
0xe36	nil
0xe37	nil
0xe42	nil
0xe44	nil
0xe4b	nil
0xe4e	nil
0xe57	nil
0xe62	nil
0xe65	nil
0xe8d	nil
0xe8f	nil
0xe91	nil
0xe93	nil
0xe94	nil
0xe95	nil
0xe97	nil
0xe98	nil
0xe9d	nil
0xea2	nil
0xea5	nil
0xea6	nil
0xea7	nil
0xea9	nil
0xeb0	nil
0xeb2	nil
0xeb3	nil
0xeb5	nil
0xeb7	nil
0xeb9	nil
0xeba	nil
0xebb	nil
0xebc	nil
0xebd	nil
0xebe	nil
0xec2	nil
0xec5	nil
0xec6	nil
0xeca	nil
0xecc	nil
0xecf	nil
0xed1	nil
0xed4	nil
0xed6	nil
0xed8	nil
0xedb	nil
0xedd	nil
0xef6	nil
0xef8	nil
0xef9	nil
0xefc	nil
0xeff	nil
0xf03	nil
0xf04	nil
0xf06	nil
0xf0b	nil
0xf0c	nil
0xf10	nil
0xf13	nil
0xf16	nil
0xf18	nil
0xf21	nil
0xf23	nil
0xf25	nil
0xf27	nil
0xf28	nil
0xf29	nil
0xf2d	nil
0xf30	nil
0xf31	nil
0xf35	nil
0xf37	nil
0xf3a	nil
0xf3c	nil
0xf3f	nil
0xf41	nil
0xf43	nil
0xf46	nil
0xf48	nil
0xf69	nil
0xf6c	nil
0xf6f	nil
0xf73	nil
0xf74	nil
0xf76	nil
0xf7a	nil
0xf7d	nil
0xf7e	nil
0xf80	nil
0xf81	nil
0xf84	nil
0xf87	nil
0xf88	nil
0xf89	nil
0xf8a	nil
0xf8b	nil
0xf8c	nil
0xf8d	nil
0xf92	nil
0xf95	nil
0xf96	nil
0xf99	nil
0xf9d	nil
0xfa1	nil
0xfa6	nil
0xfa8	nil
0xfac	nil
0xfb1	nil
0xfb3	nil
0xfb4	nil
0xfb6	nil
0xfba	nil
0xfbb	nil
0xfbe	nil
0xfc0	nil
0xfc1	nil
0xfc2	nil
0xfc5	nil
0xfc6	nil
0xfc7	nil
0xfc8	nil
0xfcb	nil
0xfcd	nil
0xfce	nil
0xfd3	nil
0xfd5	nil
0xfd6	nil
0xfda	nil
0xfdf	nil
0xfe0	nil
0xfe1	nil
0xfe6	nil
0xfe8	nil
0xfee	nil
0xff1	nil
0xff4	nil
0xff6	nil
0xff8	nil
0xffc	nil
0x1000	nil
0x1002	nil
0x1004	nil
0x1006	nil
0x1009	nil
0x100a	nil
0x1012	nil
0x1013	nil
0x1016	nil
0x101c	nil
0x101f	nil
0x1020	nil
0x1025	nil
0x1028	nil
0x102a	nil
0x102d	nil
0x102f	nil
0x1033	nil
0x1035	nil
0x1036	nil
0x103b	nil
0x103e	nil
0x1040	nil
0x1041	nil
0x1044	nil
0x1045	nil
0x1047	nil
0x1049	nil
0x104a	nil
0x104d	nil
0x104e	nil
0x1051	nil
0x105c	nil
0x105e	nil
0x1064	nil
0x1066	nil
0x106a	nil
0x106c	nil
0x1071	nil
0x1073	nil
0x1074	nil
0x1078	nil
0x1079	nil
0x107d	nil
0x1082	nil
0x1091	nil
0x1092	nil
0x1097	nil
0x1099	nil
0x109c	nil
0x109f	nil
0x10a0	nil
0x10a1	nil
0x10a3	nil
0x10a4	nil
0x10a8	nil
0x10ab	nil
0x10ac	nil
0x10b0	nil
0x10b2	nil
0x10b5	nil
0x10b7	nil
0x10ba	nil
0x10bc	nil
0x10be	nil
0x10c1	nil
0x10c3	nil
0x10d2	nil
0x10d4	nil
0x10d5	nil
0x10d8	nil
0x10db	nil
0x10df	nil
0x10e0	nil
0x10e2	nil
0x10e6	nil
0x10ee	nil
0x10fd	nil
0x10ff	nil
0x1101	nil
0x1103	nil
0x1104	nil
0x1106	nil
0x1107	nil
0x110b	nil
0x110d	nil
0x110e	nil
0x1112	nil
0x1114	nil
0x1117	nil
0x1119	nil
0x111c	nil
0x111e	nil
0x1121	nil
0x1124	nil
0x1128	nil
0x112a	nil
0x112c	nil
0x112f	nil
0x1133	nil
0x1135	nil
0x1139	nil
0x113b	nil
0x113e	nil
0x1143	nil
0x1145	nil
0x1146	nil
0x1147	nil
0x114b	nil
0x114d	nil
0x114e	nil
0x1152	nil
0x1154	nil
0x1157	nil
0x1159	nil
0x115c	nil
0x115e	nil
0x1161	nil
0x1164	nil
0x1168	nil
0x116a	nil
0x116c	nil
0x116f	nil
0x1173	nil
0x1175	nil
0x1179	nil
0x117b	nil
0x117e	nil
0x1182	nil
0x1184	nil
0x1186	nil
0x1188	nil
0x1189	nil
0x118b	nil
0x118c	nil
0x118d	nil
0x118f	nil
0x1194	nil
0x1198	nil
0x1199	nil
0x119e	nil
0x11a2	nil
0x11a4	nil
0x11a5	nil
0x11a9	nil
0x11ab	nil
0x11ae	nil
0x11b0	nil
0x11b3	nil
0x11b5	nil
0x11b8	nil
0x11bb	nil
0x11bf	nil
0x11c1	nil
0x11c3	nil
0x11c6	nil
0x11ca	nil
0x11cc	nil
0x11d0	nil
0x11d2	nil
0x11d5	nil
0x11d9	nil
0x11dd	nil
0x11df	nil
0x11e0	nil
0x11e1	nil
0x11e5	nil
0x11ea	nil
0x11ec	nil
0x11ed	nil
0x11f3	nil
0x11f5	nil
0x11f6	nil
0x11f8	nil
0x11f9	nil
0x11fa	nil
0x11fd	nil
0x1202	nil
0x1207	nil
0x120b	nil
0x120e	nil
0x120f	nil
0x1213	nil
0x1215	nil
0x1218	nil
0x121a	nil
0x121d	nil
0x121f	nil
0x1221	nil
0x1224	nil
0x1226	nil
0x1234	nil
0x1236	nil
0x1237	nil
0x123a	nil
0x123d	nil
0x1241	nil
0x1242	nil
0x1244	nil
0x1248	nil
0x124d	nil
0x124f	nil
0x1252	nil
0x1255	nil
0x1257	nil
0x1258	nil
0x125a	nil
0x125c	nil
0x125e	nil
0x125f	nil
0x1260	nil
0x1261	nil
0x1262	nil
0x1264	nil
0x1266	nil
0x1268	nil
0x1269	nil
0x126b	nil
0x126c	nil
0x126f	nil
0x1271	nil
0x1272	nil
0x1279	nil
0x127b	nil
0x127d	nil
0x127f	nil
0x1280	nil
0x1281	nil
0x1283	nil
0x1285	nil
0x1287	nil
0x1289	nil
0x128a	nil
0x128b	nil
0x128c	nil
0x128d	nil
0x128f	nil
0x1291	nil
0x1293	nil
0x1294	nil
0x1295	nil
0x1296	nil
0x12b9	nil
0x12bb	nil
0x12be	nil
0x12c0	nil
0x12c2	nil
0x12c4	nil
0x12c7	nil
0x12cd	nil
0x12d0	nil
0x12d2	nil
0x12d6	nil
0x12d8	nil
0x12da	nil
0x12dc	nil
0x12de	nil
0x12e2	nil
0x12e7	nil
0x12e8	nil
0x12e9	nil
0x12ef	nil
0x12f0	nil
0x12f3	nil
0x12f5	nil
0x12f7	nil
0x12f8	nil
0x1303	nil
0x1306	nil
0x130c	nil
0x130f	nil
0x1311	nil
0x1315	nil
0x1317	nil
0x1319	nil
0x131b	nil
0x131d	nil
0x1321	nil
0x1326	nil
0x1327	nil
0x1328	nil
0x132e	nil
0x132f	nil
0x1332	nil
0x1334	nil
0x1336	nil
0x1337	nil
0x1342	nil
0x1349	nil
0x134b	nil
0x134e	nil
0x1351	nil
0x1354	nil
0x135a	nil
0x1366	nil
0x1368	nil
0x1369	nil
0x136b	nil
0x136d	nil
0x136f	nil
0x1370	nil
0x1371	nil
0x1372	nil
0x1373	nil
0x1374	nil
0x1378	nil
0x137b	nil
0x137c	nil
0x1380	nil
0x1382	nil
0x1385	nil
0x1387	nil
0x138a	nil
0x138c	nil
0x138e	nil
0x1391	nil
0x1393	nil
0x13a1	nil
0x13a3	nil
0x13a4	nil
0x13a7	nil
0x13aa	nil
0x13ae	nil
0x13af	nil
0x13b1	nil
0x13b5	nil
0x13b7	nil
0x13b9	nil
0x13bb	nil
0x13bc	nil
0x13be	nil
0x13bf	nil
0x13c4	nil
0x13c6	nil
0x13c9	nil
0x13cc	nil
0x13cd	nil
0x13ce	nil
0x13d0	nil
0x13d1	nil
0x13d5	nil
0x13d8	nil
0x13d9	nil
0x13dd	nil
0x13df	nil
0x13e2	nil
0x13e4	nil
0x13e7	nil
0x13e9	nil
0x13eb	nil
0x13ee	nil
0x13f0	nil
0x1406	nil
0x1408	nil
0x1409	nil
0x140c	nil
0x140f	nil
0x1413	nil
0x1414	nil
0x1416	nil
0x141a	nil
0x141c	nil
0x141e	nil
0x1420	nil
0x1421	nil
0x1422	nil
0x1423	nil
0x1428	nil
0x142a	nil
0x142d	nil
0x1430	nil
0x1432	nil
0x1433	nil
0x1435	nil
0x1436	nil
0x143b	nil
0x143c	nil
0x1441	nil
0x1443	nil
0x1446	nil
0x1449	nil
0x144a	nil
0x144b	nil
0x144d	nil
0x144e	nil
0x1452	nil
0x1455	nil
0x1456	nil
0x145a	nil
0x145c	nil
0x145f	nil
0x1461	nil
0x1464	nil
0x1466	nil
0x1468	nil
0x146b	nil
0x146d	nil
0x147c	nil
0x147e	nil
0x147f	nil
0x1482	nil
0x1485	nil
0x1489	nil
0x148a	nil
0x148c	nil
0x1490	nil
0x1495	nil
0x14a1	nil
0x14a3	nil
0x14a4	nil
0x14a6	nil
0x14a7	nil
0x14a8	nil
0x14ac	nil
0x14af	nil
0x14b0	nil
0x14b4	nil
0x14b6	nil
0x14b9	nil
0x14bb	nil
0x14be	nil
0x14c0	nil
0x14c2	nil
0x14c5	nil
0x14c7	nil
0x14e8	nil
0x14eb	nil
0x14ee	nil
0x14f2	nil
0x14f3	nil
0x14f5	nil
0x14f9	nil
0x14fb	nil
0x14fd	nil
0x14ff	nil
0x1500	nil
0x1502	nil
0x1503	nil
0x1507	nil
0x150a	nil
0x150b	nil
0x150f	nil
0x1511	nil
0x1514	nil
0x1516	nil
0x1519	nil
0x151b	nil
0x151d	nil
0x1520	nil
0x1522	nil
0x1543	nil
0x1546	nil
0x1549	nil
0x154d	nil
0x154e	nil
0x1550	nil
0x1554	nil
0x1556	nil
0x1558	nil
0x155a	nil
0x155b	nil
0x155d	nil
0x155e	nil
0x1562	nil
0x1564	nil
0x1565	nil
0x1569	nil
0x156b	nil
0x156e	nil
0x1570	nil
0x1573	nil
0x1575	nil
0x1578	nil
0x157b	nil
0x157f	nil
0x1581	nil
0x1583	nil
0x1586	nil
0x158a	nil
0x158c	nil
0x1590	nil
0x1592	nil
0x1595	nil
0x1599	nil
0x159c	nil
0x159d	nil
0x159f	nil
0x15a1	nil
0x15a3	nil
0x15a4	nil
0x15a7	nil
0x15a8	nil
0x15aa	nil
0x15ac	nil
0x15ae	nil
0x15af	nil
0x15b0	nil
0x15b3	nil
0x15b4	nil
0x15b8	nil
0x15bb	nil
0x15bf	nil
0x15c1	nil
0x15c2	nil
0x15c5	nil
0x15c8	nil
0x15c9	nil
0x15cb	nil
0x15cc	nil
0x15ce	nil
0x15d3	nil
0x15d6	nil
0x15d8	nil
0x15d9	nil
0x15da	nil
0x15de	nil
0x15e0	nil
0x15e1	nil
0x15e5	nil
0x15e7	nil
0x15ea	nil
0x15ec	nil
0x15ef	nil
0x15f1	nil
0x15f4	nil
0x15f7	nil
0x15fb	nil
0x15fd	nil
0x15ff	nil
0x1602	nil
0x1606	nil
0x1608	nil
0x160c	nil
0x160e	nil
0x1611	nil
0x1615	nil
0x1618	nil
0x1619	nil
0x1623	nil
0x1625	nil
0x1626	nil
0x162a	nil
0x1630	nil
0x1632	nil
0x1638	nil
0x163a	nil
0x163b	nil
0x163d	nil
0x163f	nil
0x1640	nil
0x1644	nil
0x1645	nil
0x164a	nil
0x164c	nil
0x164d	nil
0x1650	nil
0x1652	nil
0x1655	nil
0x165c	nil
0x1660	nil
0x1662	nil
0x1663	nil
0x1664	nil
0x1668	nil
0x166e	nil
0x1670	nil
0x1671	nil
0x1677	nil
0x1679	nil
0x167a	nil
0x167c	nil
0x167d	nil
0x167e	nil
0x1682	nil
0x1684	nil
0x1685	nil
0x168b	nil
0x168d	nil
0x168e	nil
0x1690	nil
0x1691	nil
0x1692	nil
0x1693	nil
0x169b	nil
0x169d	nil
0x169e	nil
0x16a4	nil
0x16a8	nil
0x16ac	nil
0x16ad	nil
0x16af	nil
0x16b1	nil
0x16b2	nil
0x16bf	nil
0x16c1	nil
0x16c2	nil
0x16c4	nil
0x16c6	nil
0x16c8	nil
0x16c9	nil
0x16ca	nil
0x16cb	nil
0x16cc	nil
0x16cd	nil
0x16d1	nil
0x16d4	nil
0x16d5	nil
0x16d9	nil
0x16db	nil
0x16de	nil
0x16e0	nil
0x16e3	nil
0x16e5	nil
0x16e7	nil
0x16ea	nil
0x16ec	nil
0x16fa	nil
0x16fc	nil
0x16fd	nil
0x1700	nil
0x1703	nil
0x1707	nil
0x1708	nil
0x170a	nil
0x170e	nil
0x1710	nil
0x1712	nil
0x1714	nil
0x1715	nil
0x1717	nil
0x1718	nil
0x171c	nil
0x171e	nil
0x171f	nil
0x1723	nil
0x1725	nil
0x1728	nil
0x172a	nil
0x172d	nil
0x172f	nil
0x1732	nil
0x1735	nil
0x1739	nil
0x173b	nil
0x173d	nil
0x1740	nil
0x1744	nil
0x1746	nil
0x174a	nil
0x174c	nil
0x174f	nil
0x1753	nil
0x1755	nil
0x1756	nil
0x1758	nil
0x1759	nil
0x175b	nil
0x175d	nil
0x175f	nil
0x1760	nil
0x1763	nil
0x1765	nil
0x1767	nil
0x1789	nil
0x178d	nil
0x1790	nil
0x1791	nil
0x1793	nil
0x1795	nil
0x1797	nil
0x1798	nil
0x1799	nil
0x179a	nil
0x179b	nil
0x179d	nil
0x179f	nil
0x17a1	nil
0x17a2	nil
0x17a6	nil
0x17aa	nil
0x17af	nil
0x17b0	nil
0x17b5	nil
0x17b7	nil
0x17ba	nil
0x17bd	nil
0x17be	nil
0x17bf	nil
0x17c1	nil
0x17c2	nil
0x17c6	nil
0x17c9	nil
0x17ca	nil
0x17ce	nil
0x17d0	nil
0x17d3	nil
0x17d5	nil
0x17d8	nil
0x17da	nil
0x17dc	nil
0x17df	nil
0x17e1	nil
0x17f0	nil
0x17f2	nil
0x17f3	nil
0x17f6	nil
0x17f9	nil
0x17fd	nil
0x17fe	nil
0x1800	nil
0x1804	nil
0x1809	nil
0x180e	nil
0x1812	nil
0x1815	nil
0x1816	nil
0x181a	nil
0x181c	nil
0x181f	nil
0x1821	nil
0x1824	nil
0x1826	nil
0x1828	nil
0x182b	nil
0x182d	nil
0x183b	nil
0x183d	nil
0x183e	nil
0x1841	nil
0x1844	nil
0x1848	nil
0x1849	nil
0x184b	nil
0x184f	nil
0x1853	nil
0x1858	nil
0x185b	nil
0x185c	nil
0x185f	nil
0x1860	nil
0x1862	nil
0x1864	nil
0x1866	nil
0x1867	nil
0x186a	nil
0x186d	nil
0x186e	nil
0x186f	nil
0x1870	nil
0x1873	nil
0x1876	nil
0x1879	nil
0x187c	nil
0x187e	nil
0x1880	nil
0x1882	nil
0x1889	nil
0x1891	nil
0x1895	nil
0x1896	nil
0x189b	nil
0x189d	nil
0x189e	nil
0x18a2	nil
0x18a7	nil
0x18a8	nil
0x18a9	nil
0x18ad	nil
0x18af	nil
0x18b1	nil
0x18b7	nil
0x18ba	nil
0x18bd	nil
0x18bf	nil
0x18c1	nil
0x18c5	nil
0x18c9	nil
0x18cb	nil
0x18cd	nil
0x18cf	nil
0x18d2	nil
0x18d3	nil
0x18d9	nil
0x18da	nil
0x18dc	nil
0x18de	nil
0x18eb	nil
0x18ed	nil
0x18ef	nil
0x18f1	nil
0x18f2	nil
0x18f3	nil
0x18f4	nil
0x18f9	nil
0x18fb	nil
0x18fe	nil
0x1901	nil
0x1902	nil
0x1903	nil
0x1905	nil
0x1909	nil
0x190a	nil
0x190f	nil
0x1911	nil
0x1914	nil
0x1917	nil
0x1918	nil
0x1919	nil
0x191c	nil
0x191e	nil
0x191f	nil
0x1923	nil
0x1926	nil
0x1927	nil
0x192b	nil
0x192d	nil
0x1930	nil
0x1932	nil
0x1935	nil
0x1937	nil
0x1939	nil
0x193c	nil
0x193e	nil
0x194d	nil
0x194f	nil
0x1950	nil
0x1953	nil
0x1956	nil
0x195a	nil
0x195b	nil
0x195d	nil
0x1961	nil
0x1963	nil
0x1965	nil
0x1967	nil
0x1968	nil
0x196a	nil
0x196b	nil
0x196f	nil
0x1972	nil
0x1973	nil
0x1977	nil
0x1979	nil
0x197c	nil
0x197e	nil
0x1981	nil
0x1983	nil
0x1985	nil
0x1988	nil
0x198a	nil
0x19ab	nil
0x19ae	nil
0x19b1	nil
0x19b5	nil
0x19b6	nil
0x19b8	nil
0x19be	nil
0x19bf	nil
0x19c3	nil
0x19c5	nil
0x19c6	nil
0x19ca	nil
0x19cc	nil
0x19cf	nil
0x19d1	nil
0x19d4	nil
0x19d6	nil
0x19d9	nil
0x19dc	nil
0x19e0	nil
0x19e2	nil
0x19e4	nil
0x19e7	nil
0x19eb	nil
0x19ed	nil
0x19f1	nil
0x19f3	nil
0x19f6	nil
0x19fa	nil
0x1a01	nil
0x1a0f	nil
0x1a14	nil
0x1a16	nil
0x1a1b	nil
0x1a1f	nil
0x1a20	nil
0x1a21	nil
0x1a28	nil
0x1a29	nil
0x1a2c	nil
0x1a2d	nil
0x1a2f	nil
0x1a31	nil
0x1a34	nil
0x1a36	nil
0x1a38	nil
0x1a3f	nil
0x1a41	nil
0x1a43	nil
0x1a45	nil
0x1a46	nil
0x1a49	nil
0x1a4b	nil
0x1a55	nil
0x1a59	nil
0x1a5a	nil
0x1a5e	nil
0x1a60	nil
0x1a62	nil
0x1a65	nil
0x1a68	nil
0x1a6a	nil
0x1a6c	nil
0x1a70	nil
0x1a71	nil
0x1a73	nil
0x1a75	nil
0x1a77	nil
0x1a78	nil
0x1a79	nil
0x1a7c	nil
0x1a80	nil
0x1a82	nil
0x1a84	nil
0x1a87	nil
0x1a88	nil
0x1a94	nil
0x1a96	nil
0x1a9b	nil
0x1a9d	nil
0x1aa1	nil
0x1aa3	nil
0x1aa4	nil
0x1aa6	nil
0x1aa7	nil
0x1aa9	nil
0x1aab	nil
0x1aad	nil
0x1aaf	nil
0x1ab0	nil
0x1ab2	nil
0x1ab3	nil
0x1ab5	nil
0x1ab8	nil
0x1ab9	nil
0x1ac3	nil
0x1ac5	nil
0x1ac8	nil
0x1aca	nil
0x1acb	nil
0x1acf	nil
0x1ad1	nil
0x1ad3	nil
0x1ad6	nil
0x1ad9	nil
0x1adb	nil
0x1add	nil
0x1ae1	nil
0x1ae4	nil
0x1ae6	nil
0x1ae8	nil
0x1aea	nil
0x1aee	nil
0x1aef	nil
0x1b02	nil
0x1b03	nil
0x1b08	nil
0x1b0a	nil
0x1b0d	nil
0x1b10	nil
0x1b11	nil
0x1b12	nil
0x1b14	nil
0x1b15	nil
0x1b19	nil
0x1b1c	nil
0x1b1d	nil
0x1b21	nil
0x1b23	nil
0x1b26	nil
0x1b28	nil
0x1b2b	nil
0x1b2d	nil
0x1b2f	nil
0x1b32	nil
0x1b34	nil
0x1b45	nil
0x1b47	nil
0x1b48	nil
0x1b4b	nil
0x1b4e	nil
0x1b52	nil
0x1b53	nil
0x1b55	nil
0x1b59	nil
0x1b5e	nil
0x1b63	nil
0x1b67	nil
0x1b6a	nil
0x1b6b	nil
0x1b6f	nil
0x1b71	nil
0x1b74	nil
0x1b76	nil
0x1b79	nil
0x1b7b	nil
0x1b7d	nil
0x1b80	nil
0x1b82	nil
0x1b90	nil
0x1b92	nil
0x1b93	nil
0x1b96	nil
0x1b99	nil
0x1b9d	nil
0x1b9e	nil
0x1ba0	nil
0x1ba4	nil
0x1ba9	nil
0x1bab	nil
0x1bae	nil
0x1bb2	nil
0x1bb3	nil
0x1bb5	nil
0x1bb8	nil
0x1bba	nil
0x1bbc	nil
0x1bbf	nil
0x1bc0	nil
0x1bc2	nil
0x1bc4	nil
0x1bc6	nil
0x1bc7	nil
0x1bc8	nil
0x1bcc	nil
0x1bf0	nil
0x1bf5	nil
0x1bf7	nil
0x1bfa	nil
0x1bfd	nil
0x1bfe	nil
0x1bff	nil
0x1c07	nil
0x1c09	nil
0x1c0b	nil
0x1c0d	nil
0x1c0e	nil
0x1c10	nil
0x1c12	nil
0x1c14	nil
0x1c15	nil
0x1c16	nil
0x1c18	nil
0x1c1d	nil
0x1c22	nil
0x1c24	nil
0x1c27	nil
0x1c2b	nil
0x1c2d	nil
0x1c2e	nil
0x1c30	nil
0x1c32	nil
0x1c34	nil
0x1c35	nil
0x1c38	nil
0x1c39	nil
0x1c3b	nil
0x1c3d	nil
0x1c3e	nil
0x1c40	nil
0x1c44	nil
0x1c4a	nil
0x1c4c	nil
0x1c4d	nil
0x1c4f	nil
0x1c51	nil
0x1c53	nil
0x1c54	nil
0x1c55	nil
0x1c59	nil
0x1c5b	nil
0x1c5c	nil
0x1c5e	nil
0x1c60	nil
0x1c62	nil
0x1c63	nil
0x1c64	nil
0x1c65	nil
0x1c66	nil
0x1c67	nil
0x1c6b	nil
0x1c6e	nil
0x1c6f	nil
0x1c73	nil
0x1c75	nil
0x1c78	nil
0x1c7a	nil
0x1c7d	nil
0x1c7f	nil
0x1c81	nil
0x1c84	nil
0x1c86	nil
0x1c94	nil
0x1c96	nil
0x1c97	nil
0x1c9a	nil
0x1c9d	nil
0x1ca1	nil
0x1ca2	nil
0x1ca4	nil
0x1ca8	nil
0x1caa	nil
0x1cac	nil
0x1cae	nil
0x1caf	nil
0x1cb1	nil
0x1cb2	nil
0x1cb6	nil
0x1cb9	nil
0x1cba	nil
0x1cbe	nil
0x1cc0	nil
0x1cc3	nil
0x1cc5	nil
0x1cc8	nil
0x1cca	nil
0x1ccc	nil
0x1ccf	nil
0x1cd1	nil
0x1cf2	nil
0x1cf5	nil
0x1cf8	nil
0x1cfc	nil
0x1cfd	nil
0x1cff	nil
0x1d03	nil
0x1d05	nil
0x1d07	nil
0x1d09	nil
0x1d0a	nil
0x1d0c	nil
0x1d0d	nil
0x1d12	nil
0x1d14	nil
0x1d17	nil
0x1d1a	nil
0x1d1b	nil
0x1d1c	nil
0x1d1e	nil
0x1d1f	nil
0x1d20	nil
0x1d24	nil
0x1d27	nil
0x1d28	nil
0x1d2c	nil
0x1d2e	nil
0x1d31	nil
0x1d33	nil
0x1d36	nil
0x1d38	nil
0x1d3a	nil
0x1d3d	nil
0x1d3f	nil
0x1d54	nil
0x1d56	nil
0x1d57	nil
0x1d5a	nil
0x1d5d	nil
0x1d61	nil
0x1d62	nil
0x1d64	nil
0x1d68	nil
0x1d6a	nil
0x1d6c	nil
0x1d6e	nil
0x1d6f	nil
0x1d70	nil
0x1d71	nil
0x1d76	nil
0x1d78	nil
0x1d7b	nil
0x1d7e	nil
0x1d80	nil
0x1d81	nil
0x1d83	nil
0x1d84	nil
0x1d85	nil
0x1d87	nil
0x1d8c	nil
0x1d8e	nil
0x1d8f	nil
0x1d91	nil
0x1d93	nil
0x1d95	nil
0x1d96	nil
0x1d97	nil
0x1d98	nil
0x1d99	nil
0x1d9a	nil
0x1d9e	nil
0x1da1	nil
0x1da2	nil
0x1da6	nil
0x1da8	nil
0x1dab	nil
0x1dad	nil
0x1db0	nil
0x1db2	nil
0x1db4	nil
0x1db7	nil
0x1db9	nil
0x1dc7	nil
0x1dc9	nil
0x1dca	nil
0x1dcd	nil
0x1dd0	nil
0x1dd4	nil
0x1dd5	nil
0x1dd7	nil
0x1ddb	nil
0x1ddd	nil
0x1ddf	nil
0x1de1	nil
0x1de2	nil
0x1de4	nil
0x1de5	nil
0x1de9	nil
0x1deb	nil
0x1dec	nil
0x1df0	nil
0x1df2	nil
0x1df5	nil
0x1df7	nil
0x1dfa	nil
0x1dfc	nil
0x1dff	nil
0x1e02	nil
0x1e06	nil
0x1e08	nil
0x1e0a	nil
0x1e0d	nil
0x1e11	nil
0x1e13	nil
0x1e17	nil
0x1e19	nil
0x1e1c	nil
0x1e20	nil
0x1e22	nil
0x1e24	nil
0x1e26	nil
0x1e27	nil
0x1e29	nil
0x1e2a	nil
0x1e2f	nil
0x1e31	nil
0x1e34	nil
0x1e37	nil
0x1e38	nil
0x1e39	nil
0x1e3b	nil
0x1e3c	nil
0x1e3d	nil
0x1e41	nil
0x1e44	nil
0x1e45	nil
0x1e49	nil
0x1e4b	nil
0x1e4e	nil
0x1e50	nil
0x1e53	nil
0x1e55	nil
0x1e57	nil
0x1e5a	nil
0x1e5c	nil
0x1e73	nil
0x1e75	nil
0x1e76	nil
0x1e79	nil
0x1e7c	nil
0x1e80	nil
0x1e81	nil
0x1e83	nil
0x1e87	nil
0x1e89	nil
0x1e8b	nil
0x1e8d	nil
0x1e8e	nil
0x1e8f	nil
0x1e90	nil
0x1e95	nil
0x1e97	nil
0x1e9a	nil
0x1e9d	nil
0x1e9f	nil
0x1ea0	nil
0x1ea2	nil
0x1ea3	nil
0x1ea4	nil
0x1ea6	nil
0x1eab	nil
0x1eac	nil
0x1eb1	nil
0x1eb3	nil
0x1eb6	nil
0x1eb9	nil
0x1eba	nil
0x1ebb	nil
0x1ebd	nil
0x1ebe	nil
0x1ec2	nil
0x1ec5	nil
0x1ec6	nil
0x1eca	nil
0x1ecc	nil
0x1ecf	nil
0x1ed1	nil
0x1ed4	nil
0x1ed6	nil
0x1ed8	nil
0x1edb	nil
0x1edd	nil
0x1eec	nil
0x1eee	nil
0x1eef	nil
0x1ef2	nil
0x1ef5	nil
0x1ef9	nil
0x1efa	nil
0x1efc	nil
0x1f00	nil
0x1f05	nil
0x1f0a	nil
0x1f0e	nil
0x1f11	nil
0x1f12	nil
0x1f16	nil
0x1f18	nil
0x1f1b	nil
0x1f1d	nil
0x1f20	nil
0x1f22	nil
0x1f24	nil
0x1f27	nil
0x1f29	nil
0x1f37	nil
0x1f39	nil
0x1f3a	nil
0x1f3d	nil
0x1f40	nil
0x1f44	nil
0x1f45	nil
0x1f47	nil
0x1f4b	nil
0x1f50	nil
0x1f55	nil
0x1f56	nil
0x1f58	nil
0x1f5a	nil
0x1f5c	nil
0x1f5d	nil
0x1f5f	nil
0x1f60	nil
0x1f61	nil
0x1f62	nil
0x1f66	nil
0x1f69	nil
0x1f6a	nil
0x1f6e	nil
0x1f70	nil
0x1f73	nil
0x1f75	nil
0x1f78	nil
0x1f7c	nil
0x1f7f	nil
0x1f81	nil
0x1fa2	nil
0x1fa5	nil
0x1fa8	nil
0x1fac	nil
0x1fad	nil
0x1faf	nil
0x1fb3	nil
0x1fb4	nil
0x1fb9	nil
0x1fbb	nil
0x1fc0	nil
0x1fc4	nil
0x1fc5	nil
0x1fc7	nil
0x1fc9	nil
0x1fcb	nil
0x1fcc	nil
0x1fce	nil
0x1fd8	nil
0x1fda	nil
0x1fdb	nil
0x1fdd	nil
0x1fde	nil
0x1fe0	nil
0x1fe1	nil
0x1fe4	nil
0x1fe9	nil
0x1fee	nil
0x1ff2	nil
0x2017	nil
0x201a	nil
0x2021	nil
0x2022	nil
0x2027	nil
0x2029	nil
0x202c	nil
0x202f	nil
0x2030	nil
0x2031	nil
0x2033	nil
0x2034	nil
0x2038	nil
0x203b	nil
0x203c	nil
0x2040	nil
0x2042	nil
0x2045	nil
0x2047	nil
0x204a	nil
0x204c	nil
0x204e	nil
0x2051	nil
0x2053	nil
0x2062	nil
0x2064	nil
0x2065	nil
0x2068	nil
0x206b	nil
0x206f	nil
0x2070	nil
0x2072	nil
0x2076	nil
0x2080	nil
0x2091	nil
0x2096	nil
0x2098	nil
0x209d	nil
0x20a1	nil
0x20a2	nil
0x20a3	nil
0x20aa	nil
0x20ac	nil
0x20ad	nil
0x20b0	nil
0x20b1	nil
0x20b2	nil
0x20b6	nil
0x20b7	nil
0x20b8	nil
0x20ba	nil
0x20bc	nil
0x20be	nil
0x20bf	nil
0x20c2	nil
0x20c4	nil
0x20c6	nil
0x20c8	nil
0x20ca	nil
0x20cb	nil
0x20ce	nil
0x20d3	nil
0x20d5	nil
0x20d7	nil
0x20d9	nil
0x20da	nil
0x20db	nil
0x20dc	nil
0x20e1	nil
0x20e3	nil
0x20e6	nil
0x20e9	nil
0x20ea	nil
0x20eb	nil
0x20ed	nil
0x20f1	nil
0x20f3	nil
0x20f4	nil
0x20f6	nil
0x20f8	nil
0x20fa	nil
0x20fb	nil
0x20fc	nil
0x20fd	nil
0x20fe	nil
0x20ff	nil
0x2103	nil
0x2106	nil
0x2107	nil
0x210b	nil
0x210d	nil
0x2110	nil
0x2112	nil
0x2115	nil
0x2117	nil
0x2119	nil
0x211c	nil
0x211e	nil
0x2137	nil
0x2139	nil
0x213a	nil
0x213d	nil
0x2140	nil
0x2144	nil
0x2145	nil
0x2147	nil
0x214b	nil
0x214d	nil
0x214f	nil
0x2151	nil
0x2152	nil
0x2154	nil
0x2155	nil
0x2159	nil
0x215b	nil
0x215c	nil
0x2160	nil
0x2162	nil
0x2165	nil
0x2167	nil
0x216a	nil
0x216c	nil
0x216f	nil
0x2172	nil
0x2176	nil
0x2178	nil
0x217a	nil
0x217d	nil
0x2181	nil
0x2183	nil
0x2187	nil
0x2189	nil
0x218c	nil
0x2190	nil
0x2193	nil
0x2194	nil
0x2196	nil
0x2198	nil
0x219a	nil
0x219b	nil
0x219c	nil
0x219d	nil
0x219e	nil
0x21a0	nil
0x21a2	nil
0x21a4	nil
0x21a5	nil
0x21a9	nil
0x21ad	nil
0x21b2	nil
0x21b4	nil
0x21b5	nil
0x21b7	nil
0x21b9	nil
0x21bb	nil
0x21bc	nil
0x21bd	nil
0x21be	nil
0x21bf	nil
0x21c0	nil
0x21c4	nil
0x21c7	nil
0x21c8	nil
0x21cc	nil
0x21ce	nil
0x21d1	nil
0x21d3	nil
0x21d6	nil
0x21d8	nil
0x21da	nil
0x21dd	nil
0x21df	nil
0x21ed	nil
0x21ef	nil
0x21f0	nil
0x21f3	nil
0x21f6	nil
0x21fa	nil
0x21fb	nil
0x21fd	nil
0x2201	nil
0x2203	nil
0x2205	nil
0x2207	nil
0x2208	nil
0x220a	nil
0x220b	nil
0x2210	nil
0x2212	nil
0x2215	nil
0x2218	nil
0x2219	nil
0x221a	nil
0x221c	nil
0x221d	nil
0x2221	nil
0x2224	nil
0x2225	nil
0x2229	nil
0x222b	nil
0x222e	nil
0x2230	nil
0x2233	nil
0x2235	nil
0x2237	nil
0x223a	nil
0x223c	nil
0x225d	nil
0x2260	nil
0x2263	nil
0x2267	nil
0x2268	nil
0x226a	nil
0x226e	nil
0x2270	nil
0x2272	nil
0x2274	nil
0x2275	nil
0x2276	nil
0x2277	nil
0x227c	nil
0x227e	nil
0x2281	nil
0x2284	nil
0x2286	nil
0x2287	nil
0x2289	nil
0x228a	nil
0x228f	nil
0x2290	nil
0x2295	nil
0x2297	nil
0x229a	nil
0x229d	nil
0x229e	nil
0x229f	nil
0x22a1	nil
0x22a2	nil
0x22a6	nil
0x22a9	nil
0x22aa	nil
0x22ae	nil
0x22b0	nil
0x22b3	nil
0x22b5	nil
0x22b8	nil
0x22ba	nil
0x22bc	nil
0x22bf	nil
0x22c1	nil
0x22d0	nil
0x22d2	nil
0x22d3	nil
0x22d6	nil
0x22d9	nil
0x22dd	nil
0x22de	nil
0x22e0	nil
0x22e4	nil
0x22e9	nil
0x22ea	nil
0x22eb	nil
0x22ef	nil
0x22f8	nil
0x22f9	nil
0x2301	nil
0x2303	nil
0x2304	nil
0x2305	nil
0x2306	nil
0x230b	nil
0x230f	nil
0x2312	nil
0x2313	nil
0x2317	nil
0x2319	nil
0x231c	nil
0x231e	nil
0x2321	nil
0x2323	nil
0x2325	nil
0x2328	nil
0x232a	nil
0x2338	nil
0x233a	nil
0x233b	nil
0x233e	nil
0x2341	nil
0x2345	nil
0x2346	nil
0x2348	nil
0x234c	nil
0x234e	nil
0x234f	nil
0x2355	nil
0x235d	nil
0x235f	nil
0x2360	nil
0x2362	nil
0x2363	nil
0x2365	nil
0x2368	nil
0x2369	nil
0x2374	nil
0x2376	nil
0x2379	nil
0x237b	nil
0x2380	nil
0x2383	nil
0x2389	nil
0x2397	nil
0x2399	nil
0x239a	nil
0x239c	nil
0x239e	nil
0x23a0	nil
0x23a1	nil
0x23a2	nil
0x23a6	nil
0x23ab	nil
0x23ad	nil
0x23b0	nil
0x23b3	nil
0x23b5	nil
0x23b6	nil
0x23ba	nil
0x23bb	nil
0x23bc	nil
0x23be	nil
0x23c0	nil
0x23c2	nil
0x23c3	nil
0x23c4	nil
0x23c6	nil
0x23c8	nil
0x23ca	nil
0x23cc	nil
0x23cf	nil
0x23d1	nil
0x23d3	nil
0x23d5	nil
0x23d7	nil
0x23d8	nil
0x23db	nil
0x23df	nil
0x23e0	nil
0x23e5	nil
0x23e7	nil
0x23ea	nil
0x23ed	nil
0x23ee	nil
0x23ef	nil
0x23f1	nil
0x23f2	nil
0x23f6	nil
0x23f9	nil
0x23fa	nil
0x23fe	nil
0x2400	nil
0x2403	nil
0x2405	nil
0x2408	nil
0x240a	nil
0x240c	nil
0x240f	nil
0x2411	nil
0x2420	nil
0x2422	nil
0x2423	nil
0x2426	nil
0x2429	nil
0x242d	nil
0x242e	nil
0x2430	nil
0x2434	nil
0x2439	nil
0x243e	nil
0x2442	nil
0x2445	nil
0x2446	nil
0x244a	nil
0x244c	nil
0x244f	nil
0x2451	nil
0x2454	nil
0x2456	nil
0x2458	nil
0x245b	nil
0x245d	nil
0x247e	nil
0x2481	nil
0x2484	nil
0x2488	nil
0x2489	nil
0x248b	nil
0x248f	nil
0x2493	nil
0x2498	nil
0x249a	nil
0x249c	nil
0x249e	nil
0x24a0	nil
0x24a1	nil
0x24a3	nil
0x24a4	nil
0x2501	nil
0x2503	nil
0x2505	nil
0x2507	nil
0x2508	nil
0x250a	nil
0x250b	nil
0x250f	nil
0x2511	nil
0x2512	nil
0x2516	nil
0x2518	nil
0x251b	nil
0x251d	nil
0x2520	nil
0x2522	nil
0x2525	nil
0x2528	nil
0x252c	nil
0x252e	nil
0x2530	nil
0x2533	nil
0x2537	nil
0x2539	nil
0x253d	nil
0x253f	nil
0x2542	nil
0x2547	nil
0x2549	nil
0x254a	nil
0x254e	nil
0x2551	nil
0x2552	nil
0x2556	nil
0x2558	nil
0x255b	nil
0x255d	nil
0x2560	nil
0x2562	nil
0x2564	nil
0x2567	nil
0x2569	nil
0x2578	nil
0x257a	nil
0x257b	nil
0x257e	nil
0x2581	nil
0x2585	nil
0x2586	nil
0x2588	nil
0x258c	nil
0x258e	nil
0x2590	nil
0x2592	nil
0x2593	nil
0x2595	nil
0x2596	nil
0x2597	nil
0x2599	nil
0x259e	nil
0x25a2	nil
0x25a3	nil
0x25a8	nil
0x25ac	nil
0x25ae	nil
0x25af	nil
0x25b3	nil
0x25b5	nil
0x25b8	nil
0x25ba	nil
0x25bd	nil
0x25bf	nil
0x25c2	nil
0x25c5	nil
0x25c9	nil
0x25cb	nil
0x25cd	nil
0x25d0	nil
0x25d4	nil
0x25d6	nil
0x25da	nil
0x25dc	nil
0x25df	nil
0x25e3	nil
0x25e8	nil
0x25ed	nil
0x25f1	nil
0x25f4	nil
0x25f5	nil
0x25f9	nil
0x25fb	nil
0x25fe	nil
0x2600	nil
0x2603	nil
0x2605	nil
0x2607	nil
0x260a	nil
0x260c	nil
0x261a	nil
0x261c	nil
0x261d	nil
0x2620	nil
0x2623	nil
0x2627	nil
0x2628	nil
0x262a	nil
0x262e	nil
0x2633	nil
0x2635	nil
0x263a	nil
0x263f	nil
0x2641	nil
0x2642	nil
0x2644	nil
0x2646	nil
0x2648	nil
0x2649	nil
0x264a	nil
0x264b	nil
0x264c	nil
0x264e	nil
0x2650	nil
0x2652	nil
0x2653	nil
0x2656	nil
0x2659	nil
0x265e	nil
0x2664	nil
0x2669	nil
0x266e	nil
0x2670	nil
0x2672	nil
0x2697	nil
0x2698	nil
0x269b	nil
0x269e	nil
0x26a4	nil
0x26a9	nil
0x26ab	nil
0x26af	nil
0x26b2	nil
0x26b7	nil
0x26ba	nil
0x26bd	nil
0x26c1	nil
0x26c5	nil
0x26c7	nil
0x26c9	nil
0x26ca	nil
0x26cd	nil
0x26cf	nil
0x26d5	nil
0x26d9	nil
0x26da	nil
0x26de	nil
0x26e0	nil
0x26e1	nil
0x26e4	nil
0x26e7	nil
0x26ec	nil
0x26ef	nil
0x26f9	nil
0x26fb	nil
0x26fc	nil
0x2700	nil
0x2706	nil
0x2708	nil
0x270e	nil
0x2710	nil
0x2711	nil
0x2713	nil
0x2714	nil
0x2715	nil
0x2717	nil
0x2719	nil
0x271a	nil
0x271e	nil
0x271f	nil
0x2723	nil
0x2726	nil
0x2729	nil
0x272c	nil
0x2736	nil
0x2737	nil
0x273b	nil
0x273d	nil
0x273e	nil
0x273f	nil
0x2741	nil
0x2744	nil
0x2745	nil
0x2747	nil
0x2749	nil
0x274a	nil
0x274c	nil
0x274f	nil
0x2752	nil
0x2754	nil
0x275b	nil
0x275d	nil
0x275e	nil
0x2764	nil
0x2766	nil
0x2767	nil
0x2769	nil
0x276b	nil
0x276d	nil
0x276f	nil
0x2770	nil
0x2771	nil
0x2772	nil
0x2775	nil
0x2777	nil
0x277b	nil
0x277e	nil
0x2783	nil
0x2791	nil
0x2794	nil
0x2799	nil
0x279e	nil
0x27a1	nil
0x27a2	nil
0x27a5	nil
0x27a8	nil
0x27aa	nil
0x27ac	nil
0x27ae	nil
0x27af	nil
0x27b2	nil
0x27b5	nil
0x27b9	nil
0x27bf	nil
0x27c3	nil
0x27c8	nil
0x27d0	nil
0x27d2	nil
0x27d4	nil
0x27d5	nil
0x27d7	nil
0x27d9	nil
0x27db	nil
0x27dc	nil
0x27dd	nil
0x27de	nil
0x27e0	nil
0x27e4	nil
0x27e8	nil
0x27e9	nil
0x27ec	nil
0x27f1	nil
0x27f2	nil
0x27f6	nil
0x27fe	nil
0x2802	nil
0x2804	nil
0x2806	nil
0x2808	nil
0x2809	nil
0x280a	nil
0x280b	nil
0x2810	nil
0x2811	nil
0x2816	nil
0x2818	nil
0x281a	nil
0x281c	nil
0x281d	nil
0x281e	nil
0x281f	nil
0x2829	nil
0x282b	nil
0x282d	nil
0x2832	nil
0x2833	nil
0x2835	nil
0x2838	nil
0x283a	nil
0x283d	nil
0x283f	nil
0x2841	nil
0x2843	nil
0x2844	nil
0x2845	nil
0x2848	nil
0x284a	nil
0x284c	nil
0x284e	nil
0x2850	nil
0x2852	nil
0x2853	nil
0x2854	nil
0x2857	nil
0x2859	nil
0x285b	nil
0x285d	nil
0x285f	nil
0x2861	nil
0x2863	nil
0x2865	nil
0x2868	nil
0x286e	nil
0x2871	nil
0x2873	nil
0x2877	nil
0x2879	nil
0x287b	nil
0x287d	nil
0x287f	nil
0x2883	nil
0x2888	nil
0x2889	nil
0x288a	nil
0x2890	nil
0x2891	nil
0x2894	nil
0x2896	nil
0x2898	nil
0x2899	nil
0x28a4	nil
0x28a7	nil
0x28ad	nil
0x28b0	nil
0x28b2	nil
0x28b6	nil
0x28b8	nil
0x28ba	nil
0x28bc	nil
0x28be	nil
0x28c2	nil
0x28c7	nil
0x28c8	nil
0x28c9	nil
0x28cf	nil
0x28d0	nil
0x28d3	nil
0x28d5	nil
0x28d7	nil
0x28d8	nil
0x28e3	nil
0x28e6	nil
0x28ec	nil
0x28ef	nil
0x28f1	nil
0x28f5	nil
0x28f7	nil
0x28f9	nil
0x28fe	nil
0x2903	nil
0x2904	nil
0x2905	nil
0x290b	nil
0x290c	nil
0x290f	nil
0x2911	nil
0x2913	nil
0x2914	nil
0x2921	nil
0x2923	nil
0x2925	nil
0x2927	nil
0x2928	nil
0x292e	nil
0x2930	nil
0x2931	nil
0x2934	nil
0x2936	nil
0x2937	nil
0x293a	nil
0x293b	nil
0x293c	nil
0x293d	nil
0x2940	nil
0x2942	nil
0x2951	nil
0x2953	nil
0x2955	nil
0x2958	nil
0x295a	nil
0x295e	nil
0x295f	nil
0x2961	nil
0x2962	nil
0x2966	nil
0x296c	nil
0x296d	nil
0x2973	nil
0x2974	nil
0x2979	nil
0x297b	nil
0x297c	nil
0x297d	nil
0x2980	nil
0x2981	nil
0x2982	nil
0x2986	nil
0x298c	nil
0x298d	nil
0x2990	nil
0x2994	nil
0x2997	nil
0x2a63	nil
0x2a65	nil
0x2a67	nil
0x2a69	nil
0x2a6a	nil
0x2a6b	nil
0x2a6d	nil
0x2a6e	nil
0x2a73	nil
0x2a75	nil
0x2a76	nil
0x2a77	nil
0x2a7b	nil
0x2a7e	nil
0x2a7f	nil
0x2a83	nil
0x2a85	nil
0x2a88	nil
0x2a8a	nil
0x2a8d	nil
0x2a8f	nil
0x2a91	nil
0x2a94	nil
0x2a96	nil
0x2ab7	nil
0x2aba	nil
0x2abd	nil
0x2ac1	nil
0x2ac2	nil
0x2ac4	nil
0x2ad2	nil
0x2ad4	nil
0x2ad6	nil
0x2ad8	nil
0x2ada	nil
0x2adb	nil
0x2add	nil
0x2ade	nil
0x2ae2	nil
0x2ae5	nil
0x2ae6	nil
0x2aea	nil
0x2aec	nil
0x2aef	nil
0x2af1	nil
0x2af4	nil
0x2af6	nil
0x2af8	nil
0x2afb	nil
0x2afd	nil
0x2b1e	nil
0x2b21	nil
0x2b24	nil
0x2b28	nil
0x2b29	nil
0x2b2b	nil
0x2b2f	nil
0x2b32	nil
0x2b33	nil
0x2b37	nil
0x2b3c	nil
0x2b41	nil
0x2b43	nil
0x2b48	nil
0x2b4c	nil
0x2b4e	nil
0x2b4f	nil
0x2b51	nil
0x2b53	nil
0x2b55	nil
0x2b56	nil
0x2b59	nil
0x2b5a	nil
0x2b5c	nil
0x2b5e	nil
0x2b60	nil
0x2b61	nil
0x2b62	nil
0x2b65	nil
0x2b67	nil
0x2b6c	nil
0x2b6d	nil
0x2b70	nil
0x2b73	nil
0x2b75	nil
0x2b77	nil
0x2b79	nil
0x2b7a	nil
0x2b7b	nil
0x2b7d	nil
0x2b82	nil
0x2b85	nil
0x2b8b	nil
0x2b92	nil
0x2b98	nil
0x2b9a	nil
0x2b9c	nil
0x2b9e	nil
0x2ba0	nil
0x2ba1	nil
0x2ba3	nil
0x2ba5	nil
0x2ba6	nil
0x2ba9	nil
0x2baa	nil
0x2bac	nil
0x2bae	nil
0x2bb0	nil
0x2bb1	nil
0x2bb2	nil
0x2bb5	nil
0x2bb9	nil
0x2bbc	nil
0x2bbd	nil
0x2bc0	nil
0x2bc3	nil
0x2bc5	nil
0x2bc9	nil
0x2bcb	nil
0x2bcf	nil
0x2bd3	nil
0x2bd9	nil
0x2bdf	nil
0x2be0	nil
0x2be2	nil
0x2c07	nil
0x2c08	nil
0x2c0b	nil
0x2c0e	nil
0x2c0f	nil
0x2c13	nil
0x2c15	nil
0x2c17	nil
0x2c19	nil
0x2c1b	nil
0x2c1c	nil
0x2c20	nil
0x2c25	nil
0x2c2a	nil
0x2c2f	nil
0x2c31	nil
0x2c34	nil
0x2c38	nil
0x2c3a	nil
0x2c3b	nil
0x2c3d	nil
0x2c3f	nil
0x2c41	nil
0x2c42	nil
0x2c43	nil
0x2c44	nil
0x2c47	nil
0x2c4a	nil
0x2c4e	nil
0x2c50	nil
0x2c54	nil
0x2c57	nil
0x305a	nil
0x305f	nil
0x3061	nil
0x3066	nil
0x306a	nil
0x306c	nil
0x306d	nil
0x306f	nil
0x3071	nil
0x3073	nil
0x3074	nil
0x3075	nil
0x3078	nil
0x307c	nil
0x3082	nil
0x3084	nil
0x3087	nil
0x308a	nil
0x308d	nil
0x3091	nil
0x3093	nil
0x3097	nil
0x309d	nil
0x309f	nil
0x30a4	nil
0x30a9	nil
0x30ac	nil
0x30af	nil
0x30b0	nil
0x30b2	nil
0x30b8	nil
0x30ba	nil
0x30bf	nil
0x30c6	nil
0x30c8	nil
0x30cd	nil
0x30d1	nil
0x30d5	nil
0x30d9	nil
0x30db	nil
0x30dc	nil
0x30de	nil
0x30e0	nil
0x30e2	nil
0x30e3	nil
0x30e4	nil
0x30e5	nil
0x30e9	nil
0x30ef	nil
0x30f2	nil
0x30f3	nil
0x30f5	nil
0x30f7	nil
0x30f9	nil
0x30fa	nil
0x30fc	nil
0x30fe	nil
0x3100	nil
0x3125	nil
0x3126	nil
0x3202	nil
0x3205	nil
0x3206	nil
0x3210	nil
0x3212	nil
0x3213	nil
0x3217	nil
0x321d	nil
0x321f	nil
0x3225	nil
0x3227	nil
0x3228	nil
0x322a	nil
0x322c	nil
0x322d	nil
0x3231	nil
0x3232	nil
0x3237	nil
0x3239	nil
0x323a	nil
0x323d	nil
0x323f	nil
0x3242	nil
0x3249	nil
0x324d	nil
0x324f	nil
0x3250	nil
0x3251	nil
0x3255	nil
0x3257	nil
0x325c	nil
0x325e	nil
0x325f	nil
0x3265	nil
0x3267	nil
0x3268	nil
0x326a	nil
0x326b	nil
0x326c	nil
0x326f	nil
0x3271	nil
0x3275	nil
0x3277	nil
0x3278	nil
0x327a	nil
0x327b	nil
0x327d	nil
0x3280	nil
0x3282	nil
0x3284	nil
0x3286	nil
0x3288	nil
0x328a	nil
0x328b	nil
0x328c	nil
0x328d	nil
0x328e	nil
0x3291	nil
0x3293	nil
0x3298	nil
0x329a	nil
0x329b	nil
0x32a1	nil
0x32a5	nil
0x32a9	nil
0x32ab	nil
0x32ac	nil
0x32b0	nil
0x32b5	nil
0x32b7	nil
0x32b8	nil
0x32bc	nil
0x32be	nil
0x32bf	nil
0x32c1	nil
0x32c3	nil
0x32c5	nil
0x32c6	nil
0x32c7	nil
0x32c8	nil
0x32cb	nil
0x32ce	nil
0x32d2	nil
0x32d4	nil
0x32d9	nil
0x32da	nil
0x32e3	nil
0x32e4	nil
0x32ea	nil
0x32ec	nil
0x32ed	nil
0x32ef	nil
0x32f0	nil
0x32f1	nil
0x32f4	nil
0x32f6	nil
0x32fa	nil
0x32fc	nil
0x32fd	nil
0x32ff	nil
0x3300	nil
0x3304	nil
0x3305	nil
0x3307	nil
0x330c	nil
0x3311	nil
0x3314	nil
0x3317	nil
0x3318	nil
0x331a	nil
0x331f	nil
0x3322	nil
0x3323	nil
0x3329	nil
0x332b	nil
0x3330	nil
0x3332	nil
0x3333	nil
0x3339	nil
0x333d	nil
0x3341	nil
0x3343	nil
0x3344	nil
0x3348	nil
0x334d	nil
0x334f	nil
0x3350	nil
0x3354	nil
0x3358	nil
0x335c	nil
0x335e	nil
0x335f	nil
0x3361	nil
0x3363	nil
0x3365	nil
0x3366	nil
0x3367	nil
0x3368	nil
0x336c	nil
0x3372	nil
0x3373	nil
0x3379	nil
0x337d	nil
0x3381	nil
0x3382	nil
0x3384	nil
0x3386	nil
0x3387	nil
0x338d	nil
0x338f	nil
0x3391	nil
0x3393	nil
0x3395	nil
0x3396	nil
0x3397	nil
0x3399	nil
0x339b	nil
0x339d	nil
0x339f	nil
0x33a0	nil
0x33a1	nil
0x33a2	nil
0x33a3	nil
0x33a5	nil
0x33a7	nil
0x33a9	nil
0x33aa	nil
0x33ab	nil
0x33ac	nil
0x33cf	nil
0x33d1	nil
0x33d4	nil
0x33d6	nil
0x33d8	nil
0x33da	nil
0x33dd	nil
0x33e3	nil
0x33e6	nil
0x33e8	nil
0x33ec	nil
0x33ee	nil
0x33f0	nil
0x33f2	nil
0x33f4	nil
0x33f8	nil
0x33fd	nil
0x33fe	nil
0x33ff	nil
0x3405	nil
0x3406	nil
0x3409	nil
0x340b	nil
0x340d	nil
0x340e	nil
0x3419	nil
0x341c	nil
0x3422	nil
0x3425	nil
0x3427	nil
0x342b	nil
0x342d	nil
0x342f	nil
0x3431	nil
0x3433	nil
0x3437	nil
0x343c	nil
0x343d	nil
0x343e	nil
0x3444	nil
0x3445	nil
0x3448	nil
0x344a	nil
0x344c	nil
0x344d	nil
0x3458	nil
0x345f	nil
0x3461	nil
0x3464	nil
0x346c	nil
0x3471	nil
0x3473	nil
0x3476	nil
0x3479	nil
0x347a	nil
0x347e	nil
0x3483	nil
0x3488	nil
0x348a	nil
0x348d	nil
0x3490	nil
0x3491	nil
0x3495	nil
0x3499	nil
0x349b	nil
0x34a0	nil
0x34a5	nil
0x34a7	nil
0x34aa	nil
0x34ad	nil
0x34af	nil
0x34b4	nil
0x34b9	nil
0x34bc	nil
0x34bf	nil
0x34c0	nil
0x34c2	nil
0x34c8	nil
0x34ca	nil
0x34cf	nil
0x34d3	nil
0x34d5	nil
0x34d8	nil
0x34fe	nil
0x3502	nil
0x3504	nil
0x3506	nil
0x3508	nil
0x3509	nil
0x350a	nil
0x350b	nil
0x3510	nil
0x3511	nil
0x3516	nil
0x3518	nil
0x351a	nil
0x351c	nil
0x351d	nil
0x351e	nil
0x351f	nil
0x3529	nil
0x352b	nil
0x352d	nil
0x3532	nil
0x3533	nil
0x3535	nil
0x3538	nil
0x353a	nil
0x353d	nil
0x353f	nil
0x3541	nil
0x3543	nil
0x3544	nil
0x3545	nil
0x3548	nil
0x354a	nil
0x354c	nil
0x354e	nil
0x3550	nil
0x3552	nil
0x3553	nil
0x3554	nil
0x3557	nil
0x3559	nil
0x355d	nil
0x355f	nil
0x3563	nil
0x3565	nil
0x3567	nil
0x3569	nil
0x356c	nil
0x3572	nil
0x3575	nil
0x3577	nil
0x357b	nil
0x357d	nil
0x357f	nil
0x3584	nil
0x3589	nil
0x358a	nil
0x358b	nil
0x3591	nil
0x3592	nil
0x3595	nil
0x3597	nil
0x3599	nil
0x359a	nil
0x35a7	nil
0x35a9	nil
0x35ab	nil
0x35ad	nil
0x35ae	nil
0x35b4	nil
0x35b6	nil
0x35b7	nil
0x35ba	nil
0x35bc	nil
0x35bd	nil
0x35c0	nil
0x35c1	nil
0x35c2	nil
0x35c3	nil
0x35c6	nil
0x35c8	nil
0x35d5	nil
0x35d7	nil
0x35d9	nil
0x35dc	nil
0x35de	nil
0x35e2	nil
0x35e3	nil
0x35e5	nil
0x35e6	nil
0x35ea	nil
0x35f0	nil
0x35f1	nil
0x35f7	nil
0x35f8	nil
0x35fd	nil
0x35ff	nil
0x3600	nil
0x3601	nil
0x3604	nil
0x3605	nil
0x3606	nil
0x360a	nil
0x3610	nil
0x3611	nil
0x3614	nil
0x3618	nil
0x361b	nil
0x3620	nil
0x3622	nil
0x3624	nil
0x3626	nil
0x3627	nil
0x3628	nil
0x362a	nil
0x362b	nil
0x3630	nil
0x3632	nil
0x3633	nil
0x3634	nil
0x3638	nil
0x363b	nil
0x363c	nil
0x3640	nil
0x3642	nil
0x3645	nil
0x3647	nil
0x364a	nil
0x364c	nil
0x364e	nil
0x3651	nil
0x3653	nil
0x3674	nil
0x3677	nil
0x367a	nil
0x367e	nil
0x367f	nil
0x3681	nil
0x368b	nil
0x368d	nil
0x3691	nil
0x3696	nil
0x3698	nil
0x3699	nil
0x369f	nil
0x36a0	nil
0x36a5	nil
0x36a9	nil
0x36ab	nil
0x36ad	nil
0x36af	nil
0x36b0	nil
0x36b1	nil
0x36b2	nil
0x36b7	nil
0x36be	nil
0x36c1	nil
0x36c3	nil
0x36c8	nil
0x36d3	nil
0x36d4	nil
0x3964	nil
0x3966	nil
0x396a	nil
0x396c	nil
0x396e	nil
0x396f	nil
0x3970	nil
0x3971	nil
0x3975	nil
0x397a	nil
0x397f	nil
0x3984	nil
0x3988	nil
0x3989	nil
0x398e	nil
0x398f	nil
0x3993	nil
0x3998	nil
0x399a	nil
0x399b	nil
0x399c	nil
0x399e	nil
0x399f	nil
0x39a0	nil
0x39a5	nil
0x39a6	nil
0x39a7	nil
0x39b1	nil
0x39b4	nil
0x39b5	nil
0x39b8	nil
0x39b9	nil
0x39ba	nil
0x39bb	nil
0x39c3	nil
0x39ca	nil
0x39ce	nil
0x39d3	nil
0x39d4	nil
0x39d5	nil
0x39dd	nil
0x39e3	nil
0x39e5	nil
0x39e6	nil
0x39ea	nil
0x39eb	nil
0x39ec	nil
0x39ed	nil
0x39ee	nil
0x39f5	nil
0x39fa	nil
0x39fc	nil
0x39fd	nil
0x39ff	nil
0x3a00	nil
0x3a02	nil
0x3a03	nil
0x3a05	nil
0x3a06	nil
0x3c4f	nil
0x3c73	nil
0x3c97	nil
0x3cbb	nil
0x3cdf	nil
0x3d03	nil
0x3d27	nil
0x3d4b	nil
0x3d6f	nil
0x3d72	nil
0x3d76	nil
0x3d7a	nil
0x3d7b	nil
0x3d7d	nil
0x3da0	nil
0x3da3	nil
0x3da5	nil
0x3da6	nil
0x3da9	nil
0x3dad	nil
0x3dae	nil
0x3db0	nil
0x3df4	nil
0x3df7	nil
0x3df9	nil
0x3dfa	nil
0x3dfd	nil
0x3e01	nil
0x3e02	nil
0x3e04	nil
0x3e27	nil
0x3e2a	nil
0x3e2e	nil
0x3e32	nil
0x3e33	nil
0x3e35	nil
0x3e9a	nil
0x3e9d	nil
0x3ea1	nil
0x3ea5	nil
0x3ea6	nil
0x3ea8	nil
0x3f2e	nil
0x3f31	nil
0x3f33	nil
0x3f34	nil
0x3f37	nil
0x3f3b	nil
0x3f3c	nil
0x3f3e	nil
0x3f82	nil
0x3f85	nil
0x3f86	nil
0x3f88	nil
0x3f8a	nil
0x3f8c	nil
0x3f8d	nil
0x3f90	nil
0x3f93	nil
0x3f97	nil
0x3f98	nil
0x3f9a	nil
0x4041	nil
0x4044	nil
0x4048	nil
0x404c	nil
0x404d	nil
0x404f	nil
0x4072	nil
0x4075	nil
0x4077	nil
0x4078	nil
0x407b	nil
0x407f	nil
0x4080	nil
0x4082	nil
0x4108	nil
0x410b	nil
0x410c	nil
0x410e	nil
0x4110	nil
0x4112	nil
0x4113	nil
0x4116	nil
0x4119	nil
0x411d	nil
0x411e	nil
0x4120	nil
0x4164	nil
0x4167	nil
0x4169	nil
0x416a	nil
0x416d	nil
0x4171	nil
0x4172	nil
0x4174	nil
0x4197	nil
0x419a	nil
0x419c	nil
0x419d	nil
0x41a0	nil
0x41a4	nil
0x41a5	nil
0x41a7	nil
0x41eb	nil
0x41ee	nil
0x41f2	nil
0x41f6	nil
0x41f7	nil
0x41f9	nil
0x464a	nil
0x464c	nil
0x464e	nil
0x4650	nil
0x4652	nil
0x4654	nil
0x4656	nil
0x4658	nil
0x465a	nil
0x465c	nil
0x465e	nil
0x4660	nil
0x4662	nil
0x4664	nil
0x4666	nil
0x4668	nil
0x466a	nil
0x466c	nil
0x466e	nil
0x4670	nil
0x4672	nil
0x4674	nil
0x4676	nil
0x4678	nil
0x467a	nil
0x467c	nil
0x467e	nil
0x4680	nil
0x4682	nil
0x4684	nil
0x4686	nil
0x4688	nil
0x468a	nil
0x468c	nil
0x468e	nil
0x4690	nil
0x4692	nil
0x4695	nil
0x4698	nil
0x469b	nil
0x469e	nil
0x46a1	nil
0x46a4	nil
0x46a7	nil
0x46aa	nil
0x46ad	nil
0x46b0	nil
0x46b3	nil
0x46b6	nil
0x46b9	nil
0x46bc	nil
0x46bf	nil
0x46c2	nil
0x46c5	nil
0x46c8	nil
0x46cb	nil
0x46ce	nil
0x46d1	nil
0x46d4	nil
0x46d7	nil
0x46da	nil
0x46dd	nil
0x46e0	nil
0x46e3	nil
0x46e6	nil
0x46e9	nil
0x46ec	nil
0x46ef	nil
0x46f2	nil
0x46f5	nil
0x46f8	nil
0x46fb	nil
0x46fe	nil
0x4701	nil
0x828	nil
0x1205	nil
0x180c	nil
0x1b61	nil
0x1f08	nil
0x243c	nil
0x25eb	nil
0xfaf	nil
0x1498	nil
0x279c	nil
0x369c	nil
0x36b5	nil
0x299a	nil
0x361e	nil
0xe740x220	nil
0xe740x65c	nil
0x2a000x27fd	nil
0x2a000x34fd	nil
0x29ec0x27fd	nil
0x29ec0x34fd	nil
0x29dd0x27fd	nil
0x29dd0x34fd	nil
0x29a20x27fd	nil
0x29a20x34fd	nil
0x299d0x27fd	nil
0x299d0x34fd	nil
0x24ce0xc3c	nil
0x24ce0xd3e	nil
0x24ce0x2497	nil
0x24ab0xc3c	nil
0x24ab0xd3e	nil
0x24ab0x2497	nil
0x24a40xc3c	nil
0x24a40xd3e	nil
0xe7e0x220	nil
0xe7e0x65c	nil
0xe770x220	nil
0xe770x65c	nil
0xe6c0x220	nil
0xe6c0x65c	nil
0x7b70x65c	nil
0x7b70x84f	nil
0x7a80x65c	nil
0x7a80x84f	nil
0x3a60x33f	nil
0x3a60x821	nil
0x3920x33f	nil
0x3920x821	nil
0x3830x33f	nil
0x3830x821	nil
0x930_0x0	nil
0x939_0x0	nil
0x96f_0x0	nil
0x978_0x0	nil
0xffa_0x0	nil
0xffa_0x1	nil
0x101b_0x2	nil
0x1024_0x0	nil
0x1024_0x1	nil
0x1024_0x2	nil
0x103a_0x0	nil
0x103a_0x1	nil
0x103a_0x2	nil
0x103a_0x5	nil
0x119d_0x0	nil
0x11db_0x0	nil
0x11e5_0x0	nil
0x11f2_0x0	nil
0x1247_0x1	nil
0x12e4_0x0	nil
0x12ed_0x0	nil
0x1323_0x0	nil
0x132c_0x0	nil
0x165e_0x0	nil
0x1668_0x0	nil
0x1676_0x0	nil
0x1676_0x3	nil
0x168a_0x0	nil
0x1697_0x1	nil
0x16a3_0x0	nil
0x16a3_0x2	nil
0x16a3_0x3	nil
0x18c3_0x0	nil
0x18c3_0x1	nil
0x1a6e_0x0	nil
0x1a6e_0x1	nil
0x1adf_0x0	nil
0x1adf_0x1	nil
0x22e6_0x0	nil
0x22ef_0x0	nil
0x22fe_0x0	nil
0x230a_0x0	nil
0x234b_0x0	nil
0x25a7_0x0	nil
0x26d7_0x1	nil
0x26de_0x0	nil
0x26de_0x1	nil
0x26eb_0x0	nil
0x2704_0x1	nil
0x2723_0x0	nil
0x2734_0x5	nil
0x273b_0x0	nil
0x273b_0x5	nil
0x2763_0xa	nil
0x2885_0x0	nil
0x288e_0x0	nil
0x28c4_0x0	nil
0x28cd_0x0	nil
0x2900_0x0	nil
0x2909_0x0	nil
0x2945_0x1	nil
0x298f_0x0	nil
0x2a62_0x0	nil
0x324b_0x0	nil
0x3255_0x0	nil
0x3264_0x0	nil
0x3264_0x4	nil
0x32a0_0x0	nil
0x32a0_0x4	nil
0x32e9_0x0	nil
0x331e_0x2	nil
0x3338_0x0	nil
0x3338_0x4	nil
0x3378_0x0	nil
0x3378_0x3	nil
0x33fa_0x0	nil
0x3403_0x0	nil
0x3439_0x0	nil
0x3442_0x0	nil
0x3586_0x0	nil
0x358f_0x0	nil
0x35cb_0x1	nil
0x3613_0x0	nil
0x361f_0x0	nil
0x3d6e_0x0	nil
0x4163_0x0	nil
0x35c0x33f_0x0	nil
0x37e0x33f_0x0	nil
0x37e0x821_0x0	nil
0x3870x33f_0x0	nil
0x3870x821_0x0	nil
0x3c30x33f_0x1	nil
0x3c30x821_0x1	nil
0x7a30x65c_0x0	nil
0x7a30x84f_0x0	nil
0x7ac0x65c_0x0	nil
0x7ac0x84f_0x0	nil
0x29d80x27fd_0x0	nil
0x29d80x34fd_0x0	nil
0x29e10x27fd_0x0	nil
0x29e10x34fd_0x0	nil
0x2a1d0x27fd_0x1	nil
0x2a1d0x34fd_0x1	nil
0x2a5f0x27fd	nil
0x2a5f0x34fd	nil
0x2a5c0x27fd	nil
0x2a5c0x34fd	nil
0x2a5a0x27fd	nil
0x2a5a0x34fd	nil
0x2a560x27fd	nil
0x2a560x34fd	nil
0x2a540x27fd	nil
0x2a540x34fd	nil
0x2a500x27fd	nil
0x2a500x34fd	nil
0x2a4d0x27fd	nil
0x2a4d0x34fd	nil
0x2a4b0x27fd	nil
0x2a4b0x34fd	nil
0x2a490x27fd	nil
0x2a490x34fd	nil
0x2a450x27fd	nil
0x2a450x34fd	nil
0x2a420x27fd	nil
0x2a420x34fd	nil
0x2a3f0x27fd	nil
0x2a3f0x34fd	nil
0x2a3d0x27fd	nil
0x2a3d0x34fd	nil
0x2a3a0x27fd	nil
0x2a3a0x34fd	nil
0x2a380x27fd	nil
0x2a380x34fd	nil
0x2a350x27fd	nil
0x2a350x34fd	nil
0x2a330x27fd	nil
0x2a330x34fd	nil
0x2a2f0x27fd	nil
0x2a2f0x34fd	nil
0x2a2e0x27fd	nil
0x2a2e0x34fd	nil
0x2a2c0x27fd	nil
0x2a2c0x34fd	nil
0x2a280x27fd	nil
0x2a280x34fd	nil
0x2a250x27fd	nil
0x2a250x34fd	nil
0x2a230x27fd	nil
0x2a230x34fd	nil
0x2a1a0x27fd	nil
0x2a1a0x34fd	nil
0x2a180x27fd	nil
0x2a180x34fd	nil
0x2a150x27fd	nil
0x2a150x34fd	nil
0x2a140x27fd	nil
0x2a140x34fd	nil
0x2a130x27fd	nil
0x2a130x34fd	nil
0x2a120x27fd	nil
0x2a120x34fd	nil
0x2a0f0x27fd	nil
0x2a0f0x34fd	nil
0x2a0e0x27fd	nil
0x2a0e0x34fd	nil
0x2a0c0x27fd	nil
0x2a0c0x34fd	nil
0x2a090x27fd	nil
0x2a090x34fd	nil
0x2a080x27fd	nil
0x2a080x34fd	nil
0x2a060x27fd	nil
0x2a060x34fd	nil
0x29ff0x27fd	nil
0x29ff0x34fd	nil
0x29fd0x27fd	nil
0x29fd0x34fd	nil
0x29fb0x27fd	nil
0x29fb0x34fd	nil
0x29f90x27fd	nil
0x29f90x34fd	nil
0x29eb0x27fd	nil
0x29eb0x34fd	nil
0x29e90x27fd	nil
0x29e90x34fd	nil
0x29e70x27fd	nil
0x29e70x34fd	nil
0x29e40x27fd	nil
0x29e40x34fd	nil
0x29e30x27fd	nil
0x29e30x34fd	nil
0x29dc0x27fd	nil
0x29dc0x34fd	nil
0x29db0x27fd	nil
0x29db0x34fd	nil
0x29d60x27fd	nil
0x29d60x34fd	nil
0x29d10x27fd	nil
0x29d10x34fd	nil
0x29cf0x27fd	nil
0x29cf0x34fd	nil
0x29cd0x27fd	nil
0x29cd0x34fd	nil
0x29c90x27fd	nil
0x29c90x34fd	nil
0x29c70x27fd	nil
0x29c70x34fd	nil
0x29c40x27fd	nil
0x29c40x34fd	nil
0x29be0x27fd	nil
0x29be0x34fd	nil
0x29bb0x27fd	nil
0x29bb0x34fd	nil
0x29b90x27fd	nil
0x29b90x34fd	nil
0x29b60x27fd	nil
0x29b60x34fd	nil
0x29b40x27fd	nil
0x29b40x34fd	nil
0x29b10x27fd	nil
0x29b10x34fd	nil
0x29af0x27fd	nil
0x29af0x34fd	nil
0x29ab0x27fd	nil
0x29ab0x34fd	nil
0x29aa0x27fd	nil
0x29aa0x34fd	nil
0x29a80x27fd	nil
0x29a80x34fd	nil
0x24fd0xd6a	nil
0x24fb0xd6a	nil
0x24fa0xd6a	nil
0x24f90xd6a	nil
0x24f20xd6a	nil
0x24ee0xd6a	nil
0x24ea0xd6a	nil
0x24e50xd6a	nil
0x24e30xd6a	nil
0x24de0xd6a	nil
0x24dd0xd6a	nil
0x24da0xd6a	nil
0x24d90xd6a	nil
0x24d70xd6a	nil
0x24d50xd6a	nil
0x24d30xd6a	nil
0x24cd0xc3c	nil
0x24cd0xd3e	nil
0x24cd0x2497	nil
0x24cc0xc3c	nil
0x24cc0xd3e	nil
0x24cc0x2497	nil
0x24ca0xc3c	nil
0x24ca0xd3e	nil
0x24ca0x2497	nil
0x24c70xc3c	nil
0x24c70xd3e	nil
0x24c70x2497	nil
0x24c60xc3c	nil
0x24c60xd3e	nil
0x24c60x2497	nil
0x24c40xc3c	nil
0x24c40xd3e	nil
0x24c40x2497	nil
0x24c20xc3c	nil
0x24c20xd3e	nil
0x24c20x2497	nil
0x24c00xc3c	nil
0x24c00xd3e	nil
0x24c00x2497	nil
0x24bf0xc3c	nil
0x24bf0xd3e	nil
0x24bf0x2497	nil
0x24be0xc3c	nil
0x24be0xd3e	nil
0x24be0x2497	nil
0x24bb0xc3c	nil
0x24bb0xd3e	nil
0x24bb0x2497	nil
0x24b80xc3c	nil
0x24b80xd3e	nil
0x24b80x2497	nil
0x24b60xc3c	nil
0x24b60xd3e	nil
0x24b60x2497	nil
0x24b10xc3c	nil
0x24b10xd3e	nil
0x24b10x2497	nil
0x24a90xc3c	nil
0x24a90xd3e	nil
0x24a90x2497	nil
0x24a30xc3c	nil
0x24a30xd3e	nil
0x24a10xc3c	nil
0x24a10xd3e	nil
0x24a00xc3c	nil
0x24a00xd3e	nil
0x249e0xc3c	nil
0x249e0xd3e	nil
0x249c0xc3c	nil
0x249c0xd3e	nil
0x249a0xc3c	nil
0x249a0xd3e	nil
0x24980xc3c	nil
0x24980xd3e	nil
0xe840x220	nil
0xe840x65c	nil
0xe7c0x220	nil
0xe7c0x65c	nil
0xe760x220	nil
0xe760x65c	nil
0xe710x220	nil
0xe710x65c	nil
0xe6a0x220	nil
0xe6a0x65c	nil
0x7cc0x65c	nil
0x7cc0x84f	nil
0x7c90x65c	nil
0x7c90x84f	nil
0x7c70x65c	nil
0x7c70x84f	nil
0x7c20x65c	nil
0x7c20x84f	nil
0x7b60x65c	nil
0x7b60x84f	nil
0x7b40x65c	nil
0x7b40x84f	nil
0x7b20x65c	nil
0x7b20x84f	nil
0x7af0x65c	nil
0x7af0x84f	nil
0x7ae0x65c	nil
0x7ae0x84f	nil
0x7a70x65c	nil
0x7a70x84f	nil
0x7a60x65c	nil
0x7a60x84f	nil
0x7a10x65c	nil
0x7a10x84f	nil
0x79d0x65c	nil
0x79d0x84f	nil
0x79b0x65c	nil
0x79b0x84f	nil
0x7970x65c	nil
0x7970x84f	nil
0x7900x65c	nil
0x7900x84f	nil
0x78d0x65c	nil
0x78d0x84f	nil
0x78a0x65c	nil
0x78a0x84f	nil
0x7840x65c	nil
0x7840x84f	nil
0x7830x65c	nil
0x7830x84f	nil
0x7800x65c	nil
0x7800x84f	nil
0x3ce0x33f	nil
0x3ce0x821	nil
0x3cb0x33f	nil
0x3cb0x821	nil
0x3c90x33f	nil
0x3c90x821	nil
0x3c00x33f	nil
0x3c00x821	nil
0x3be0x33f	nil
0x3be0x821	nil
0x3bb0x33f	nil
0x3bb0x821	nil
0x3ba0x33f	nil
0x3ba0x821	nil
0x3b90x33f	nil
0x3b90x821	nil
0x3b80x33f	nil
0x3b80x821	nil
0x3b50x33f	nil
0x3b50x821	nil
0x3b40x33f	nil
0x3b40x821	nil
0x3b20x33f	nil
0x3b20x821	nil
0x3af0x33f	nil
0x3af0x821	nil
0x3ae0x33f	nil
0x3ae0x821	nil
0x3ac0x33f	nil
0x3ac0x821	nil
0x3a50x33f	nil
0x3a50x821	nil
0x3a30x33f	nil
0x3a30x821	nil
0x3a10x33f	nil
0x3a10x821	nil
0x39f0x33f	nil
0x39f0x821	nil
0x3910x33f	nil
0x3910x821	nil
0x38f0x33f	nil
0x38f0x821	nil
0x38d0x33f	nil
0x38d0x821	nil
0x38a0x33f	nil
0x38a0x821	nil
0x3890x33f	nil
0x3890x821	nil
0x3820x33f	nil
0x3820x821	nil
0x3810x33f	nil
0x3810x821	nil
0x37c0x33f	nil
0x37c0x821	nil
0x3770x33f	nil
0x3770x821	nil
0x3740x33f	nil
0x3740x821	nil
0x36d0x33f	nil
0x36d0x821	nil
0x36a0x33f	nil
0x36a0x821	nil
0x3670x33f	nil
0x3670x821	nil
0x3610x33f	nil
0x3610x821	nil
0x3600x33f	nil
0x3600x821	nil
0x35d0x33f	nil
0x35d0x821	nil
0x3685S0x27fd	[0x3684, nil]
0x3686S0x27fd	[0x3684, nil]
0x3687S0x27fd	[0x3684, nil]
0x2c92S0x19f9	[0x2c7b, nil]
0x2cd8S0x19f9	[0x2c7b, nil]
0x2d16S0x19f9	[0x2c7b, nil]
0x2d19S0x19f9	[0x2c7b, nil]
0x2d1aS0x19f9	[0x2c7b, nil]
0x2d1cS0x19f9	[0x2c7b, nil]
0x2d21S0x19f9	[0x2c7b, nil]
0x2d26S0x19f9	[0x2c7b, nil]
0x2d28S0x19f9	[0x2c7b, nil]
0x2d2dS0x19f9	[0x2c7b, nil]
0x2d32S0x19f9	[0x2c7b, nil]
0x2d34S0x19f9	[0x2c7b, nil]
0x2d35S0x19f9	[0x2c7b, nil]
0x2d37S0x19f9	[0x2c7b, nil]
0x2d39S0x19f9	[0x2c7b, nil]
0x2d3bS0x19f9	[0x2c7b, nil]
0x2d3cS0x19f9	[0x2c7b, nil]
0x2d3dS0x19f9	[0x2c7b, nil]
0x2d3eS0x19f9	[0x2c7b, nil]
0x2d3fS0x19f9	[0x2c7b, nil]
0x2d41S0x19f9	[0x2c7b, nil]
0x2d43S0x19f9	[0x2c7b, nil]
0x2d45S0x19f9	[0x2c7b, nil]
0x2d46S0x19f9	[0x2c7b, nil]
0x2d48S0x19f9	[0x2c7b, nil]
0x2d49S0x19f9	[0x2c7b, nil]
0x2d4dS0x19f9	[0x2c7b, nil]
0x2d4eS0x19f9	[0x2c7b, nil]
0x2d51S0x19f9	[0x2c7b, nil]
0x2d55S0x19f9	[0x2c7b, nil]
0x2d56S0x19f9	[0x2c7b, nil]
0x2d58S0x19f9	[0x2c7b, nil]
0x2d5aS0x19f9	[0x2c7b, nil]
0x2d5cS0x19f9	[0x2c7b, nil]
0x2d5dS0x19f9	[0x2c7b, nil]
0x2d5eS0x19f9	[0x2c7b, nil]
0x2d62S0x19f9	[0x2c7b, nil]
0x2d68S0x19f9	[0x2c7b, nil]
0x2d69S0x19f9	[0x2c7b, nil]
0x2d16_0x0S0x19f9	[0x2c7b, nil]
0x2c7cS0x19f9	[0x2c7b, nil]
0x2c7eS0x19f9	[0x2c7b, nil]
0x2c81S0x19f9	[0x2c7b, nil]
0x2c8bS0x19f9	[0x2c7b, nil]
0x2c8dS0x19f9	[0x2c7b, nil]
0x2c8eS0x19f9	[0x2c7b, nil]
0x2c98S0x19f9	[0x2c7b, nil]
0x2c9aS0x19f9	[0x2c7b, nil]
0x2ca0S0x19f9	[0x2c7b, nil]
0x2ca2S0x19f9	[0x2c7b, nil]
0x2ca3S0x19f9	[0x2c7b, nil]
0x2ca5S0x19f9	[0x2c7b, nil]
0x2ca7S0x19f9	[0x2c7b, nil]
0x2ca8S0x19f9	[0x2c7b, nil]
0x2cacS0x19f9	[0x2c7b, nil]
0x2cadS0x19f9	[0x2c7b, nil]
0x2cc4S0x19f9	[0x2c7b, nil]
0x2cc7S0x19f9	[0x2c7b, nil]
0x2cd1S0x19f9	[0x2c7b, nil]
0x2cd3S0x19f9	[0x2c7b, nil]
0x2cd4S0x19f9	[0x2c7b, nil]
0x2cdeS0x19f9	[0x2c7b, nil]
0x2ce0S0x19f9	[0x2c7b, nil]
0x2ce6S0x19f9	[0x2c7b, nil]
0x2ce8S0x19f9	[0x2c7b, nil]
0x2ce9S0x19f9	[0x2c7b, nil]
0x2cebS0x19f9	[0x2c7b, nil]
0x2cedS0x19f9	[0x2c7b, nil]
0x2ceeS0x19f9	[0x2c7b, nil]
0x2cf2S0x19f9	[0x2c7b, nil]
0x2cf3S0x19f9	[0x2c7b, nil]
0x2d0aS0x19f9	[0x2c7b, nil]
0x2e36S0x19f9	[0x2c7b, nil]
0x2e38S0x19f9	[0x2c7b, nil]
0x2e3aS0x19f9	[0x2c7b, nil]
0x2e3cS0x19f9	[0x2c7b, nil]
0x2e3dS0x19f9	[0x2c7b, nil]
0x2e3eS0x19f9	[0x2c7b, nil]
0x2e3fS0x19f9	[0x2c7b, nil]
0x2e41S0x19f9	[0x2c7b, nil]
0x2e43S0x19f9	[0x2c7b, nil]
0x2e45S0x19f9	[0x2c7b, nil]
0x2e47S0x19f9	[0x2c7b, nil]
0x2e48S0x19f9	[0x2c7b, nil]
0x2e49S0x19f9	[0x2c7b, nil]
0x2e4aS0x19f9	[0x2c7b, nil]
0x2e4bS0x19f9	[0x2c7b, nil]
0x2e4dS0x19f9	[0x2c7b, nil]
0x2e4fS0x19f9	[0x2c7b, nil]
0x2e51S0x19f9	[0x2c7b, nil]
0x2e52S0x19f9	[0x2c7b, nil]
0x2e53S0x19f9	[0x2c7b, nil]
0x2e54S0x19f9	[0x2c7b, nil]
0x2e77S0x19f9	[0x2c7b, nil]
0x2e79S0x19f9	[0x2c7b, nil]
0x2e7cS0x19f9	[0x2c7b, nil]
0x2e7eS0x19f9	[0x2c7b, nil]
0x2e80S0x19f9	[0x2c7b, nil]
0x2e82S0x19f9	[0x2c7b, nil]
0x2e85S0x19f9	[0x2c7b, nil]
0x2e8bS0x19f9	[0x2c7b, nil]
0x2e8eS0x19f9	[0x2c7b, nil]
0x2e90S0x19f9	[0x2c7b, nil]
0x2e94S0x19f9	[0x2c7b, nil]
0x2e96S0x19f9	[0x2c7b, nil]
0x2e98S0x19f9	[0x2c7b, nil]
0x2e9aS0x19f9	[0x2c7b, nil]
0x2e9cS0x19f9	[0x2c7b, nil]
0x2ea0S0x19f9	[0x2c7b, nil]
0x2d6fS0x19f9	[0x2c7b, nil]
0x2d71S0x19f9	[0x2c7b, nil]
0x2d73S0x19f9	[0x2c7b, nil]
0x2d75S0x19f9	[0x2c7b, nil]
0x2d76S0x19f9	[0x2c7b, nil]
0x2d77S0x19f9	[0x2c7b, nil]
0x2d7bS0x19f9	[0x2c7b, nil]
0x2d7fS0x19f9	[0x2c7b, nil]
0x2d80S0x19f9	[0x2c7b, nil]
0x2d82S0x19f9	[0x2c7b, nil]
0x2d85S0x19f9	[0x2c7b, nil]
0x2d87S0x19f9	[0x2c7b, nil]
0x2d89S0x19f9	[0x2c7b, nil]
0x2d8bS0x19f9	[0x2c7b, nil]
0x2d8cS0x19f9	[0x2c7b, nil]
0x2d8fS0x19f9	[0x2c7b, nil]
0x2d92S0x19f9	[0x2c7b, nil]
0x2d97S0x19f9	[0x2c7b, nil]
0x2d9aS0x19f9	[0x2c7b, nil]
0x2d9bS0x19f9	[0x2c7b, nil]
0x2da0S0x19f9	[0x2c7b, nil]
0x2da4S0x19f9	[0x2c7b, nil]
0x2da9S0x19f9	[0x2c7b, nil]
0x2dabS0x19f9	[0x2c7b, nil]
0x2dadS0x19f9	[0x2c7b, nil]
0x2db0S0x19f9	[0x2c7b, nil]
0x2db1S0x19f9	[0x2c7b, nil]
0x2db3S0x19f9	[0x2c7b, nil]
0x2db4S0x19f9	[0x2c7b, nil]
0x2db6S0x19f9	[0x2c7b, nil]
0x2db8S0x19f9	[0x2c7b, nil]
0x2db9S0x19f9	[0x2c7b, nil]
0x2dbcS0x19f9	[0x2c7b, nil]
0x2dbdS0x19f9	[0x2c7b, nil]
0x2dbfS0x19f9	[0x2c7b, nil]
0x2dc1S0x19f9	[0x2c7b, nil]
0x2dc3S0x19f9	[0x2c7b, nil]
0x2dc4S0x19f9	[0x2c7b, nil]
0x2dc5S0x19f9	[0x2c7b, nil]
0x2dc8S0x19f9	[0x2c7b, nil]
0x2dccS0x19f9	[0x2c7b, nil]
0x2dcfS0x19f9	[0x2c7b, nil]
0x2dd3S0x19f9	[0x2c7b, nil]
0x2dd7S0x19f9	[0x2c7b, nil]
0x2dd8S0x19f9	[0x2c7b, nil]
0x2dd9S0x19f9	[0x2c7b, nil]
0x2dddS0x19f9	[0x2c7b, nil]
0x2ddfS0x19f9	[0x2c7b, nil]
0x2de3S0x19f9	[0x2c7b, nil]
0x2de4S0x19f9	[0x2c7b, nil]
0x2de6S0x19f9	[0x2c7b, nil]
0x2de8S0x19f9	[0x2c7b, nil]
0x2deaS0x19f9	[0x2c7b, nil]
0x2debS0x19f9	[0x2c7b, nil]
0x2decS0x19f9	[0x2c7b, nil]
0x2defS0x19f9	[0x2c7b, nil]
0x2df3S0x19f9	[0x2c7b, nil]
0x2df8S0x19f9	[0x2c7b, nil]
0x2dfaS0x19f9	[0x2c7b, nil]
0x2e00S0x19f9	[0x2c7b, nil]
0x2e01S0x19f9	[0x2c7b, nil]
0x2d6e_0x0S0x19f9	[0x2c7b, nil]
0x2d6e_0x5S0x19f9	[0x2c7b, nil]
0x2e07S0x19f9	[0x2c7b, nil]
0x2e09S0x19f9	[0x2c7b, nil]
0x2e0aS0x19f9	[0x2c7b, nil]
0x2e0cS0x19f9	[0x2c7b, nil]
0x2e0dS0x19f9	[0x2c7b, nil]
0x2e13S0x19f9	[0x2c7b, nil]
0x2e18S0x19f9	[0x2c7b, nil]
0x2e1aS0x19f9	[0x2c7b, nil]
0x2e1bS0x19f9	[0x2c7b, nil]
0x2e06_0x0S0x19f9	[0x2c7b, nil]
0x2e06_0x3S0x19f9	[0x2c7b, nil]
0x2e21S0x19f9	[0x2c7b, nil]
0x2e25S0x19f9	[0x2c7b, nil]
0x2e29S0x19f9	[0x2c7b, nil]
0x2e2aS0x19f9	[0x2c7b, nil]
0x2e2cS0x19f9	[0x2c7b, nil]
0x2e2eS0x19f9	[0x2c7b, nil]
0x2e2fS0x19f9	[0x2c7b, nil]
0x2e20_0x0S0x19f9	[0x2c7b, nil]
0x2e20_0x3S0x19f9	[0x2c7b, nil]
0x2d0eS0x19f9	[0x2c7b, nil]
0x2d10S0x19f9	[0x2c7b, nil]
0x2d11S0x19f9	[0x2c7b, nil]
0x2d12S0x19f9	[0x2c7b, nil]
0x2d0c_0x0S0x19f9	[0x2c7b, nil]
0x2ec1S0x19f9	[0x2c7b, nil]
0x2ec4S0x19f9	[0x2c7b, nil]
0x2ecaS0x19f9	[0x2c7b, nil]
0x2ecdS0x19f9	[0x2c7b, nil]
0x2ecfS0x19f9	[0x2c7b, nil]
0x2ed3S0x19f9	[0x2c7b, nil]
0x2ed5S0x19f9	[0x2c7b, nil]
0x2ed7S0x19f9	[0x2c7b, nil]
0x2ed9S0x19f9	[0x2c7b, nil]
0x2edbS0x19f9	[0x2c7b, nil]
0x2edfS0x19f9	[0x2c7b, nil]
0x2ea5S0x19f9	[0x2c7b, nil]
0x2ea6S0x19f9	[0x2c7b, nil]
0x2ea7S0x19f9	[0x2c7b, nil]
0x2ea2_0x0S0x19f9	[0x2c7b, nil]
0x2f00S0x19f9	[0x2c7b, nil]
0x2f07S0x19f9	[0x2c7b, nil]
0x2f09S0x19f9	[0x2c7b, nil]
0x2f0cS0x19f9	[0x2c7b, nil]
0x2f0fS0x19f9	[0x2c7b, nil]
0x2f12S0x19f9	[0x2c7b, nil]
0x2f13S0x19f9	[0x2c7b, nil]
0x2f18S0x19f9	[0x2c7b, nil]
0x2f1aS0x19f9	[0x2c7b, nil]
0x2f1cS0x19f9	[0x2c7b, nil]
0x2f1eS0x19f9	[0x2c7b, nil]
0x2f1fS0x19f9	[0x2c7b, nil]
0x2f23S0x19f9	[0x2c7b, nil]
0x2f28S0x19f9	[0x2c7b, nil]
0x2ee4S0x19f9	[0x2c7b, nil]
0x2ee5S0x19f9	[0x2c7b, nil]
0x2ee6S0x19f9	[0x2c7b, nil]
0x2ee1_0x0S0x19f9	[0x2c7b, nil]
0x2cb2S0x19f9	[0x2c7b, nil]
0x2cb4S0x19f9	[0x2c7b, nil]
0x2cb5S0x19f9	[0x2c7b, nil]
0x2cb8S0x19f9	[0x2c7b, nil]
0x2cbaS0x19f9	[0x2c7b, nil]
0x2cbdS0x19f9	[0x2c7b, nil]
0x2cf8S0x19f9	[0x2c7b, nil]
0x2cfaS0x19f9	[0x2c7b, nil]
0x2cfbS0x19f9	[0x2c7b, nil]
0x2cfeS0x19f9	[0x2c7b, nil]
0x2d00S0x19f9	[0x2c7b, nil]
0x2d03S0x19f9	[0x2c7b, nil]
0x2eadS0x19f9	[0x2c7b, nil]
0x2eaeS0x19f9	[0x2c7b, nil]
0x2eb1S0x19f9	[0x2c7b, nil]
0x2eb3S0x19f9	[0x2c7b, nil]
0x2eb5S0x19f9	[0x2c7b, nil]
0x2eb6S0x19f9	[0x2c7b, nil]
0x2eab_0x0S0x19f9	[0x2c7b, nil]
0x2eecS0x19f9	[0x2c7b, nil]
0x2eedS0x19f9	[0x2c7b, nil]
0x2ef0S0x19f9	[0x2c7b, nil]
0x2ef2S0x19f9	[0x2c7b, nil]
0x2ef4S0x19f9	[0x2c7b, nil]
0x2ef5S0x19f9	[0x2c7b, nil]
0x2eea_0x0S0x19f9	[0x2c7b, nil]
0x3685S0x34fd	[0x3684, nil]
0x3686S0x34fd	[0x3684, nil]
0x3687S0x34fd	[0x3684, nil]
0x37a7S0x36bd	[0x36e0, nil]
0x37a9S0x36bd	[0x36e0, nil]
0x37acS0x36bd	[0x36e0, nil]
0x37aeS0x36bd	[0x36e0, nil]
0x37afS0x36bd	[0x36e0, nil]
0x37b1S0x36bd	[0x36e0, nil]
0x37b2S0x36bd	[0x36e0, nil]
0x37b3S0x36bd	[0x36e0, nil]
0x37b5S0x36bd	[0x36e0, nil]
0x37b6S0x36bd	[0x36e0, nil]
0x37b9S0x36bd	[0x36e0, nil]
0x37bcS0x36bd	[0x36e0, nil]
0x37bdS0x36bd	[0x36e0, nil]
0x37bfS0x36bd	[0x36e0, nil]
0x37c2S0x36bd	[0x36e0, nil]
0x37c4S0x36bd	[0x36e0, nil]
0x37ddS0x36bd	[0x36e0, nil]
0x37e7S0x36bd	[0x36e0, nil]
0x37fdS0x36bd	[0x36e0, nil]
0x36e1S0x36bd	[0x36e0, nil]
0x36e4S0x36bd	[0x36e0, nil]
0x36e5S0x36bd	[0x36e0, nil]
0x36e7S0x36bd	[0x36e0, nil]
0x36e9S0x36bd	[0x36e0, nil]
0x36ebS0x36bd	[0x36e0, nil]
0x36ecS0x36bd	[0x36e0, nil]
0x36edS0x36bd	[0x36e0, nil]
0x36efS0x36bd	[0x36e0, nil]
0x36f0S0x36bd	[0x36e0, nil]
0x36f4S0x36bd	[0x36e0, nil]
0x36faS0x36bd	[0x36e0, nil]
0x36fdS0x36bd	[0x36e0, nil]
0x3700S0x36bd	[0x36e0, nil]
0x3703S0x36bd	[0x36e0, nil]
0x3707S0x36bd	[0x36e0, nil]
0x370aS0x36bd	[0x36e0, nil]
0x370dS0x36bd	[0x36e0, nil]
0x370fS0x36bd	[0x36e0, nil]
0x3710S0x36bd	[0x36e0, nil]
0x3712S0x36bd	[0x36e0, nil]
0x3714S0x36bd	[0x36e0, nil]
0x3716S0x36bd	[0x36e0, nil]
0x3717S0x36bd	[0x36e0, nil]
0x3718S0x36bd	[0x36e0, nil]
0x3719S0x36bd	[0x36e0, nil]
0x371eS0x36bd	[0x36e0, nil]
0x3720S0x36bd	[0x36e0, nil]
0x3721S0x36bd	[0x36e0, nil]
0x3725S0x36bd	[0x36e0, nil]
0x3727S0x36bd	[0x36e0, nil]
0x3728S0x36bd	[0x36e0, nil]
0x3732S0x36bd	[0x36e0, nil]
0x3734S0x36bd	[0x36e0, nil]
0x3736S0x36bd	[0x36e0, nil]
0x3738S0x36bd	[0x36e0, nil]
0x3739S0x36bd	[0x36e0, nil]
0x373bS0x36bd	[0x36e0, nil]
0x373dS0x36bd	[0x36e0, nil]
0x3768S0x36bd	[0x36e0, nil]
0x376bS0x36bd	[0x36e0, nil]
0x376dS0x36bd	[0x36e0, nil]
0x376eS0x36bd	[0x36e0, nil]
0x3771S0x36bd	[0x36e0, nil]
0x3772S0x36bd	[0x36e0, nil]
0x3774S0x36bd	[0x36e0, nil]
0x3776S0x36bd	[0x36e0, nil]
0x3777S0x36bd	[0x36e0, nil]
0x377aS0x36bd	[0x36e0, nil]
0x377bS0x36bd	[0x36e0, nil]
0x377eS0x36bd	[0x36e0, nil]
0x3789S0x36bd	[0x36e0, nil]
0x378dS0x36bd	[0x36e0, nil]
0x378fS0x36bd	[0x36e0, nil]
0x3791S0x36bd	[0x36e0, nil]
0x3794S0x36bd	[0x36e0, nil]
0x3798S0x36bd	[0x36e0, nil]
0x379dS0x36bd	[0x36e0, nil]
0x379fS0x36bd	[0x36e0, nil]
0x37a2S0x36bd	[0x36e0, nil]
0x37a3S0x36bd	[0x36e0, nil]
0x3767_0x0S0x36bd	[0x36e0, nil]
0x3767_0x1S0x36bd	[0x36e0, nil]
0x3767_0x2S0x36bd	[0x36e0, nil]
0x3749S0x36bd	[0x36e0, nil]
0x374cS0x36bd	[0x36e0, nil]
0x374dS0x36bd	[0x36e0, nil]
0x3748_0x2S0x36bd	[0x36e0, nil]
0x37c9S0x36bd	[0x36e0, nil]
0x37d3S0x36bd	[0x36e0, nil]
0x37d6S0x36bd	[0x36e0, nil]
0x37d7S0x36bd	[0x36e0, nil]
0x37d8S0x36bd	[0x36e0, nil]
0x37d9S0x36bd	[0x36e0, nil]
0x37cd_0x1S0x36bd	[0x36e0, nil]
0x37efS0x36bd	[0x36e0, nil]
0x37f1S0x36bd	[0x36e0, nil]
0x37f3S0x36bd	[0x36e0, nil]
0x37f4S0x36bd	[0x36e0, nil]
0x37f7S0x36bd	[0x36e0, nil]
0x37f8S0x36bd	[0x36e0, nil]
0x37f9S0x36bd	[0x36e0, nil]
0x37eb_0x0S0x36bd	[0x36e0, nil]
0x380c_0x0S0x36bd	[0x36e0, nil]
0x380c_0x1S0x36bd	[0x36e0, nil]
0x3803S0x36bd	[0x36e0, nil]
0x3752S0x36bd	[0x36e0, nil]
0x3755S0x36bd	[0x36e0, nil]
0x3757S0x36bd	[0x36e0, nil]
0x375aS0x36bd	[0x36e0, nil]
0x375cS0x36bd	[0x36e0, nil]
0x3760S0x36bd	[0x36e0, nil]
0x3762S0x36bd	[0x36e0, nil]
0x3763S0x36bd	[0x36e0, nil]
0x3751_0x0S0x36bd	[0x36e0, nil]
0x3751_0x1S0x36bd	[0x36e0, nil]
0x3751_0x2S0x36bd	[0x36e0, nil]
0x1087S0x3d1	[0x1086, nil]
0x1089S0x3d1	[0x1086, nil]
0x108aS0x3d1	[0x1086, nil]
0x108cS0x3d1	[0x1086, nil]
0x24d3S0x1193	[0x24d2, nil]
0x24d5S0x1193	[0x24d2, nil]
0x24d7S0x1193	[0x24d2, nil]
0x24d9S0x1193	[0x24d2, nil]
0x24daS0x1193	[0x24d2, nil]
0x24ddS0x1193	[0x24d2, nil]
0x24deS0x1193	[0x24d2, nil]
0x24e3S0x1193	[0x24d2, nil]
0x24e5S0x1193	[0x24d2, nil]
0x24eaS0x1193	[0x24d2, nil]
0x24eeS0x1193	[0x24d2, nil]
0x24f2S0x1193	[0x24d2, nil]
0x24f9S0x1193	[0x24d2, nil]
0x24faS0x1193	[0x24d2, nil]
0x24fbS0x1193	[0x24d2, nil]
0x24fdS0x1193	[0x24d2, nil]
0x24d3S0x259d	[0x24d2, nil]
0x24d5S0x259d	[0x24d2, nil]
0x24d7S0x259d	[0x24d2, nil]
0x24d9S0x259d	[0x24d2, nil]
0x24daS0x259d	[0x24d2, nil]
0x24ddS0x259d	[0x24d2, nil]
0x24deS0x259d	[0x24d2, nil]
0x24e3S0x259d	[0x24d2, nil]
0x24e5S0x259d	[0x24d2, nil]
0x24eaS0x259d	[0x24d2, nil]
0x24eeS0x259d	[0x24d2, nil]
0x24f2S0x259d	[0x24d2, nil]
0x24f9S0x259d	[0x24d2, nil]
0x24faS0x259d	[0x24d2, nil]
0x24fbS0x259d	[0x24d2, nil]
0x24fdS0x259d	[0x24d2, nil]
0x3841S0xf09	[0x3813, nil]
0x3845S0xf09	[0x3813, nil]
0x3816S0xf09	[0x3813, nil]
0x3817S0xf09	[0x3813, nil]
0x381aS0xf09	[0x3813, nil]
0x381cS0xf09	[0x3813, nil]
0x381dS0xf09	[0x3813, nil]
0x381eS0xf09	[0x3813, nil]
0x3821S0xf09	[0x3813, nil]
0x3822S0xf09	[0x3813, nil]
0x3823S0xf09	[0x3813, nil]
0x3824S0xf09	[0x3813, nil]
0x3827S0xf09	[0x3813, nil]
0x3829S0xf09	[0x3813, nil]
0x382cS0xf09	[0x3813, nil]
0x382eS0xf09	[0x3813, nil]
0x3830S0xf09	[0x3813, nil]
0x3832S0xf09	[0x3813, nil]
0x3834S0xf09	[0x3813, nil]
0x3835S0xf09	[0x3813, nil]
0x3838S0xf09	[0x3813, nil]
0x383aS0xf09	[0x3813, nil]
0x383dS0xf09	[0x3813, nil]
0x384bS0xf09	[0x3813, nil]
0x384dS0xf09	[0x3813, nil]
0x384eS0xf09	[0x3813, nil]
0x3865S0xf09	[0x3813, nil]
0x3866S0xf09	[0x3813, nil]
0x3868S0xf09	[0x3813, nil]
0x386cS0xf09	[0x3813, nil]
0x386dS0xf09	[0x3813, nil]
0x3877S0xf09	[0x3813, nil]
0x3878S0xf09	[0x3813, nil]
0x3879S0xf09	[0x3813, nil]
0x3874_0x2S0xf09	[0x3813, nil]
0x3853S0xf09	[0x3813, nil]
0x3854S0xf09	[0x3813, nil]
0x3856S0xf09	[0x3813, nil]
0x3857S0xf09	[0x3813, nil]
0x385aS0xf09	[0x3813, nil]
0x385bS0xf09	[0x3813, nil]
0x385eS0xf09	[0x3813, nil]
0x3873S0xf09	[0x3813, nil]
0x387eS0xf09	[0x3813, nil]
0x3882S0xf09	[0x3813, nil]
0x3884S0xf09	[0x3813, nil]
0x3887S0xf09	[0x3813, nil]
0x3889S0xf09	[0x3813, nil]
0x388bS0xf09	[0x3813, nil]
0x387d_0x1S0xf09	[0x3813, nil]
0x387d_0x2S0xf09	[0x3813, nil]
0x38910x3813S0xf09	[0x3813, nil]
0x388f0x3813_0x1S0xf09	[0x3813, nil]
0x38970x3813S0xf09	[0x3813, nil]
0x3958S0x388f0x3813S0xf09	[0x3813, [0x394e, nil]]
0x395cS0x388f0x3813S0xf09	[0x3813, [0x394e, nil]]
0x395eS0x388f0x3813S0xf09	[0x3813, [0x394e, nil]]
0x395fS0x388f0x3813S0xf09	[0x3813, [0x394e, nil]]
0x3958_0x0S0x388f0x3813S0xf09	[0x3813, [0x394e, nil]]
0x3952S0x388f0x3813S0xf09	[0x3813, [0x394e, nil]]
0x3953S0x388f0x3813S0xf09	[0x3813, [0x394e, nil]]
0x3954S0x388f0x3813S0xf09	[0x3813, [0x394e, nil]]
0x394f_0x0S0x388f0x3813S0xf09	[0x3813, [0x394e, nil]]
0x2f67S0x1ba3	[0x2f36, nil]
0x2f6aS0x1ba3	[0x2f36, nil]
0x2f6bS0x1ba3	[0x2f36, nil]
0x2f70S0x1ba3	[0x2f36, nil]
0x2f72S0x1ba3	[0x2f36, nil]
0x2f75S0x1ba3	[0x2f36, nil]
0x2f7aS0x1ba3	[0x2f36, nil]
0x2f7cS0x1ba3	[0x2f36, nil]
0x2f7dS0x1ba3	[0x2f36, nil]
0x2f80S0x1ba3	[0x2f36, nil]
0x2f83S0x1ba3	[0x2f36, nil]
0x2f84S0x1ba3	[0x2f36, nil]
0x2f86S0x1ba3	[0x2f36, nil]
0x2f88S0x1ba3	[0x2f36, nil]
0x2f8aS0x1ba3	[0x2f36, nil]
0x2f8bS0x1ba3	[0x2f36, nil]
0x2f8dS0x1ba3	[0x2f36, nil]
0x2f8fS0x1ba3	[0x2f36, nil]
0x2f95S0x1ba3	[0x2f36, nil]
0x2f99S0x1ba3	[0x2f36, nil]
0x2f9bS0x1ba3	[0x2f36, nil]
0x2fa2S0x1ba3	[0x2f36, nil]
0x2fa3S0x1ba3	[0x2f36, nil]
0x2fa7S0x1ba3	[0x2f36, nil]
0x2fa8S0x1ba3	[0x2f36, nil]
0x2faaS0x1ba3	[0x2f36, nil]
0x2fabS0x1ba3	[0x2f36, nil]
0x2fafS0x1ba3	[0x2f36, nil]
0x2fbeS0x1ba3	[0x2f36, nil]
0x2fbfS0x1ba3	[0x2f36, nil]
0x2fc3S0x1ba3	[0x2f36, nil]
0x2fc4S0x1ba3	[0x2f36, nil]
0x2fd9S0x1ba3	[0x2f36, nil]
0x3036S0x1ba3	[0x2f36, nil]
0x3045S0x1ba3	[0x2f36, nil]
0x3046S0x1ba3	[0x2f36, nil]
0x304aS0x1ba3	[0x2f36, nil]
0x304bS0x1ba3	[0x2f36, nil]
0x2f37S0x1ba3	[0x2f36, nil]
0x2f3bS0x1ba3	[0x2f36, nil]
0x2f3dS0x1ba3	[0x2f36, nil]
0x2f3fS0x1ba3	[0x2f36, nil]
0x2f41S0x1ba3	[0x2f36, nil]
0x2f42S0x1ba3	[0x2f36, nil]
0x2f43S0x1ba3	[0x2f36, nil]
0x2f44S0x1ba3	[0x2f36, nil]
0x2f4aS0x1ba3	[0x2f36, nil]
0x2f4bS0x1ba3	[0x2f36, nil]
0x2f62S0x1ba3	[0x2f36, nil]
0x2f63S0x1ba3	[0x2f36, nil]
0x2f61_0x0S0x1ba3	[0x2f36, nil]
0x2fb5S0x1ba3	[0x2f36, nil]
0x2fb6S0x1ba3	[0x2f36, nil]
0x2fb7S0x1ba3	[0x2f36, nil]
0x2fb9S0x1ba3	[0x2f36, nil]
0x2fbaS0x1ba3	[0x2f36, nil]
0x2fccS0x1ba3	[0x2f36, nil]
0x2fceS0x1ba3	[0x2f36, nil]
0x2fcfS0x1ba3	[0x2f36, nil]
0x2fd0S0x1ba3	[0x2f36, nil]
0x2fd3S0x1ba3	[0x2f36, nil]
0x2fd4S0x1ba3	[0x2f36, nil]
0x2fd5S0x1ba3	[0x2f36, nil]
0x2fdfS0x1ba3	[0x2f36, nil]
0x2fe0S0x1ba3	[0x2f36, nil]
0x2fe1S0x1ba3	[0x2f36, nil]
0x303cS0x1ba3	[0x2f36, nil]
0x303dS0x1ba3	[0x2f36, nil]
0x303eS0x1ba3	[0x2f36, nil]
0x3040S0x1ba3	[0x2f36, nil]
0x3041S0x1ba3	[0x2f36, nil]
0x2f50S0x1ba3	[0x2f36, nil]
0x2f54S0x1ba3	[0x2f36, nil]
0x2f56S0x1ba3	[0x2f36, nil]
0x2f58S0x1ba3	[0x2f36, nil]
0x2f5aS0x1ba3	[0x2f36, nil]
0x2f5bS0x1ba3	[0x2f36, nil]
0x2f5cS0x1ba3	[0x2f36, nil]
0x2f5dS0x1ba3	[0x2f36, nil]
0x2f60S0x1ba3	[0x2f36, nil]
0x2fe6S0x1ba3	[0x2f36, nil]
0x2fe8S0x1ba3	[0x2f36, nil]
0x2feaS0x1ba3	[0x2f36, nil]
0x2fecS0x1ba3	[0x2f36, nil]
0x2fedS0x1ba3	[0x2f36, nil]
0x2feeS0x1ba3	[0x2f36, nil]
0x2fefS0x1ba3	[0x2f36, nil]
0x2ff7S0x1ba3	[0x2f36, nil]
0x2ff9S0x1ba3	[0x2f36, nil]
0x2ffbS0x1ba3	[0x2f36, nil]
0x3000S0x1ba3	[0x2f36, nil]
0x3001S0x1ba3	[0x2f36, nil]
0x3003S0x1ba3	[0x2f36, nil]
0x3006S0x1ba3	[0x2f36, nil]
0x3008S0x1ba3	[0x2f36, nil]
0x300dS0x1ba3	[0x2f36, nil]
0x300fS0x1ba3	[0x2f36, nil]
0x3013S0x1ba3	[0x2f36, nil]
0x3015S0x1ba3	[0x2f36, nil]
0x3019S0x1ba3	[0x2f36, nil]
0x301bS0x1ba3	[0x2f36, nil]
0x3021S0x1ba3	[0x2f36, nil]
0x3023S0x1ba3	[0x2f36, nil]
0x3025S0x1ba3	[0x2f36, nil]
0x3028S0x1ba3	[0x2f36, nil]
0x302aS0x1ba3	[0x2f36, nil]
0x302eS0x1ba3	[0x2f36, nil]
0x302fS0x1ba3	[0x2f36, nil]
0x3031S0x1ba3	[0x2f36, nil]
0x3032S0x1ba3	[0x2f36, nil]
0x3685S0x2f36S0x1ba3	[0x2f36, [0x3684, nil]]
0x3686S0x2f36S0x1ba3	[0x2f36, [0x3684, nil]]
0x3687S0x2f36S0x1ba3	[0x2f36, [0x3684, nil]]
0x38a2S0x3059	[0x389f, nil]
0x38a3S0x3059	[0x389f, nil]
0x38a8S0x3059	[0x389f, nil]
0x38abS0x3059	[0x389f, nil]
0x38adS0x3059	[0x389f, nil]
0x38afS0x3059	[0x389f, nil]
0x38b2S0x3059	[0x389f, nil]
0x38b4S0x3059	[0x389f, nil]
0x38b9S0x3059	[0x389f, nil]
0x3958S0x389fS0x3059	[0x389f, [0x394e, nil]]
0x395cS0x389fS0x3059	[0x389f, [0x394e, nil]]
0x395eS0x389fS0x3059	[0x389f, [0x394e, nil]]
0x395fS0x389fS0x3059	[0x389f, [0x394e, nil]]
0x3958_0x0S0x389fS0x3059	[0x389f, [0x394e, nil]]
0x3952S0x389fS0x3059	[0x389f, [0x394e, nil]]
0x3953S0x389fS0x3059	[0x389f, [0x394e, nil]]
0x3954S0x389fS0x3059	[0x389f, [0x394e, nil]]
0x394f_0x0S0x389fS0x3059	[0x389f, [0x394e, nil]]
0x38a2S0x346b	[0x389f, nil]
0x38a3S0x346b	[0x389f, nil]
0x38a8S0x346b	[0x389f, nil]
0x38abS0x346b	[0x389f, nil]
0x38adS0x346b	[0x389f, nil]
0x38afS0x346b	[0x389f, nil]
0x38b2S0x346b	[0x389f, nil]
0x38b4S0x346b	[0x389f, nil]
0x38b9S0x346b	[0x389f, nil]
0x3958S0x389fS0x346b	[0x389f, [0x394e, nil]]
0x395cS0x389fS0x346b	[0x389f, [0x394e, nil]]
0x395eS0x389fS0x346b	[0x389f, [0x394e, nil]]
0x395fS0x389fS0x346b	[0x389f, [0x394e, nil]]
0x3958_0x0S0x389fS0x346b	[0x389f, [0x394e, nil]]
0x3952S0x389fS0x346b	[0x389f, [0x394e, nil]]
0x3953S0x389fS0x346b	[0x389f, [0x394e, nil]]
0x3954S0x389fS0x346b	[0x389f, [0x394e, nil]]
0x394f_0x0S0x389fS0x346b	[0x389f, [0x394e, nil]]
0x38a2S0x30a8	[0x389f, nil]
0x38a3S0x30a8	[0x389f, nil]
0x38a8S0x30a8	[0x389f, nil]
0x38abS0x30a8	[0x389f, nil]
0x38adS0x30a8	[0x389f, nil]
0x38afS0x30a8	[0x389f, nil]
0x38b2S0x30a8	[0x389f, nil]
0x38b4S0x30a8	[0x389f, nil]
0x38b9S0x30a8	[0x389f, nil]
0x3958S0x389fS0x30a8	[0x389f, [0x394e, nil]]
0x395cS0x389fS0x30a8	[0x389f, [0x394e, nil]]
0x395eS0x389fS0x30a8	[0x389f, [0x394e, nil]]
0x395fS0x389fS0x30a8	[0x389f, [0x394e, nil]]
0x3958_0x0S0x389fS0x30a8	[0x389f, [0x394e, nil]]
0x3952S0x389fS0x30a8	[0x389f, [0x394e, nil]]
0x3953S0x389fS0x30a8	[0x389f, [0x394e, nil]]
0x3954S0x389fS0x30a8	[0x389f, [0x394e, nil]]
0x394f_0x0S0x389fS0x30a8	[0x389f, [0x394e, nil]]
0x38a2S0x32e9	[0x389f, nil]
0x38a3S0x32e9	[0x389f, nil]
0x38a8S0x32e9	[0x389f, nil]
0x38abS0x32e9	[0x389f, nil]
0x38adS0x32e9	[0x389f, nil]
0x38afS0x32e9	[0x389f, nil]
0x38b2S0x32e9	[0x389f, nil]
0x38b4S0x32e9	[0x389f, nil]
0x38b9S0x32e9	[0x389f, nil]
0x3958S0x389fS0x32e9	[0x389f, [0x394e, nil]]
0x395cS0x389fS0x32e9	[0x389f, [0x394e, nil]]
0x395eS0x389fS0x32e9	[0x389f, [0x394e, nil]]
0x395fS0x389fS0x32e9	[0x389f, [0x394e, nil]]
0x3958_0x0S0x389fS0x32e9	[0x389f, [0x394e, nil]]
0x3952S0x389fS0x32e9	[0x389f, [0x394e, nil]]
0x3953S0x389fS0x32e9	[0x389f, [0x394e, nil]]
0x3954S0x389fS0x32e9	[0x389f, [0x394e, nil]]
0x394f_0x0S0x389fS0x32e9	[0x389f, [0x394e, nil]]
0x38a2S0x3310	[0x389f, nil]
0x38a3S0x3310	[0x389f, nil]
0x38a8S0x3310	[0x389f, nil]
0x38abS0x3310	[0x389f, nil]
0x38adS0x3310	[0x389f, nil]
0x38afS0x3310	[0x389f, nil]
0x38b2S0x3310	[0x389f, nil]
0x38b4S0x3310	[0x389f, nil]
0x38b9S0x3310	[0x389f, nil]
0x3958S0x389fS0x3310	[0x389f, [0x394e, nil]]
0x395cS0x389fS0x3310	[0x389f, [0x394e, nil]]
0x395eS0x389fS0x3310	[0x389f, [0x394e, nil]]
0x395fS0x389fS0x3310	[0x389f, [0x394e, nil]]
0x3958_0x0S0x389fS0x3310	[0x389f, [0x394e, nil]]
0x3952S0x389fS0x3310	[0x389f, [0x394e, nil]]
0x3953S0x389fS0x3310	[0x389f, [0x394e, nil]]
0x3954S0x389fS0x3310	[0x389f, [0x394e, nil]]
0x394f_0x0S0x389fS0x3310	[0x389f, [0x394e, nil]]
0x38a2S0x3482	[0x389f, nil]
0x38a3S0x3482	[0x389f, nil]
0x38a8S0x3482	[0x389f, nil]
0x38abS0x3482	[0x389f, nil]
0x38adS0x3482	[0x389f, nil]
0x38afS0x3482	[0x389f, nil]
0x38b2S0x3482	[0x389f, nil]
0x38b4S0x3482	[0x389f, nil]
0x38b9S0x3482	[0x389f, nil]
0x3958S0x389fS0x3482	[0x389f, [0x394e, nil]]
0x395cS0x389fS0x3482	[0x389f, [0x394e, nil]]
0x395eS0x389fS0x3482	[0x389f, [0x394e, nil]]
0x395fS0x389fS0x3482	[0x389f, [0x394e, nil]]
0x3958_0x0S0x389fS0x3482	[0x389f, [0x394e, nil]]
0x3952S0x389fS0x3482	[0x389f, [0x394e, nil]]
0x3953S0x389fS0x3482	[0x389f, [0x394e, nil]]
0x3954S0x389fS0x3482	[0x389f, [0x394e, nil]]
0x394f_0x0S0x389fS0x3482	[0x389f, [0x394e, nil]]
0x38a2S0x349f	[0x389f, nil]
0x38a3S0x349f	[0x389f, nil]
0x38a8S0x349f	[0x389f, nil]
0x38abS0x349f	[0x389f, nil]
0x38adS0x349f	[0x389f, nil]
0x38afS0x349f	[0x389f, nil]
0x38b2S0x349f	[0x389f, nil]
0x38b4S0x349f	[0x389f, nil]
0x38b9S0x349f	[0x389f, nil]
0x3958S0x389fS0x349f	[0x389f, [0x394e, nil]]
0x395cS0x389fS0x349f	[0x389f, [0x394e, nil]]
0x395eS0x389fS0x349f	[0x389f, [0x394e, nil]]
0x395fS0x389fS0x349f	[0x389f, [0x394e, nil]]
0x3958_0x0S0x389fS0x349f	[0x389f, [0x394e, nil]]
0x3952S0x389fS0x349f	[0x389f, [0x394e, nil]]
0x3953S0x389fS0x349f	[0x389f, [0x394e, nil]]
0x3954S0x389fS0x349f	[0x389f, [0x394e, nil]]
0x394f_0x0S0x389fS0x349f	[0x389f, [0x394e, nil]]
0x38a2S0x34b8	[0x389f, nil]
0x38a3S0x34b8	[0x389f, nil]
0x38a8S0x34b8	[0x389f, nil]
0x38abS0x34b8	[0x389f, nil]
0x38adS0x34b8	[0x389f, nil]
0x38afS0x34b8	[0x389f, nil]
0x38b2S0x34b8	[0x389f, nil]
0x38b4S0x34b8	[0x389f, nil]
0x38b9S0x34b8	[0x389f, nil]
0x3958S0x389fS0x34b8	[0x389f, [0x394e, nil]]
0x395cS0x389fS0x34b8	[0x389f, [0x394e, nil]]
0x395eS0x389fS0x34b8	[0x389f, [0x394e, nil]]
0x395fS0x389fS0x34b8	[0x389f, [0x394e, nil]]
0x3958_0x0S0x389fS0x34b8	[0x389f, [0x394e, nil]]
0x3952S0x389fS0x34b8	[0x389f, [0x394e, nil]]
0x3953S0x389fS0x34b8	[0x389f, [0x394e, nil]]
0x3954S0x389fS0x34b8	[0x389f, [0x394e, nil]]
0x394f_0x0S0x389fS0x34b8	[0x389f, [0x394e, nil]]
0x3134S0x2075	[0x312c, nil]
0x3136S0x2075	[0x312c, nil]
0x3137S0x2075	[0x312c, nil]
0x313bS0x2075	[0x312c, nil]
0x313dS0x2075	[0x312c, nil]
0x3140S0x2075	[0x312c, nil]
0x3142S0x2075	[0x312c, nil]
0x3145S0x2075	[0x312c, nil]
0x3147S0x2075	[0x312c, nil]
0x314aS0x2075	[0x312c, nil]
0x314dS0x2075	[0x312c, nil]
0x3151S0x2075	[0x312c, nil]
0x3153S0x2075	[0x312c, nil]
0x3155S0x2075	[0x312c, nil]
0x3158S0x2075	[0x312c, nil]
0x315cS0x2075	[0x312c, nil]
0x315eS0x2075	[0x312c, nil]
0x3162S0x2075	[0x312c, nil]
0x3164S0x2075	[0x312c, nil]
0x3167S0x2075	[0x312c, nil]
0x3172S0x2075	[0x312c, nil]
0x3174S0x2075	[0x312c, nil]
0x3175S0x2075	[0x312c, nil]
0x3179S0x2075	[0x312c, nil]
0x317bS0x2075	[0x312c, nil]
0x317eS0x2075	[0x312c, nil]
0x3180S0x2075	[0x312c, nil]
0x3183S0x2075	[0x312c, nil]
0x3185S0x2075	[0x312c, nil]
0x3188S0x2075	[0x312c, nil]
0x318bS0x2075	[0x312c, nil]
0x318fS0x2075	[0x312c, nil]
0x3191S0x2075	[0x312c, nil]
0x3193S0x2075	[0x312c, nil]
0x3196S0x2075	[0x312c, nil]
0x319aS0x2075	[0x312c, nil]
0x319cS0x2075	[0x312c, nil]
0x31a0S0x2075	[0x312c, nil]
0x31a2S0x2075	[0x312c, nil]
0x31a5S0x2075	[0x312c, nil]
0x312dS0x2075	[0x312c, nil]
0x3130S0x2075	[0x312c, nil]
0x316dS0x2075	[0x312c, nil]
0x316eS0x2075	[0x312c, nil]
0x31a9S0x2075	[0x312c, nil]
0x31abS0x2075	[0x312c, nil]
0x31b0S0x2075	[0x312c, nil]
0x31b3S0x2075	[0x312c, nil]
0x31b5S0x2075	[0x312c, nil]
0x31baS0x2075	[0x312c, nil]
0x31bcS0x2075	[0x312c, nil]
0x31bfS0x2075	[0x312c, nil]
0x31c2S0x2075	[0x312c, nil]
0x31c3S0x2075	[0x312c, nil]
0x31c6S0x2075	[0x312c, nil]
0x31cdS0x2075	[0x312c, nil]
0x31d3S0x2075	[0x312c, nil]
0x31d9S0x2075	[0x312c, nil]
0x31deS0x2075	[0x312c, nil]
0x31e0S0x2075	[0x312c, nil]
0x31e3S0x2075	[0x312c, nil]
0x31e6S0x2075	[0x312c, nil]
0x31e7S0x2075	[0x312c, nil]
0x31ebS0x2075	[0x312c, nil]
0x31edS0x2075	[0x312c, nil]
0x31f0S0x2075	[0x312c, nil]
0x38c3S0x31b4S0x2075	[0x312c, [0x38c0, nil]]
0x38c8S0x31b4S0x2075	[0x312c, [0x38c0, nil]]
0x38cbS0x31b4S0x2075	[0x312c, [0x38c0, nil]]
0x38cdS0x31b4S0x2075	[0x312c, [0x38c0, nil]]
0x38cfS0x31b4S0x2075	[0x312c, [0x38c0, nil]]
0x38d2S0x31b4S0x2075	[0x312c, [0x38c0, nil]]
0x38d5S0x31b4S0x2075	[0x312c, [0x38c0, nil]]
0x38d6S0x31b4S0x2075	[0x312c, [0x38c0, nil]]
0x38e3S0x31b4S0x2075	[0x312c, [0x38c0, nil]]
0x38e4S0x31b4S0x2075	[0x312c, [0x38c0, nil]]
0x38e5S0x31b4S0x2075	[0x312c, [0x38c0, nil]]
0x38e0_0x2S0x31b4S0x2075	[0x312c, [0x38c0, nil]]
0x38dbS0x31b4S0x2075	[0x312c, [0x38c0, nil]]
0x38ddS0x31b4S0x2075	[0x312c, [0x38c0, nil]]
0x38dfS0x31b4S0x2075	[0x312c, [0x38c0, nil]]
0x38eaS0x31b4S0x2075	[0x312c, [0x38c0, nil]]
0x38ebS0x31b4S0x2075	[0x312c, [0x38c0, nil]]
0x38edS0x31b4S0x2075	[0x312c, [0x38c0, nil]]
0x38efS0x31b4S0x2075	[0x312c, [0x38c0, nil]]
0x38f1S0x31b4S0x2075	[0x312c, [0x38c0, nil]]
0x38f2S0x31b4S0x2075	[0x312c, [0x38c0, nil]]
0x38f3S0x31b4S0x2075	[0x312c, [0x38c0, nil]]
0x38f4S0x31b4S0x2075	[0x312c, [0x38c0, nil]]
0x38f5S0x31b4S0x2075	[0x312c, [0x38c0, nil]]
0x38f7S0x31b4S0x2075	[0x312c, [0x38c0, nil]]
0x38f9S0x31b4S0x2075	[0x312c, [0x38c0, nil]]
0x38fbS0x31b4S0x2075	[0x312c, [0x38c0, nil]]
0x38fcS0x31b4S0x2075	[0x312c, [0x38c0, nil]]
0x38feS0x31b4S0x2075	[0x312c, [0x38c0, nil]]
0x38ffS0x31b4S0x2075	[0x312c, [0x38c0, nil]]
0x3900S0x31b4S0x2075	[0x312c, [0x38c0, nil]]
0x3903S0x31b4S0x2075	[0x312c, [0x38c0, nil]]
0x3907S0x31b4S0x2075	[0x312c, [0x38c0, nil]]
0x3909S0x31b4S0x2075	[0x312c, [0x38c0, nil]]
0x390dS0x31b4S0x2075	[0x312c, [0x38c0, nil]]
0x390fS0x31b4S0x2075	[0x312c, [0x38c0, nil]]
0x38e9_0x1S0x31b4S0x2075	[0x312c, [0x38c0, nil]]
0x38e9_0x2S0x31b4S0x2075	[0x312c, [0x38c0, nil]]
0x38910x38c0S0x31b4S0x2075	[0x312c, [0x38c0, nil]]
0x388f0x38c0_0x1S0x31b4S0x2075	[0x312c, [0x38c0, nil]]
0x38970x38c0S0x31b4S0x2075	[0x312c, [0x38c0, nil]]
0x3958S0x388f0x38c0S0x31b4S0x2075	[0x312c, [0x38c0, [0x394e, nil]]]
0x395cS0x388f0x38c0S0x31b4S0x2075	[0x312c, [0x38c0, [0x394e, nil]]]
0x395eS0x388f0x38c0S0x31b4S0x2075	[0x312c, [0x38c0, [0x394e, nil]]]
0x395fS0x388f0x38c0S0x31b4S0x2075	[0x312c, [0x38c0, [0x394e, nil]]]
0x3958_0x0S0x388f0x38c0S0x31b4S0x2075	[0x312c, [0x38c0, [0x394e, nil]]]
0x3952S0x388f0x38c0S0x31b4S0x2075	[0x312c, [0x38c0, [0x394e, nil]]]
0x3953S0x388f0x38c0S0x31b4S0x2075	[0x312c, [0x38c0, [0x394e, nil]]]
0x3954S0x388f0x38c0S0x31b4S0x2075	[0x312c, [0x38c0, [0x394e, nil]]]
0x394f_0x0S0x388f0x38c0S0x31b4S0x2075	[0x312c, [0x38c0, [0x394e, nil]]]
0x3916S0x31d7S0x2075	[0x312c, [0x3913, nil]]
0x391bS0x31d7S0x2075	[0x312c, [0x3913, nil]]
0x391eS0x31d7S0x2075	[0x312c, [0x3913, nil]]
0x3920S0x31d7S0x2075	[0x312c, [0x3913, nil]]
0x3922S0x31d7S0x2075	[0x312c, [0x3913, nil]]
0x3925S0x31d7S0x2075	[0x312c, [0x3913, nil]]
0x3928S0x31d7S0x2075	[0x312c, [0x3913, nil]]
0x3929S0x31d7S0x2075	[0x312c, [0x3913, nil]]
0x3936S0x31d7S0x2075	[0x312c, [0x3913, nil]]
0x3937S0x31d7S0x2075	[0x312c, [0x3913, nil]]
0x3938S0x31d7S0x2075	[0x312c, [0x3913, nil]]
0x3933_0x2S0x31d7S0x2075	[0x312c, [0x3913, nil]]
0x392eS0x31d7S0x2075	[0x312c, [0x3913, nil]]
0x3930S0x31d7S0x2075	[0x312c, [0x3913, nil]]
0x3932S0x31d7S0x2075	[0x312c, [0x3913, nil]]
0x393dS0x31d7S0x2075	[0x312c, [0x3913, nil]]
0x3941S0x31d7S0x2075	[0x312c, [0x3913, nil]]
0x3943S0x31d7S0x2075	[0x312c, [0x3913, nil]]
0x3946S0x31d7S0x2075	[0x312c, [0x3913, nil]]
0x3948S0x31d7S0x2075	[0x312c, [0x3913, nil]]
0x394aS0x31d7S0x2075	[0x312c, [0x3913, nil]]
0x393c_0x1S0x31d7S0x2075	[0x312c, [0x3913, nil]]
0x393c_0x2S0x31d7S0x2075	[0x312c, [0x3913, nil]]
0x38910x3913S0x31d7S0x2075	[0x312c, [0x3913, nil]]
0x388f0x3913_0x1S0x31d7S0x2075	[0x312c, [0x3913, nil]]
0x38970x3913S0x31d7S0x2075	[0x312c, [0x3913, nil]]
0x3958S0x388f0x3913S0x31d7S0x2075	[0x312c, [0x3913, [0x394e, nil]]]
0x395cS0x388f0x3913S0x31d7S0x2075	[0x312c, [0x3913, [0x394e, nil]]]
0x395eS0x388f0x3913S0x31d7S0x2075	[0x312c, [0x3913, [0x394e, nil]]]
0x395fS0x388f0x3913S0x31d7S0x2075	[0x312c, [0x3913, [0x394e, nil]]]
0x3958_0x0S0x388f0x3913S0x31d7S0x2075	[0x312c, [0x3913, [0x394e, nil]]]
0x3952S0x388f0x3913S0x31d7S0x2075	[0x312c, [0x3913, [0x394e, nil]]]
0x3953S0x388f0x3913S0x31d7S0x2075	[0x312c, [0x3913, [0x394e, nil]]]
0x3954S0x388f0x3913S0x31d7S0x2075	[0x312c, [0x3913, [0x394e, nil]]]
0x394f_0x0S0x388f0x3913S0x31d7S0x2075	[0x312c, [0x3913, [0x394e, nil]]]
0x2083	nil
0xf1b	nil
0x3d8	nil
0x119c	nil
0x25a6	nil
0x1a04	nil
0x280e	nil
0x350e	nil
0x36cb	nil
0x7b	nil
0xac	nil
0xf3	nil
0x124	nil
0x176	nil
0x1a7	nil
0x1ee	nil
0x24b	nil
0x284	nil
0x33c	nil
0x35b	nil
0x41a	nil
0x5db	nil
0x601	nil
0x62d	nil
0x65b	nil
0x77e	nil
0x7f4	nil
0x820	nil
0x84e	nil
0x8d1	nil
0x8ee	nil
0x947	nil
0x986	nil
0x9d0	nil
0x9d8	nil
0xa1a	nil
0xa40	nil
0xa6c	nil
0xa9a	nil
0xb74	nil
0xb91	nil
0xbef	nil
0xc15	nil
0xc3b	nil
0xcb9	nil
0xcc1	nil
0xcde	nil
0xd3d	nil
0xd69	nil
0xd97	nil
0xe60	nil
0xe68	nil
0xeae	nil
0xfa4	nil
0xfeb	nil
0x1039	nil
0x1085	nil
0x10f1	nil
0x10fb	nil
0x1275	nil
0x12fb	nil
0x133a	nil
0x1439	nil
0x15d1	nil
0x1696	nil
0x16b5	nil
0x16bd	nil
0x17ad	nil
0x1856	nil
0x18b4	nil
0x1907	nil
0x1b00	nil
0x1c48	nil
0x1c57	nil
0x1d8a	nil
0x1ea9	nil
0x1f53	nil
0x201f	nil
0x208f	nil
0x20d1	nil
0x20ef	nil
0x21b0	nil
0x228d	nil
0x2309	nil
0x2352	nil
0x2390	nil
0x2395	nil
0x23a4	nil
0x23dd	nil
0x2496	nil
0x26ad	nil
0x26d2	nil
0x26ea	nil
0x2786	nil
0x27fc	nil
0x289c	nil
0x28db	nil
0x2917	nil
0x2c7a	nil
0x312b	nil
0x338a	nil
0x3411	nil
0x3450	nil
0x346a	nil
0x34fc	nil
0x359d	nil
0x3968	nil
0x3978	nil
0x398c	nil
0x3996	nil
0x39c6	nil
0x39e0	nil
0x39f8	nil
0x4243	nil
0x4267	nil
0x428b	nil
0x42b1	nil
0x42d7	nil
0x42fa	nil
0x4374	nil
0x4397	nil
0x43ba	nil
0x442a	nil
0x3950x33f	nil
0x3950x821	nil
0x7ba0x65c	nil
0x7ba0x84f	nil
0xe810x220	nil
0xe810x65c	nil
0xe8b0x220	nil
0xe8b0x65c	nil
0x24ae0xc3c	nil
0x24ae0xd3e	nil
0x24ae0x2497	nil
0x24d10xc3c	nil
0x24d10xd3e	nil
0x24d10x2497	nil
0x24ff0xd6a	nil
0x29a50x27fd	nil
0x29a50x34fd	nil
0x29ef0x27fd	nil
0x29ef0x34fd	nil
0x42200x220	nil
0x42200x65c	nil
0x43df0xc3c	nil
0x43df0xd3e	nil
0x44040xc3c	nil
0x44040xd3e	nil
0x3dd3	nil
0x3e58	nil
0x3e79	nil
0x3ecb	nil
0x3eec	nil
0x3f0d	nil
0x3f61	nil
0x3fbd	nil
0x3fde	nil
0x3fff	nil
0x4020	nil
0x40a5	nil
0x40c6	nil
0x40e7	nil
0x4143	nil
0x41ca	nil
0xb	nil
0x2a	nil
0x35	nil
0xb8	nil
0x130	nil
0x13b	nil
0x1b3	nil
0x231	nil
0x26f	nil
0x2aa	nil
0x2c4	nil
0x2d6	nil
0x2f7	nil
0x350	nil
0x3ea	nil
0x42c	nil
0x45f	nil
0x471	nil
0x492	nil
0x4e1	nil
0x4f3	nil
0x514	nil
0x563	nil
0x575	nil
0x596	nil
0x5ed	nil
0x613	nil
0x63f	nil
0x66d	nil
0x687	nil
0x699	nil
0x6ba	nil
0x709	nil
0x71b	nil
0x73c	nil
0x7e0	nil
0x806	nil
0x83a	nil
0x860	nil
0x88f	nil
0x8a1	nil
0x8c2	nil
0x8e3	nil
0x938	nil
0x977	nil
0x9b0	nil
0xa06	nil
0xa2c	nil
0xa52	nil
0xa7e	nil
0xaac	nil
0xae2	nil
0xaf4	nil
0xb15	nil
0xb32	nil
0xb44	nil
0xb65	nil
0xb86	nil
0xbdb	nil
0xc01	nil
0xc27	nil
0xc4d	nil
0xc77	nil
0xc89	nil
0xcaa	nil
0xcd3	nil
0xd23	nil
0xd4f	nil
0xd7b	nil
0xda9	nil
0xde8	nil
0xdfa	nil
0xe1b	nil
0xec1	nil
0xf2c	nil
0xf90	nil
0xfd1	nil
0xfd9	nil
0x100d	nil
0x1023	nil
0x10a7	nil
0x110a	nil
0x114a	nil
0x1192	nil
0x11a1	nil
0x11e4	nil
0x11f0	nil
0x120a	nil
0x12ec	nil
0x132b	nil
0x1377	nil
0x13d4	nil
0x1451	nil
0x14ab	nil
0x1506	nil
0x1561	nil
0x15dd	nil
0x1629	nil
0x1648	nil
0x1667	nil
0x1674	nil
0x1688	nil
0x16a1	nil
0x16d0	nil
0x171b	nil
0x17c5	nil
0x1811	nil
0x1899	nil
0x18a1	nil
0x18d6	nil
0x1922	nil
0x196e	nil
0x19c2	nil
0x1a5d	nil
0x1a8b	nil
0x1ace	nil
0x1af2	nil
0x1b18	nil
0x1b66	nil
0x1c6a	nil
0x1cb5	nil
0x1d23	nil
0x1d9d	nil
0x1de8	nil
0x1e40	nil
0x1ec1	nil
0x1f0d	nil
0x1f65	nil
0x2037	nil
0x2102	nil
0x2158	nil
0x21c3	nil
0x2220	nil
0x22a5	nil
0x22ee	nil
0x22fc	nil
0x230e	nil
0x23f5	nil
0x2441	nil
0x24a7	nil
0x250e	nil
0x254d	nil
0x259c	nil
0x25ab	nil
0x25f0	nil
0x26b5	nil
0x26dd	nil
0x26ff	nil
0x2722	nil
0x273a	nil
0x2761	nil
0x2814	nil
0x288d	nil
0x28cc	nil
0x2908	nil
0x292b	nil
0x2965	nil
0x2977	nil
0x2985	nil
0x2993	nil
0x2a7a	nil
0x2ae1	nil
0x3216	nil
0x3235	nil
0x3254	nil
0x3262	nil
0x329e	nil
0x32e7	nil
0x3336	nil
0x3376	nil
0x3402	nil
0x3441	nil
0x3514	nil
0x358e	nil
0x35b1	nil
0x35e9	nil
0x35fb	nil
0x3609	nil
0x3617	nil
0x3637	nil
0x36a3	nil
0x36d7	nil
0x3974	nil
0x3992	nil
0x39be	nil
0x39d8	nil
0x39f1	nil
0x464b	nil
0x464d	nil
0x464f	nil
0x4651	nil
0x4653	nil
0x4655	nil
0x4657	nil
0x4659	nil
0x465b	nil
0x465d	nil
0x465f	nil
0x4661	nil
0x4663	nil
0x4665	nil
0x4667	nil
0x4669	nil
0x466b	nil
0x466d	nil
0x466f	nil
0x4671	nil
0x4673	nil
0x4675	nil
0x4677	nil
0x4679	nil
0x467b	nil
0x467d	nil
0x467f	nil
0x4681	nil
0x4683	nil
0x4685	nil
0x4687	nil
0x4689	nil
0x468b	nil
0x468d	nil
0x468f	nil
0x4691	nil
0x4693	nil
0x3860x33f	nil
0x3860x821	nil
0x3a90x33f	nil
0x3a90x821	nil
0x7ab0x65c	nil
0x7ab0x84f	nil
0xe7a0x220	nil
0xe7a0x65c	nil
0x24a70xc3c	nil
0x24a70xd3e	nil
0x29a00x27fd	nil
0x29a00x34fd	nil
0x29e00x27fd	nil
0x29e00x34fd	nil
0x2a030x27fd	nil
0x2a030x34fd	nil
0x99e	nil
0xbc9	nil
0xd11	nil
0x3d7f	nil
0x3db2	nil
0x3e06	nil
0x3e37	nil
0x3eaa	nil
0x3f40	nil
0x3f9c	nil
0x4051	nil
0x4084	nil
0x4122	nil
0x4176	nil
0x41a9	nil
0x41fb	nil
0x3d00x33f	nil
0x3d00x821	nil
0x7ce0x65c	nil
0x7ce0x84f	nil
0x21f	nil
0x235	nil
0x273	nil
0x2ae	nil
0x2c8	nil
0x2da	nil
0x2fb	nil
0x354	nil
0x3ee	nil
0x430	nil
0x463	nil
0x475	nil
0x496	nil
0x4e5	nil
0x4f7	nil
0x518	nil
0x567	nil
0x579	nil
0x59a	nil
0x5f1	nil
0x617	nil
0x643	nil
0x671	nil
0x68b	nil
0x69d	nil
0x6be	nil
0x70d	nil
0x71f	nil
0x740	nil
0x7e4	nil
0x80a	nil
0x83e	nil
0x864	nil
0x893	nil
0x8a5	nil
0x8c6	nil
0x8e7	nil
0x9b4	nil
0xa0a	nil
0xa30	nil
0xa56	nil
0xa82	nil
0xab0	nil
0xae6	nil
0xaf8	nil
0xb19	nil
0xb36	nil
0xb48	nil
0xb69	nil
0xb8a	nil
0xbdf	nil
0xc05	nil
0xc2b	nil
0xc51	nil
0xc7b	nil
0xc8d	nil
0xcae	nil
0xcd7	nil
0xd27	nil
0xd53	nil
0xd7f	nil
0xdad	nil
0xdec	nil
0xdfe	nil
0xe1f	nil
0xf08	nil
0xf78	nil
0x10e4	nil
0x1140	nil
0x1180	nil
0x11d7	nil
0x1246	nil
0x13b3	nil
0x1418	nil
0x148e	nil
0x14f7	nil
0x1552	nil
0x1597	nil
0x1613	nil
0x162d	nil
0x170c	nil
0x1751	nil
0x1802	nil
0x184d	nil
0x195f	nil
0x19ba	nil
0x19f8	nil
0x1b57	nil
0x1ba2	nil
0x1ca6	nil
0x1d01	nil
0x1d66	nil
0x1dd9	nil
0x1e1e	nil
0x1e85	nil
0x1efe	nil
0x1f49	nil
0x1fb1	nil
0x2074	nil
0x2149	nil
0x218e	nil
0x21ff	nil
0x226c	nil
0x22e2	nil
0x234a	nil
0x2432	nil
0x248d	nil
0x2544	nil
0x258a	nil
0x25e1	nil
0x262c	nil
0x2703	nil
0x2969	nil
0x2989	nil
0x2ac6	nil
0x2b2d	nil
0x321a	nil
0x35ed	nil
0x360d	nil
0x3683	nil
0x3c52	nil
0x3c76	nil
0x3c9a	nil
0x3cbe	nil
0x3ce2	nil
0x3d06	nil
0x3d2a	nil
0x3d4e	nil
0x2a2a0x27fd	nil
0x2a2a0x34fd	nil
0x2a610x27fd	nil
0x2a610x34fd	nil
0x1132	nil
0x1172	nil
0x11c9	nil
0x1589	nil
0x1605	nil
0x1743	nil
0x19ea	nil
0x1e10	nil
0x2180	nil
0x2536	nil
0x25d3	nil
0x2a530x27fd	nil
0x2a530x34fd	nil
0x326	nil
0x4be	nil
0x540	nil
0x5c5	nil
0x6e6	nil
0x768	nil
0xe4a	nil
0x1654	nil
0x237f	nil
0x272b	nil
0x3241	nil
0x315	nil
0x31d	nil
0x32e	nil
0x4aa	nil
0x4b2	nil
0x4c6	nil
0x52c	nil
0x534	nil
0x548	nil
0x5b4	nil
0x5bc	nil
0x5cd	nil
0x6d2	nil
0x6da	nil
0x6ee	nil
0x754	nil
0x75c	nil
0x770	nil
0x8ff	nil
0x90d	nil
0x915	nil
0x91b	nil
0x940	nil
0x954	nil
0x95a	nil
0x97f	nil
0xba3	nil
0xbb3	nil
0xbba	nil
0xbbf	nil
0xcf0	nil
0xcf9	nil
0xd06	nil
0xe39	nil
0xe41	nil
0xe52	nil
0xe9c	nil
0xea1	nil
0xece	nil
0xed5	nil
0xedc	nil
0xefd	nil
0xf39	nil
0xf40	nil
0xf47	nil
0xf6d	nil
0xf9c	nil
0xfa0	nil
0xfe3	nil
0xff3	nil
0xffe	nil
0x1027	nil
0x1053	nil
0x1068	nil
0x107b	nil
0x107f	nil
0x1096	nil
0x109b	nil
0x10b4	nil
0x10bb	nil
0x10c2	nil
0x10d9	nil
0x1116	nil
0x1123	nil
0x1127	nil
0x1156	nil
0x1163	nil
0x1167	nil
0x11ad	nil
0x11ba	nil
0x11be	nil
0x1217	nil
0x121e	nil
0x1225	nil
0x123b	nil
0x124c	nil
0x1251	nil
0x12c9	nil
0x12cf	nil
0x12f4	nil
0x1308	nil
0x130e	nil
0x1333	nil
0x1384	nil
0x138b	nil
0x1392	nil
0x13a8	nil
0x13c3	nil
0x13c8	nil
0x13e1	nil
0x13e8	nil
0x13ef	nil
0x140d	nil
0x1427	nil
0x142c	nil
0x1440	nil
0x1445	nil
0x145e	nil
0x1465	nil
0x146c	nil
0x1483	nil
0x14b8	nil
0x14bf	nil
0x14c6	nil
0x14ec	nil
0x1513	nil
0x151a	nil
0x1521	nil
0x1547	nil
0x156d	nil
0x157a	nil
0x157e	nil
0x15e9	nil
0x15f6	nil
0x15fa	nil
0x1636	nil
0x1642	nil
0x16ae	nil
0x16dd	nil
0x16e4	nil
0x16eb	nil
0x1701	nil
0x1727	nil
0x1734	nil
0x1738	nil
0x17b4	nil
0x17b9	nil
0x17d2	nil
0x17d9	nil
0x17e0	nil
0x17f7	nil
0x181e	nil
0x1825	nil
0x182c	nil
0x1842	nil
0x1885	nil
0x1888	nil
0x18ab	nil
0x18bc	nil
0x18c7	nil
0x18f8	nil
0x18fd	nil
0x190e	nil
0x1913	nil
0x192f	nil
0x1936	nil
0x193d	nil
0x1954	nil
0x197b	nil
0x1982	nil
0x1989	nil
0x19af	nil
0x19ce	nil
0x19db	nil
0x19df	nil
0x1a13	nil
0x1a1a	nil
0x1a24	nil
0x1a3b	nil
0x1a3e	nil
0x1a67	nil
0x1a7b	nil
0x1a9a	nil
0x1aa0	nil
0x1abb	nil
0x1ac2	nil
0x1ad8	nil
0x1ae3	nil
0x1b07	nil
0x1b0c	nil
0x1b25	nil
0x1b2c	nil
0x1b33	nil
0x1b4c	nil
0x1b73	nil
0x1b7a	nil
0x1b81	nil
0x1b97	nil
0x1ba8	nil
0x1bad	nil
0x1bf4	nil
0x1bf9	nil
0x1c21	nil
0x1c26	nil
0x1c77	nil
0x1c7e	nil
0x1c85	nil
0x1c9b	nil
0x1cc2	nil
0x1cc9	nil
0x1cd0	nil
0x1cf6	nil
0x1d11	nil
0x1d16	nil
0x1d30	nil
0x1d37	nil
0x1d3e	nil
0x1d5b	nil
0x1d75	nil
0x1d7a	nil
0x1daa	nil
0x1db1	nil
0x1db8	nil
0x1dce	nil
0x1df4	nil
0x1e01	nil
0x1e05	nil
0x1e2e	nil
0x1e33	nil
0x1e4d	nil
0x1e54	nil
0x1e5b	nil
0x1e7a	nil
0x1e94	nil
0x1e99	nil
0x1eb0	nil
0x1eb5	nil
0x1ece	nil
0x1ed5	nil
0x1edc	nil
0x1ef3	nil
0x1f1a	nil
0x1f21	nil
0x1f28	nil
0x1f3e	nil
0x1f72	nil
0x1f7b	nil
0x1f80	nil
0x1fa6	nil
0x1fb8	nil
0x1fbf	nil
0x1fd1	nil
0x1fd4	nil
0x1fec	nil
0x2026	nil
0x202b	nil
0x2044	nil
0x204b	nil
0x2052	nil
0x2069	nil
0x2095	nil
0x209c	nil
0x20a7	nil
0x20e0	nil
0x20e5	nil
0x210f	nil
0x2116	nil
0x211d	nil
0x213e	nil
0x2164	nil
0x2171	nil
0x2175	nil
0x21d0	nil
0x21d7	nil
0x21de	nil
0x21f4	nil
0x220f	nil
0x2214	nil
0x222d	nil
0x2234	nil
0x223b	nil
0x2261	nil
0x227b	nil
0x2280	nil
0x2294	nil
0x2299	nil
0x22b2	nil
0x22b9	nil
0x22c0	nil
0x22d7	nil
0x231b	nil
0x2322	nil
0x2329	nil
0x233f	nil
0x236b	nil
0x2373	nil
0x2387	nil
0x23aa	nil
0x23af	nil
0x23e4	nil
0x23e9	nil
0x2402	nil
0x2409	nil
0x2410	nil
0x2427	nil
0x244e	nil
0x2455	nil
0x245c	nil
0x2482	nil
0x251a	nil
0x2527	nil
0x252b	nil
0x255a	nil
0x2561	nil
0x2568	nil
0x257f	nil
0x25b7	nil
0x25c4	nil
0x25c8	nil
0x25fd	nil
0x2604	nil
0x260b	nil
0x2621	nil
0x2632	nil
0x2639	nil
0x2661	nil
0x2667	nil
0x26c0	nil
0x26c4	nil
0x26ce	nil
0x270c	nil
0x271c	nil
0x27a7	nil
0x27b4	nil
0x27bc	nil
0x27c2	nil
0x27c7	nil
0x27cc	nil
0x2837	nil
0x2847	nil
0x2856	nil
0x286a	nil
0x2870	nil
0x2895	nil
0x28a9	nil
0x28af	nil
0x28d4	nil
0x28e8	nil
0x28ee	nil
0x2910	nil
0x293f	nil
0x2a87	nil
0x2a8e	nil
0x2a95	nil
0x2abb	nil
0x2aee	nil
0x2af5	nil
0x2afc	nil
0x2b22	nil
0x2b40	nil
0x2b47	nil
0x2b72	nil
0x2b7f	nil
0x2b88	nil
0x2b8e	nil
0x2b91	nil
0x2b95	nil
0x2bd6	nil
0x2bdd	nil
0x2c1e	nil
0x2c23	nil
0x2c2e	nil
0x2c33	nil
0x305e	nil
0x3065	nil
0x307f	nil
0x309b	nil
0x30c5	nil
0x30cc	nil
0x30ec	nil
0x30f0	nil
0x3223	nil
0x322f	nil
0x326e	nil
0x3274	nil
0x32ae	nil
0x32b4	nil
0x32f3	nil
0x32f9	nil
0x3346	nil
0x334c	nil
0x3383	nil
0x33df	nil
0x33e5	nil
0x340a	nil
0x341e	nil
0x3424	nil
0x3449	nil
0x3470	nil
0x3475	nil
0x3487	nil
0x348c	nil
0x34a4	nil
0x34a9	nil
0x3537	nil
0x3547	nil
0x3556	nil
0x355c	nil
0x3562	nil
0x356e	nil
0x3574	nil
0x3596	nil
0x35c5	nil
0x3644	nil
0x364b	nil
0x3652	nil
0x3678	nil
0x3a08	nil
0x3d75	nil
0x3da8	nil
0x3dfc	nil
0x3e2d	nil
0x3ea0	nil
0x3f36	nil
0x3f92	nil
0x4047	nil
0x407a	nil
0x4118	nil
0x416c	nil
0x419f	nil
0x41f1	nil
0x3650x33f	nil
0x36b0x33f	nil
0x3650x821	nil
0x36b0x821	nil
0x38e0x33f	nil
0x38e0x821	nil
0x3bd0x33f	nil
0x3bd0x821	nil
0x7880x65c	nil
0x78e0x65c	nil
0x7880x84f	nil
0x78e0x84f	nil
0x7b30x65c	nil
0x7b30x84f	nil
0x24b50xc3c	nil
0x24ba0xc3c	nil
0x24b50xd3e	nil
0x24ba0xd3e	nil
0x24b50x2497	nil
0x24ba0x2497	nil
0x24e20xd6a	nil
0x24e90xd6a	nil
0x24f40xd6a	nil
0x24f80xd6a	nil
0x29b30x27fd	nil
0x29c00x27fd	nil
0x29c60x27fd	nil
0x29b30x34fd	nil
0x29c00x34fd	nil
0x29c60x34fd	nil
0x29e80x27fd	nil
0x29e80x34fd	nil
0x2a170x27fd	nil
0x2a170x34fd	nil
0x2a370x27fd	nil
0x2a440x27fd	nil
0x2a480x27fd	nil
0x2a370x34fd	nil
0x2a440x34fd	nil
0x2a480x34fd	nil
0x2779	nil
0x126e	nil
0x1438	nil
0x15b7	nil
0x15c4	nil
0x15d0	nil
0x17ac	nil
0x1c46	nil
0x1d89	nil
0x1ea8	nil
0x1fe7	nil
0x21af	nil
0x228c	nil
0x265c	nil
0x27e6	nil
0x27ed	nil
0x27f7	nil
0x2b3b	nil
0x2b6a	nil
0x2bbf	nil
0x2bd1	nil
0x2c46	nil
0x2c4d	nil
0x2c53	nil
0x307b	nil
0x3089	nil
0x3090	nil
0x3096	nil
0x30c2	nil
0x30d4	nil
0x30e7	nil
0x3290	nil
0x32ca	nil
0x32d1	nil
0x32d7	nil
0x3326	nil
0x3357	nil
0x336a	nil
0x34d2	nil
0x2c78	nil
0x34fa	nil
0x178c	nil
0x201c	nil
0x1350	nil
0x1bef	nil
0x269a	nil
0x2c0a	nil
0x3128	nil
0x3466	nil
0x397e	nil
0x39a3	nil
0x135d	nil
0x1c1b	nil
0x26a7	nil
0x2c28	nil
0x30a7	nil
0x30b5	nil
0x330f	nil
0x331d	nil
0x3481	nil
0x349e	nil
0x34b7	nil
0x34c5	nil
0x4696	nil
0x4699	nil
0x469c	nil
0x469f	nil
0x46a2	nil
0x46a5	nil
0x46a8	nil
0x46ab	nil
0x46ae	nil
0x46b1	nil
0x46b4	nil
0x46b7	nil
0x46ba	nil
0x46bd	nil
0x46c0	nil
0x46c3	nil
0x46c6	nil
0x46c9	nil
0x46cc	nil
0x46cf	nil
0x46d2	nil
0x46d5	nil
0x46d8	nil
0x46db	nil
0x46de	nil
0x46e1	nil
0x46e4	nil
0x46e7	nil
0x46ea	nil
0x46ed	nil
0x46f0	nil
0x46f3	nil
0x46f6	nil
0x46f9	nil
0x46fc	nil
0x46ff	nil
0x4702	nil
0x18e9	nil
0x278f	nil
0x36bc	nil
0x36df	nil
0x3a0d	nil
0x4323	nil
0x434c	nil
0x444e	nil
0x4475	nil
0x449b	nil
0x450c	nil
0x4531	nil
0x4559	nil
0x45c1	nil
0x45e3	nil
0x4605	nil
0x4627	nil
0x4649	nil
0x2ad00x27fd	nil
0x2ad00x34fd	nil
0x43df0x2497	nil
0x44040x2497	nil
0x11f1	nil
0x1675	nil
0x1689	nil
0x16a2	nil
0x22fd	nil
0x2762	nil
0x3263	nil
0x329f	nil
0x32e8	nil
0x3337	nil
0x3377	nil
0x3689S0x27fd	[0x3684, nil]
0x2c95S0x19f9	[0x2c7b, nil]
0x2cdbS0x19f9	[0x2c7b, nil]
0x2d6cS0x19f9	[0x2c7b, nil]
0x2d25S0x19f9	[0x2c7b, nil]
0x2d2cS0x19f9	[0x2c7b, nil]
0x2d54S0x19f9	[0x2c7b, nil]
0x2d60S0x19f9	[0x2c7b, nil]
0x2d20S0x19f9	[0x2c7b, nil]
0x2d4bS0x19f9	[0x2c7b, nil]
0x2d6dS0x19f9	[0x2c7b, nil]
0x2e05S0x19f9	[0x2c7b, nil]
0x2e1fS0x19f9	[0x2c7b, nil]
0x2c91S0x19f9	[0x2c7b, nil]
0x2cb0S0x19f9	[0x2c7b, nil]
0x2c9eS0x19f9	[0x2c7b, nil]
0x2caaS0x19f9	[0x2c7b, nil]
0x2cd7S0x19f9	[0x2c7b, nil]
0x2cf6S0x19f9	[0x2c7b, nil]
0x2ce4S0x19f9	[0x2c7b, nil]
0x2cf0S0x19f9	[0x2c7b, nil]
0x2e87S0x19f9	[0x2c7b, nil]
0x2e8dS0x19f9	[0x2c7b, nil]
0x2e04S0x19f9	[0x2c7b, nil]
0x2d84S0x19f9	[0x2c7b, nil]
0x2d96S0x19f9	[0x2c7b, nil]
0x2d9fS0x19f9	[0x2c7b, nil]
0x2da3S0x19f9	[0x2c7b, nil]
0x2dd5S0x19f9	[0x2c7b, nil]
0x2df6S0x19f9	[0x2c7b, nil]
0x2e1eS0x19f9	[0x2c7b, nil]
0x2e10S0x19f9	[0x2c7b, nil]
0x2e32S0x19f9	[0x2c7b, nil]
0x2e2bS0x19f9	[0x2c7b, nil]
0x2d15S0x19f9	[0x2c7b, nil]
0x2ec6S0x19f9	[0x2c7b, nil]
0x2eccS0x19f9	[0x2c7b, nil]
0x2eaaS0x19f9	[0x2c7b, nil]
0x2f21S0x19f9	[0x2c7b, nil]
0x2f26S0x19f9	[0x2c7b, nil]
0x2f0eS0x19f9	[0x2c7b, nil]
0x2f2bS0x19f9	[0x2c7b, nil]
0x2ee9S0x19f9	[0x2c7b, nil]
0x2f35S0x19f9	[0x2c7b, nil]
0x2cbcS0x19f9	[0x2c7b, nil]
0x2d02S0x19f9	[0x2c7b, nil]
0x2eb9S0x19f9	[0x2c7b, nil]
0x2eb2S0x19f9	[0x2c7b, nil]
0x2ef8S0x19f9	[0x2c7b, nil]
0x2ef1S0x19f9	[0x2c7b, nil]
0x3689S0x34fd	[0x3684, nil]
0x37c7S0x36bd	[0x36e0, nil]
0x37b8S0x36bd	[0x36e0, nil]
0x37bbS0x36bd	[0x36e0, nil]
0x37c3S0x36bd	[0x36e0, nil]
0x37eaS0x36bd	[0x36e0, nil]
0x3800S0x36bd	[0x36e0, nil]
0x36f8S0x36bd	[0x36e0, nil]
0x3702S0x36bd	[0x36e0, nil]
0x3709S0x36bd	[0x36e0, nil]
0x3723S0x36bd	[0x36e0, nil]
0x37a6S0x36bd	[0x36e0, nil]
0x3780S0x36bd	[0x36e0, nil]
0x3750S0x36bd	[0x36e0, nil]
0x37dcS0x36bd	[0x36e0, nil]
0x37fcS0x36bd	[0x36e0, nil]
0x3812S0x36bd	[0x36e0, nil]
0x3766S0x36bd	[0x36e0, nil]
0x3754S0x36bd	[0x36e0, nil]
0x108fS0x3d1	[0x1086, nil]
0x24e2S0x1193	[0x24d2, nil]
0x24e9S0x1193	[0x24d2, nil]
0x24f4S0x1193	[0x24d2, nil]
0x24f8S0x1193	[0x24d2, nil]
0x24ffS0x1193	[0x24d2, nil]
0x24e2S0x259d	[0x24d2, nil]
0x24e9S0x259d	[0x24d2, nil]
0x24f4S0x259d	[0x24d2, nil]
0x24f8S0x259d	[0x24d2, nil]
0x24ffS0x259d	[0x24d2, nil]
0x3848S0xf09	[0x3813, nil]
0x3844S0xf09	[0x3813, nil]
0x3840S0xf09	[0x3813, nil]
0x382bS0xf09	[0x3813, nil]
0x3851S0xf09	[0x3813, nil]
0x3870S0xf09	[0x3813, nil]
0x386aS0xf09	[0x3813, nil]
0x387cS0xf09	[0x3813, nil]
0x3861S0xf09	[0x3813, nil]
0x385dS0xf09	[0x3813, nil]
0x388eS0xf09	[0x3813, nil]
0x3880S0xf09	[0x3813, nil]
0x389a0x3813S0xf09	[0x3813, nil]
0x457c0x3813S0xf09	[0x3813, nil]
0x3962S0x388f0x3813S0xf09	[0x3813, [0x394e, nil]]
0x395bS0x388f0x3813S0xf09	[0x3813, [0x394e, nil]]
0x459fS0x388f0x3813S0xf09	[0x3813, [0x394e, nil]]
0x3957S0x388f0x3813S0xf09	[0x3813, [0x394e, nil]]
0x2faeS0x1ba3	[0x2f36, nil]
0x2f74S0x1ba3	[0x2f36, nil]
0x2f81S0x1ba3	[0x2f36, nil]
0x2fb2S0x1ba3	[0x2f36, nil]
0x2fc6S0x1ba3	[0x2f36, nil]
0x2fc2S0x1ba3	[0x2f36, nil]
0x2fdcS0x1ba3	[0x2f36, nil]
0x3039S0x1ba3	[0x2f36, nil]
0x304dS0x1ba3	[0x2f36, nil]
0x3049S0x1ba3	[0x2f36, nil]
0x2f47S0x1ba3	[0x2f36, nil]
0x2f4eS0x1ba3	[0x2f36, nil]
0x2f66S0x1ba3	[0x2f36, nil]
0x44c0S0x1ba3	[0x2f36, nil]
0x2fbdS0x1ba3	[0x2f36, nil]
0x2fd8S0x1ba3	[0x2f36, nil]
0x2fe4S0x1ba3	[0x2f36, nil]
0x44e5S0x1ba3	[0x2f36, nil]
0x3044S0x1ba3	[0x2f36, nil]
0x3035S0x1ba3	[0x2f36, nil]
0x3005S0x1ba3	[0x2f36, nil]
0x300cS0x1ba3	[0x2f36, nil]
0x3012S0x1ba3	[0x2f36, nil]
0x3018S0x1ba3	[0x2f36, nil]
0x3058S0x1ba3	[0x2f36, nil]
0x3689S0x2f36S0x1ba3	[0x2f36, [0x3684, nil]]
0x38bcS0x3059	[0x389f, nil]
0x38aaS0x3059	[0x389f, nil]
0x38a6S0x3059	[0x389f, nil]
0x38bfS0x3059	[0x389f, nil]
0x3962S0x389fS0x3059	[0x389f, [0x394e, nil]]
0x395bS0x389fS0x3059	[0x389f, [0x394e, nil]]
0x459fS0x389fS0x3059	[0x389f, [0x394e, nil]]
0x3957S0x389fS0x3059	[0x389f, [0x394e, nil]]
0x38bcS0x346b	[0x389f, nil]
0x38aaS0x346b	[0x389f, nil]
0x38a6S0x346b	[0x389f, nil]
0x38bfS0x346b	[0x389f, nil]
0x3962S0x389fS0x346b	[0x389f, [0x394e, nil]]
0x395bS0x389fS0x346b	[0x389f, [0x394e, nil]]
0x459fS0x389fS0x346b	[0x389f, [0x394e, nil]]
0x3957S0x389fS0x346b	[0x389f, [0x394e, nil]]
0x38bcS0x30a8	[0x389f, nil]
0x38aaS0x30a8	[0x389f, nil]
0x38a6S0x30a8	[0x389f, nil]
0x38bfS0x30a8	[0x389f, nil]
0x3962S0x389fS0x30a8	[0x389f, [0x394e, nil]]
0x395bS0x389fS0x30a8	[0x389f, [0x394e, nil]]
0x459fS0x389fS0x30a8	[0x389f, [0x394e, nil]]
0x3957S0x389fS0x30a8	[0x389f, [0x394e, nil]]
0x38bcS0x32e9	[0x389f, nil]
0x38aaS0x32e9	[0x389f, nil]
0x38a6S0x32e9	[0x389f, nil]
0x38bfS0x32e9	[0x389f, nil]
0x3962S0x389fS0x32e9	[0x389f, [0x394e, nil]]
0x395bS0x389fS0x32e9	[0x389f, [0x394e, nil]]
0x459fS0x389fS0x32e9	[0x389f, [0x394e, nil]]
0x3957S0x389fS0x32e9	[0x389f, [0x394e, nil]]
0x38bcS0x3310	[0x389f, nil]
0x38aaS0x3310	[0x389f, nil]
0x38a6S0x3310	[0x389f, nil]
0x38bfS0x3310	[0x389f, nil]
0x3962S0x389fS0x3310	[0x389f, [0x394e, nil]]
0x395bS0x389fS0x3310	[0x389f, [0x394e, nil]]
0x459fS0x389fS0x3310	[0x389f, [0x394e, nil]]
0x3957S0x389fS0x3310	[0x389f, [0x394e, nil]]
0x38bcS0x3482	[0x389f, nil]
0x38aaS0x3482	[0x389f, nil]
0x38a6S0x3482	[0x389f, nil]
0x38bfS0x3482	[0x389f, nil]
0x3962S0x389fS0x3482	[0x389f, [0x394e, nil]]
0x395bS0x389fS0x3482	[0x389f, [0x394e, nil]]
0x459fS0x389fS0x3482	[0x389f, [0x394e, nil]]
0x3957S0x389fS0x3482	[0x389f, [0x394e, nil]]
0x38bcS0x349f	[0x389f, nil]
0x38aaS0x349f	[0x389f, nil]
0x38a6S0x349f	[0x389f, nil]
0x38bfS0x349f	[0x389f, nil]
0x3962S0x389fS0x349f	[0x389f, [0x394e, nil]]
0x395bS0x389fS0x349f	[0x389f, [0x394e, nil]]
0x459fS0x389fS0x349f	[0x389f, [0x394e, nil]]
0x3957S0x389fS0x349f	[0x389f, [0x394e, nil]]
0x38bcS0x34b8	[0x389f, nil]
0x38aaS0x34b8	[0x389f, nil]
0x38a6S0x34b8	[0x389f, nil]
0x38bfS0x34b8	[0x389f, nil]
0x3962S0x389fS0x34b8	[0x389f, [0x394e, nil]]
0x395bS0x389fS0x34b8	[0x389f, [0x394e, nil]]
0x459fS0x389fS0x34b8	[0x389f, [0x394e, nil]]
0x3957S0x389fS0x34b8	[0x389f, [0x394e, nil]]
0x3169S0x2075	[0x312c, nil]
0x315bS0x2075	[0x312c, nil]
0x313fS0x2075	[0x312c, nil]
0x314cS0x2075	[0x312c, nil]
0x3150S0x2075	[0x312c, nil]
0x31a7S0x2075	[0x312c, nil]
0x3199S0x2075	[0x312c, nil]
0x317dS0x2075	[0x312c, nil]
0x318aS0x2075	[0x312c, nil]
0x318eS0x2075	[0x312c, nil]
0x3133S0x2075	[0x312c, nil]
0x3171S0x2075	[0x312c, nil]
0x31d6S0x2075	[0x312c, nil]
0x31b9S0x2075	[0x312c, nil]
0x31beS0x2075	[0x312c, nil]
0x31c9S0x2075	[0x312c, nil]
0x31f3S0x2075	[0x312c, nil]
0x31ddS0x2075	[0x312c, nil]
0x31e2S0x2075	[0x312c, nil]
0x3200S0x2075	[0x312c, nil]
0x38d9S0x31b4S0x2075	[0x312c, [0x38c0, nil]]
0x38caS0x31b4S0x2075	[0x312c, [0x38c0, nil]]
0x38c6S0x31b4S0x2075	[0x312c, [0x38c0, nil]]
0x38e8S0x31b4S0x2075	[0x312c, [0x38c0, nil]]
0x3912S0x31b4S0x2075	[0x312c, [0x38c0, nil]]
0x3902S0x31b4S0x2075	[0x312c, [0x38c0, nil]]
0x389a0x38c0S0x31b4S0x2075	[0x312c, [0x38c0, nil]]
0x457c0x38c0S0x31b4S0x2075	[0x312c, [0x38c0, nil]]
0x3962S0x388f0x38c0S0x31b4S0x2075	[0x312c, [0x38c0, [0x394e, nil]]]
0x395bS0x388f0x38c0S0x31b4S0x2075	[0x312c, [0x38c0, [0x394e, nil]]]
0x459fS0x388f0x38c0S0x31b4S0x2075	[0x312c, [0x38c0, [0x394e, nil]]]
0x3957S0x388f0x38c0S0x31b4S0x2075	[0x312c, [0x38c0, [0x394e, nil]]]
0x392cS0x31d7S0x2075	[0x312c, [0x3913, nil]]
0x391dS0x31d7S0x2075	[0x312c, [0x3913, nil]]
0x3919S0x31d7S0x2075	[0x312c, [0x3913, nil]]
0x393bS0x31d7S0x2075	[0x312c, [0x3913, nil]]
0x394dS0x31d7S0x2075	[0x312c, [0x3913, nil]]
0x393fS0x31d7S0x2075	[0x312c, [0x3913, nil]]
0x389a0x3913S0x31d7S0x2075	[0x312c, [0x3913, nil]]
0x457c0x3913S0x31d7S0x2075	[0x312c, [0x3913, nil]]
0x3962S0x388f0x3913S0x31d7S0x2075	[0x312c, [0x3913, [0x394e, nil]]]
0x395bS0x388f0x3913S0x31d7S0x2075	[0x312c, [0x3913, [0x394e, nil]]]
0x459fS0x388f0x3913S0x31d7S0x2075	[0x312c, [0x3913, [0x394e, nil]]]
0x3957S0x388f0x3913S0x31d7S0x2075	[0x312c, [0x3913, [0x394e, nil]]]
