0x22c
0x24d
0x28f
0x3fd
0x44c
0x4d1
0x507
0x66c
0x72b
0x74c
0x783
0x811
0x832
0x868
0x8bf
0x916
0x937
0x94c
0x999
0xa40
0xab6
0xb03
0xd33
0xe57
0xea4
0xf5d
0xfd3
0x1020
0x12c0
0x12f7
0x138e
0x14af
0x14fc
0x15b5
0x1656
0x16a3
0x16f3
0x170c
0x1789
0x17c0
0x1875
0x18fd
0x190f
0x1971
0x1a1a
0x1a67
0x1b0e
0x1bdf
0x1c2c
0x1c35
0x1c82
0x1cae
0x1ce4
0x1d57
0x1e28
0x1e75
0x1e7e
0x1f11
0x1f45
0x1fea
0x201e
0x2055
0x2087
0x20be
0x20e9
0x2118
0x21ab
0x21df
0x2272
0x22a6
0x22dc
0x2307
0x23ac
0x23e0
0x2485
0x252a
0x2555
0x25b7
0x2636
0x2698
0x273d
0x27e2
0x280d
0x286f
0x2914
0x29b9
0x29e4
0x2a46
0x2ac5
0x2bc0
0x3994
0x3997
0x399a
0x399d
0x39a0
0x39a3
0x39a6
0x39a9
0x39ac
0x39af
0x39b2
0x39b5
0x39b8
0x39bb
0x39be
0x39c1
0x39c4
0x39c7
0x39ca
0x39cd
0x39d0
0x39d3
0x39d6
0x39d9
0x39dc
0x39df
0x39e2
0x39e5
0x39e8
0x39eb
0x39ee
0x39f1
0x39f4
0x39f7
0x39fa
0x39fd
0x3a00
0x3a03
0x3a06
0x3a09
0x3a0c
0x3a0f
