0x99	0x15a	0x460
0xfd	0x20c	0x4bc
