0x54	0xfe	0x8e3	0x8e3
0x5d	0xfe	0x904	0x904
0x71	0x6d6	0x80	0x925
0x71	0x6d6	0x925	0x925
0x85	0x6f1	0x93	0x946
0x85	0x6f1	0x946	0x946
0xa4	0x1d0	0x967	0x967
0xd5	0x6d6	0xe4	0x9a2
0xd5	0x6d6	0x9a2	0x9a2
0xf5	0x235	0x9c3	0x9c3
0xfe	0x292	0x106	0x106
0x106	0x331	0x111	0x9fe
0x106	0x331	0x9fe	0x9fe
0x118	0x35f	0x120	0x120
0x13a	0x392	0xa1f	0xa1f
0x157	0xfe	0xa41	0xa41
0x15f	0x35f	0x167	0x167
0x181	0x392	0xa63	0xa63
0x1c8	0xfe	0xa87	0xa87
0x1d0	0x35f	0x1da	0x1da
0x1f4	0x331	0xaab	0xaab
0x200	0xfe	0x208	0x208
0x20b	0x35f	0x213	0x213
0x22d	0x3bd	0xacf	0xacf
0x235	0x35f	0x23f	0x23f
0x259	0x35f	0xaf1	0xaf1
0x260	0x411	0xb15	0xb15
0x292	0x35f	0x29a	0x29a
0x331	0x4e5	0xb5c	0xb5c
0x392	0x50d	0x39b	0x39b
0x3ae	0x260	0xba4	0xba4
0x3bd	0x35f	0x3e6	0x3e6
0x3e6	0x54d	0xbc9	0xbc9
0x470	0x7a0	0x48b	0x48b
0x4cb	0x5f6	0x4db	0x4db
0x50d	0x62f	0x516	0x516
0x615	0x7bc	0x328	0x328
0x6e8	0x6ba	0xc11	0xc11
0x706	0x6ba	0x70f	0x70f
0x7a0	0x774	0x7b2	0x7b2
0x7bc	0x774	0x7db	0x7db
